2.691684157891962026e-01
-6.186527695625184675e-01
-3.352510727741351282e-01
-2.211873866874310701e-01
-3.659486705473157797e-01
-1.265525927554858709e+00
-3.211399900844763566e-01
-4.048537401235069444e-01
3.305667629833264343e+00
1.019056358392028128e-01
6.912637014085709630e-02
-3.776602005261355810e-01
-1.284910232303390965e+00
-7.734015410862691287e-01
-1.730432722859434336e-01
-5.107837256021414696e-01
4.978659422184486538e-01
2.001364965064317825e-01
1.226102908066952324e+00
-1.003906384742176527e+00
-2.837714798438433772e-01
-3.176730208375684317e-01
1.882262389515868994e+00
-1.159384308385355888e+00
-1.322226580086768299e-01
1.323794212796343128e+00
7.713123120927086740e-01
-3.357024539097999694e-01
4.246506581048505868e-01
5.282997241666463617e-02
-6.890042348407161565e-01
-1.498249010790084212e-03
-1.985479376840695309e-01
-7.018369841186231639e-01
2.548965565883155593e-01
4.569029050470450048e-01
4.112228203483461048e-02
2.045312289550285378e-01
6.150807123292884038e-02
6.370917479494607738e-01
-2.029701753223765781e+00
2.534299811305612771e+00
1.671753610086318120e-01
-3.760164233626764885e-01
3.311673323032160443e-01
-1.858516415719189130e-01
-5.631583423393281551e-01
2.360848450612101357e-01
8.162780949518969598e-01
5.722916974372640464e-01
1.088246842872470088e-01
-3.376843879764380163e-01
8.094403364704473303e-01
-3.114508190892137374e-01
6.681981288650181705e-01
-1.177155514685915616e+00
1.239428358342583580e+00
-8.520900818410797051e-01
-3.019785674050188273e-01
1.061901757102841071e+00
-1.078185164110041949e+00
-6.997080721710515760e-01
-7.895885971568461503e-02
1.125277627626875887e+00
-3.405370988403373933e-01
-1.189260164685029264e-01
5.341658859775320067e-01
-4.610601934687419412e-01
2.442801648365344191e-01
-8.800948768424037283e-01
4.447254681003771637e-01
2.545894298489239649e-01
2.374541475846977390e-01
8.867197959421753151e-01
-1.216715586987158204e-01
-1.341880855137270956e+00
1.341266085202182490e+00
-9.067709163158952368e-01
-4.025697029729707332e-01
-4.431399500044274631e-01
1.396470932118486274e+00
-1.840448599017914799e-01
6.331290012866271910e-01
-6.184791639596580737e-01
-2.067850408105665616e-01
3.245972830715961877e-01
6.486845290188345547e-01
-2.108182024685931188e-01
2.977396612778657192e-01
4.428148051884275294e-01
-1.048794448859457162e+00
-1.539340483473881638e-01
9.447791204699645951e-01
-1.540286276628466178e+00
-1.650804078498465666e+00
2.378442459157019684e+00
3.846987486390304745e-01
-7.262843734158814790e-01
-2.052712137204079745e+00
9.202589849739180039e-01
2.070289597036896745e-01
1.205103847347994916e+00
-6.840482164423269396e-01
1.710515477456775235e+00
-3.183719040144536994e-01
-4.155414760960535192e-01
2.659568011129894161e-01
8.198164305386108630e-01
-2.354497395432010975e+00
-1.440407204804578178e+00
-5.710047842926786466e-01
1.658640643293645134e-01
6.324859298993705803e-01
2.487459926203665905e-01
-1.346944839826006879e+00
3.077987970609808333e+00
1.385778146054494231e+00
-2.040687727480525737e-01
5.883270327586918036e-01
-3.052236740925590164e-01
6.591032011507200750e-01
-5.758058584126194424e-01
-4.473699085313086243e+00
-7.139758428438363058e-01
-3.554840327411163403e-01
6.106357159016829843e-03
1.064172612088923886e+00
-3.547277938839926703e-02
1.003305431716129847e+00
-1.856977796730050478e+00
4.446494683399442871e-01
2.281107823765139014e-02
2.709203282068770591e-01
-6.795466577549581499e-01
2.753128098295333781e-01
2.445416719440139941e-01
-3.870783673407269809e-01
-5.742059104478879072e-02
-6.948377983989541262e-02
2.171243600544393582e-01
1.493558062822394339e-01
6.924147564690658063e-01
-4.874540007739273095e-01
-1.972516795562353931e+00
1.353475829865615765e-01
5.335642787056209535e-01
-3.030987884364271245e-01
4.792918195520045055e-01
9.221841581073750849e-01
-9.106635674073528808e-01
1.624201203077948019e+00
-6.181922337717321581e-01
3.779155154642019343e-02
1.483965964292166984e+00
4.929676798514972536e-01
1.277561733117319243e+00
5.039943755037161743e-01
4.785458296972509018e-01
-1.043561976613197051e-01
-6.855195119176230589e-01
4.830161932628858068e-01
1.919128628630085931e+00
2.638151517029500570e-01
-4.234623518313131996e-01
9.687373514987600576e-01
2.237548858871563906e-01
-8.151065886696949592e-02
-9.514957555701032410e-01
-1.371914409537739798e+00
-7.611917660414482256e-01
5.706668179883211955e-02
-1.183551781024954203e-01
-5.816507697432116153e-01
-3.409319193314979679e-01
-1.078835496024353469e-01
-3.484556292908280284e+00
1.706954725418796448e+00
-6.897918076356044370e-01
-1.229661087516334961e+00
1.333105987611604037e+00
-3.389481820358704323e-02
-3.290176948320043260e-01
-4.270982575762340971e-01
2.524782557052401843e-01
-7.718456425179865965e-01
-6.397693763668957923e-01
2.807330184511792198e-02
-8.852995286125213692e-01
-1.241117831514470637e+00
1.614662656314805877e+00
4.681509385423379577e+00
2.425567511606190052e-01
-7.555498085770506744e-01
7.505067989371386715e-03
-2.403511878273744351e+00
-1.722001185577880511e-01
2.025291526202742665e-01
4.051727111847188145e-01
5.709799911079262991e-01
-3.268774098189087818e-01
-6.002305666063736944e-02
-3.580110071108828090e-02
9.822167121340563689e-02
-9.035058642921897643e-02
-2.197996348997833041e-03
-9.364676532530408215e-01
2.814459663880392593e-01
2.973917370464906895e-01
-6.139295234385246103e-02
-1.029109949924707168e+00
-1.285417845009167337e+00
-6.004820302433180323e-01
4.651404083442920445e-01
1.164492358312626763e+00
-9.436541562185794818e-02
-9.362277430446033222e-01
-1.612222896951805151e-01
-4.117819452164062088e-01
-4.204791038106521217e-01
7.029621352591564065e-01
-1.778426771809707763e+00
2.447989104427272244e-01
-2.201992064336661392e-01
2.808072378255670465e-01
-6.080314405524133159e-01
-6.336605831385486720e-01
-9.562342535127550391e-01
-3.911210493469404192e-01
1.380483800393388916e-01
2.010822544236277529e-02
7.976966870513793051e-01
-1.198152482816239761e+00
3.678835959953903334e-01
-3.550691782632665883e-02
-1.715351620000182264e-01
-1.033561038514398955e+00
-7.224272629282038061e-01
8.349809092312510117e-01
-2.195358442794992926e-01
-1.565869506850363191e+00
-1.457840611667808206e+00
2.782171627927036539e+00
-1.735177456057254708e-01
9.223542958395731794e-01
5.101363500117318539e-01
-4.963672040796721641e-01
-9.208527804399927463e-01
-1.221082478112009151e-01
6.822687192706654580e-01
1.037166914541108653e+00
-6.629759925031845080e-01
-1.491631126045713240e-01
3.177438683990370383e-02
2.454899498167821634e-03
-9.456871492294592896e-01
4.726748188418109509e-01
4.477531706653614663e-01
8.983140867207815017e-01
9.387640622648044664e-01
2.399699808317271588e-01
-9.975497646208303371e-01
-4.087566038427637993e-01
2.838315360295092793e-01
4.332762852233055240e-01
4.117454273582999424e-01
