8.983833796758328161e-01
-4.164808887335706422e-01
1.719456947059023744e+00
-1.618733073185331384e-01
4.122711819709837244e-01
-1.349025164802839738e+00
8.287913682233509771e-01
1.213889869173278950e-02
1.374982738811749219e-02
1.494893350127032061e+00
2.654484622481383393e-01
-2.326800202065832934e-01
6.401073622338588898e-01
-1.515214228211262171e+00
-1.561243178509500451e+00
8.557727410422895087e-01
2.578127237894732304e-01
-2.822191595856818891e-01
-2.309136601012432358e-02
-4.674806370894534768e-01
-7.202550241061987657e-02
-9.107055016442182627e-01
5.321363641889866880e-01
-1.397834431289381563e+00
3.928939430428161073e-01
6.378631685328770562e-01
-2.023323330341347467e-02
-1.188903287956720956e+00
1.553683547429393075e-01
6.552652615615854603e-02
1.221916501244968423e+00
9.179541403143602896e-01
1.713122490107764004e-02
-6.165042215887733823e-01
-8.921554650710958878e-01
8.194294590673931733e-01
6.958154768360482745e-01
2.156600495678258900e-01
3.649425202721418016e-01
-6.201148494876833617e-01
-2.184352833351012046e-01
-2.203249565197141990e+00
1.268570791241035722e-01
-4.310479663612591938e-01
-5.765670834388878507e-01
4.885375910110248410e-02
-1.317177018409877443e-01
-9.735925798677129706e-01
5.779544252655654385e-03
9.095262167586006807e-01
-4.984715486359847514e-01
1.329265540097746001e+00
-3.626451823684275766e-01
-3.244241396817213463e-01
5.686338161166524241e-01
1.163108201460208546e+00
-5.667605714921423177e-01
-2.431878727645519489e-01
3.888307459155463386e-01
1.154676605037540105e+00
4.993587213391417201e-01
4.194305639946721009e-01
1.192579694232041021e-01
5.835233904110008751e-01
-5.998773653373137282e-01
-2.015015745107984757e-01
1.420249059078723786e+00
-2.578063587115959621e-01
2.587168672666558811e-01
-6.031163810103778999e-01
-8.203312530611733822e-01
5.678639729885124332e-01
1.716404469183541448e-01
9.400885724547817235e-01
-9.432245568102152200e-01
-7.079438985951646002e-01
3.320340786029364333e-01
1.010880761951990392e+00
3.193675874316811991e-01
-3.990175177602577339e-01
6.156894433415304943e-03
-2.136335150542965966e+00
-6.164730357658095850e-01
-1.821918062601014299e+00
-7.096490012070120201e-01
-6.466525912580612934e-01
-1.865300977099186297e-01
-7.132286769659620385e-01
-5.102969085989252918e-01
-1.447074813701963447e-01
-1.223726294466077058e-01
1.523670844505048194e+00
6.599102974137724953e-01
-1.222232847043149162e+00
-2.899718340330264543e-01
-1.743880064294945353e-01
-2.007383457432465046e-01
-1.274392666376473748e+00
-9.204129009613659651e-01
-1.738210323988520767e-01
-3.306150690236441259e-01
-3.731581009836484886e-01
-3.388327485775773362e-01
5.228870860102583507e-01
-3.399882445232461914e-02
-7.340843089801404320e-01
1.499863289718797343e+00
-1.616098507007129037e-01
7.389679202020177362e-02
1.141245177524551901e-01
2.738919913904411807e-01
6.320990346497599999e-02
6.887193634080632787e-01
3.111410218520652138e-01
-2.399305080788638189e-01
-2.956656253511090737e-01
-9.679478428732130046e-01
-5.875755691888684407e-01
-5.190394188426062927e-01
5.053712853244881620e-01
6.397644793019968690e-01
-8.686412696959600055e-01
-2.987252005344007925e-03
8.715725944096999189e-01
-8.995061383487937823e-01
-5.975254363204066665e-01
4.922327255465601681e-01
8.606118132072357874e-01
9.983767626744733947e-01
-1.348652514030079519e-01
5.530684192894771978e-02
-2.188887424987621677e-01
4.762142768541900995e-01
-9.370841967416176921e-01
7.794041772914941067e-03
-5.528845579456691528e-01
-3.246904568757337517e-02
2.310307359350387557e-01
-1.343473375169632889e-01
-6.435018464837485297e-01
1.511748990924594027e+00
1.431310198572416370e+00
-3.871981778524228313e-01
-3.290671792323324740e-01
-6.869949744991906693e-01
2.095526391683093514e+00
5.481497240434488605e-01
-3.685375258433226109e-01
3.407443799897170722e-01
-8.103095017864655469e-01
1.127572568324743063e+00
4.512255766213987274e-01
3.152125895976954362e-01
-9.337406027130393804e-01
-1.236348494157289535e+00
1.295703981541456384e+00
5.669863369575395273e-01
1.361335952641418712e-01
6.882274560267129804e-01
7.843826022392262898e-01
-1.597093328473462082e+00
-8.337790762724158755e-01
-1.406021489372860422e+00
-4.687602269851334769e-01
-7.432467105326097112e-01
1.446035492828744218e+00
-7.572933979782583980e-02
5.819725759444127622e-01
-6.721005873453708146e-01
1.884460647189049043e-01
7.471119103381058668e-01
-4.455504993518522583e-01
6.853024358019208506e-01
-4.137071923261455009e-01
1.707890276016867936e-01
8.204132318104753741e-02
-1.260966066708673616e-01
-7.118460194662334928e-01
6.705328775218146742e-01
1.683650185580133074e-01
1.608290682596545507e+00
-1.664048007754618475e+00
-4.705991106025152471e-01
9.252403207022563691e-01
1.357469890056695605e-01
1.058638810902447158e+00
-6.254958371777644133e-02
4.534753962272499161e-01
8.180027446337484465e-01
-4.844961720107529013e-01
-5.112394518948339961e-01
-4.669067059120954877e-01
-7.982622443584774796e-01
3.114148524248838701e-01
4.460203114837680838e-01
-6.668985137469518598e-02
-9.292536701932171406e-01
4.789577125520831924e-01
8.906794299173279583e-01
-1.317593909548559594e+00
-3.448876838093359432e+00
8.478998149373764186e-04
2.148472643754353761e+00
2.816147891330937902e-01
-2.600151663946211333e-01
-1.684218383142058517e+00
2.959812820136916711e-01
-5.242379281596046825e-01
4.220770621656957378e-01
-6.971313640036300718e-01
5.425947074893613387e-01
-8.304666477703771532e-01
1.241618056408085424e+00
-2.080861787072539326e-01
-3.039070951362400907e-01
-5.577149059876262971e-01
3.623857351464649379e-01
1.257848848009442133e-01
-2.253149344907967588e-01
1.392885784628780828e-02
-8.390120898724960641e-02
-1.174537126503759632e-01
4.209449674486178683e-01
9.177367477177940103e-01
9.009079216409148216e-01
-5.615255796315421488e-01
3.009633037352706375e-01
2.036284151238948237e+00
1.871150394252787397e+00
6.768489933221334409e-01
-4.806996170273433039e-02
-1.477265088270003357e+00
-2.421228804166308465e-02
5.163453063775549357e-01
6.423178898977015550e-01
-1.331098283214349476e-01
-7.438766507755134594e-01
-2.036333553300899435e-01
5.778022561305374838e-01
-2.815974375993489653e-01
-1.750322902971932493e-01
9.164700182474300183e-01
-4.774898933754454511e-01
6.003467024841524502e-01
1.953411610834296264e+00
-9.540490846507634903e-02
-5.353611424327016088e-01
2.368121250506750319e-01
-2.146190616723486766e-01
2.253488565480805950e-01
3.529636354959299616e-01
-5.737453800133265336e-01
-1.812879310778240383e+00
3.077456130977724857e-01
-3.254677907385075120e-01
-1.797002546602431527e+00
1.892755370426745520e-01
2.228896464073594763e-01
1.705399665695345179e+00
1.751538466036243469e-01
-1.869796411841687211e+00
-2.732495141778594760e-01
-3.306302547138771919e-01
-4.301721755882751408e-01
4.760971138923708601e-01
