9.269513741328256895e-01
1.000000000000000000e+00
3.865169797253186768e-01
1.000000000000000000e+00
4.525426457290799287e-01
5.696899712550371753e-01
4.233318437887770291e-01
3.544004422590125714e-01
-4.638670227465959695e-01
-6.826648767303249432e-01
-5.168004030879037869e-02
-5.317444920971272637e-01
-8.956906930827462920e-01
9.517638772653735924e-02
2.764117077820693047e-01
-7.321221949221787262e-02
7.872210533590943138e-01
-2.213512814066103188e-02
-1.341954772383461003e-01
-6.826154962511456897e-03
5.132682479210765036e-01
-5.579831350631325737e-01
-5.725571628360563992e-01
2.343415379297629150e-02
1.949215231502960666e-01
2.466562569513216507e-01
-1.229265746081101840e-01
-7.469314795549557573e-01
-9.569973614105361515e-01
3.898179367203546963e-01
2.305479034124599258e-01
1.000000000000000000e+00
3.519548340069561521e-01
-3.074270933757685675e-01
1.938544608788253520e-01
-7.942583250207315704e-01
-2.438154826188361213e-01
4.529848505456768315e-01
4.826309264269006416e-01
-1.000000000000000000e+00
-6.381679356449471152e-02
-1.000000000000000000e+00
-7.401423400263823504e-01
8.000338128137128857e-01
-3.810273344542641216e-01
-7.778187600737394014e-01
-4.888737811639511932e-01
-8.739612063881742055e-01
1.378587416506737995e-01
-1.000000000000000000e+00
-1.000000000000000000e+00
4.452334162252282734e-01
-3.448135321191232450e-01
6.973326119288969505e-02
-1.219003493782991887e-01
1.000000000000000000e+00
-4.986170536086717564e-01
2.586601147706204529e-01
3.753871014370991355e-01
-8.002165562756976547e-01
7.908373020218735228e-01
5.399350773002190573e-01
8.286029519469820803e-01
-1.696446481585631438e-01
-5.962776444224041766e-02
-1.078189357789773040e-01
-5.343882122577358063e-01
3.445576268931769270e-01
-4.101241491698682795e-01
-7.252720978353846548e-02
-1.000000000000000000e+00
3.394971360915688408e-01
-2.819077570010121159e-01
-4.100769155319221593e-01
1.000000000000000000e+00
4.544478327852286004e-01
-4.585231797221844818e-01
-1.961546176991826318e-01
-2.175115815457488999e-01
-4.090313835211955018e-01
-9.006263181873445933e-02
-8.122816294006898197e-01
-4.359635440052497812e-01
-1.441771949500895156e-01
1.178544196646147263e-01
9.081542191247686802e-01
3.164985580696441092e-01
-1.211106303888254965e-01
6.945285999457763149e-01
2.237602861291683176e-01
3.344859189751018813e-01
-3.132780061581618147e-01
-1.567739255170063628e-01
-9.848639470734188439e-01
-1.888615641206258799e-01
-1.000000000000000000e+00
-6.385021064397689017e-01
-6.751869789748955464e-01
-8.351509517102078117e-01
3.018890967438714323e-01
-8.897552605403777903e-01
4.009099585485790818e-01
-2.999537214549053421e-01
2.256490863470386743e-01
3.637372309106056689e-01
2.335411582450209467e-01
1.000000000000000000e+00
-2.133340576483384043e-01
1.000000000000000000e+00
2.145343348752676294e-02
-5.897374211622564699e-01
-1.000000000000000000e+00
-6.186331835661051937e-01
-5.298196918253766929e-02
-1.426566909328580435e-02
-5.021266013186105326e-01
-4.300232270834722370e-01
-8.044442556657994681e-01
-9.237344268881956255e-01
3.283178703907025930e-01
-1.844953633986929631e-01
-8.167226165672836213e-01
1.000000000000000000e+00
2.657973844825712861e-01
3.155819829097689655e-01
-5.779182145649477409e-01
3.295836945878257151e-01
7.608255981854255001e-01
-3.804392289201457555e-01
-2.574307053118198851e-01
-7.258884939501297762e-01
1.000000000000000000e+00
-1.186794944389438222e-02
4.175778895025148429e-01
-1.000000000000000000e+00
3.893815439393795430e-02
-7.239793467186068643e-01
-1.000000000000000000e+00
6.101472548541237995e-01
-1.000000000000000000e+00
-5.300692425705363364e-01
-3.067256618468984231e-01
-1.419856282868499631e-01
-3.676499695091449693e-01
4.221539413751095315e-01
-1.195207821599379577e-01
4.221072081068310555e-01
-6.083611913671794769e-01
-2.115179596002392803e-01
-5.071002451427598645e-01
-4.303610990210448572e-01
-3.124069244795338873e-01
-3.964293118042443997e-01
-4.499542402399813179e-01
2.618764146507079893e-01
-2.858128476335443646e-01
7.922089624300153732e-01
5.142262238020940401e-01
-1.774426576491702767e-01
-9.927349399502076732e-01
-9.092999360755346649e-02
3.822757602085668505e-01
-6.643558876899351429e-01
8.161120998959258133e-01
-2.037691405737849237e-01
2.086604881095835973e-01
6.050439557774185406e-01
-2.877716786360993706e-01
4.836043237901773706e-01
1.000000000000000000e+00
5.764295234289614767e-01
-1.825901085207782271e-01
-1.000000000000000000e+00
1.950090583416539403e-01
2.353357190496274676e-02
-7.225695799716262968e-01
1.000000000000000000e+00
-3.003569532670966047e-01
-2.888281139438320655e-01
3.847140812492161333e-01
-5.787499499590794683e-01
9.128544242923173346e-01
-1.000000000000000000e+00
8.973238243458464547e-02
-1.801436408413926160e-01
7.541139074338230053e-01
-6.676695601958915205e-02
5.986354621508119811e-01
6.791999110680891905e-01
-4.981277784575582346e-01
-2.097559281986237090e-01
3.919960553525270730e-01
-4.374157542983270197e-01
8.238671167614269875e-01
-4.321156104600128445e-01
-5.028576875995685036e-01
5.393935561745630825e-01
3.158161185995461695e-01
6.902847571620189804e-01
-9.156202672084613747e-02
-1.000000000000000000e+00
-4.303516040589039915e-01
1.000000000000000000e+00
8.738034081102303841e-01
5.472205018887532635e-01
1.400562199754728787e-01
-2.586822548271904276e-01
9.361596637261342391e-01
-7.875138831649675097e-01
-2.203530627005127751e-01
-6.200514792965680089e-01
-6.242055698606445713e-01
5.725554623712371116e-01
-1.858731825513811609e-01
4.365948590212517799e-01
6.498732339758879206e-01
-6.022262975909584704e-01
-3.236351887404425587e-01
-3.396740152513388344e-01
-3.365134624911448880e-01
-7.542544045325426660e-01
-9.111423191539788080e-01
2.086879671616716780e-01
-1.000000000000000000e+00
6.705116652077860451e-01
6.129850305352840117e-02
-5.232984486021754478e-01
-1.308356578852050978e-01
-3.936903177674351273e-01
6.537960319454344527e-01
-6.287612824096296960e-01
8.420989288722504629e-01
4.100628566203391445e-01
7.034521652918208634e-01
-2.605855649380320882e-01
-8.763652994335293656e-01
-4.637269511885695056e-02
4.697925812410548574e-02
5.106907877930294548e-01
2.191185264522473031e-01
4.321203750345053440e-01
-5.308115609162633586e-01
-4.653841126821483543e-01
7.779695171596733294e-01
3.691418205881830117e-01
-1.722721821984662949e-02
5.876693462454062322e-01
7.969156234601061650e-02
5.390475169835990954e-01
5.678808048329837543e-01
-3.381880005190118776e-01
4.401799652752532710e-01
5.439425139892088978e-01
8.692875497202529056e-01
1.000000000000000000e+00
-7.761483962210412590e-01
-7.689573623689549553e-02
-2.446231139603259608e-01
5.373566834332411668e-01
-4.502031926612400370e-01
1.000000000000000000e+00
-6.566881029870375377e-03
-7.822544392934700497e-01
1.286552700343168709e-01
6.449777101126861201e-01
