-4.716988823083227422e-01
-2.068058108588305410e-01
5.485255116048095569e-01
-6.951164969087277878e-01
3.381900263705532872e-01
-5.385825970427101650e-01
7.953995707067617049e-01
-1.000000000000000000e+00
-1.962171088474070901e-01
6.063092903494469166e-01
6.999204654469483033e-01
-6.051145828014871386e-02
1.000000000000000000e+00
4.668964861014600620e-01
-1.000000000000000000e+00
-3.786994323434957899e-01
-3.606904679796683610e-01
1.000000000000000000e+00
1.838323532978804187e-01
3.253482519444364507e-01
-1.967808988564325734e-01
-6.874610260534473882e-01
7.509757717440607161e-01
-4.601117470889771743e-01
2.397158148604811301e-01
3.802374591330059950e-01
9.947979425599402514e-01
1.000000000000000000e+00
1.218485478421072465e-01
1.507817658058141150e-02
-9.666515376528593828e-01
-8.227555616087228740e-02
-3.163149569650819948e-01
-6.988314037547382895e-01
1.000000000000000000e+00
7.694070544957331004e-01
-5.769461075380616366e-01
-1.297161414362122400e-01
-9.354052922379989532e-01
-9.937953769589160657e-01
2.662744863473019974e-01
1.000000000000000000e+00
-3.819110235271622189e-01
8.937308995955715041e-01
1.450032876614827937e-01
-9.563018954586630649e-01
4.562842934642577508e-01
4.437886749817276377e-01
6.187540239232616757e-02
-5.944371990019262642e-01
1.888675628390674710e-01
-5.837214891198596600e-01
-8.878039848492602637e-01
3.962300327667710176e-02
5.927720582175326491e-01
7.554185875955115037e-01
-9.594800083836712012e-01
9.970414348830586304e-01
6.689930395394133589e-01
1.000000000000000000e+00
-5.290387562747463079e-02
3.639299510748774669e-01
3.433073441804015968e-02
-9.752782236838311580e-02
-6.333281727415485118e-01
8.930519923999822307e-01
4.716661621431789131e-01
-4.637867880490233463e-01
-5.650319952650868505e-01
1.000000000000000000e+00
7.899843560899867390e-01
4.241837360852220851e-01
-2.689005061051769063e-03
-8.147591297427679846e-01
3.040670030697806281e-01
-1.371824572501266770e-01
7.806269450497329565e-01
-5.449002797596836922e-01
5.494701204287439911e-01
3.467753333652788816e-01
9.635500687239931805e-01
9.988999766114580181e-01
3.658678930978436217e-01
4.613162820200212288e-01
5.932756050216833055e-01
2.825409177757662316e-01
7.027758425439361023e-01
-3.925969373105356874e-01
6.897244019716194385e-01
-1.783929679848736960e-01
-6.571709556897682436e-01
2.376296390949192150e-01
-9.780464648130231253e-02
-4.784287135386534606e-01
-1.000000000000000000e+00
3.797465273208748826e-01
-5.384644825157689496e-01
1.000000000000000000e+00
8.226931784850499696e-01
5.691948902350093542e-01
7.746239121058940968e-01
-7.275071692053448613e-01
-2.882847133397324901e-01
-8.574938358436556829e-01
1.000000000000000000e+00
2.573355329784635104e-01
7.686617384892310278e-01
-3.139143601042532206e-01
3.745748460083235809e-01
-9.048445691782799893e-02
1.000000000000000000e+00
1.000000000000000000e+00
-1.608364101048823935e-01
9.967915758300454065e-01
8.808672590396527946e-01
5.585542165613881505e-01
3.887220258359354585e-01
-8.976161245769285202e-01
-7.191941329546762407e-02
5.302832504659171775e-01
2.965646028143181234e-01
-4.940347159597446858e-01
4.184549183529283622e-01
2.398178524796968636e-01
5.080249540555206167e-01
9.806227563020462057e-01
-1.000000000000000000e+00
1.708172994536180933e-01
2.852248856188376314e-01
-4.639469561605134018e-01
-4.416518454003720562e-01
-2.106677751009939370e-01
9.552033060947987542e-01
-1.000000000000000000e+00
-1.863701256876053036e-01
9.684624646130944869e-01
-3.059698308320848437e-01
8.542433322076621316e-01
3.541194157184517355e-01
-8.779698145149167354e-01
-8.390415375698445644e-02
-1.683684075000670410e-01
-2.801943254814395212e-01
-6.119020225901072862e-01
4.508896207394570976e-01
6.848763263357038333e-01
-7.359897194483843164e-01
-1.000000000000000000e+00
7.241246073875271527e-01
-2.108605041157347593e-01
-3.316239889735773105e-01
-6.527188314293024263e-01
1.000000000000000000e+00
3.732735132044378012e-01
3.403093113194019526e-03
-1.735687935516666280e-01
-3.175573700311143943e-01
2.029650788815521301e-01
6.422664339410649736e-02
-4.187692620695709356e-01
1.614903450346605873e-01
1.419619564685254132e-01
-5.363051687876658757e-01
-3.888807221951574022e-01
-2.541363284253546073e-01
1.396772333007582911e-01
-1.370539475659176554e-01
7.800985421628208183e-01
-4.485208018251455320e-01
-4.696998154917667589e-01
-4.313849427490107913e-01
-2.453715784989415616e-01
4.939784209244182378e-01
5.772338795209058793e-01
-7.067235511842036300e-02
-2.633434928332476638e-02
-4.991040331656831364e-01
-9.877895304254830089e-01
1.553306763447795669e-01
-6.517948289224542169e-01
1.000000000000000000e+00
8.387342655181609374e-02
2.111129171344048039e-01
1.619967603044933369e-01
9.222264475963144470e-01
8.673628813764323597e-01
-2.727766125570101896e-01
-3.148578619342542462e-01
-9.517905917268987270e-01
4.905371042496052547e-02
1.000000000000000000e+00
2.045488959418293728e-01
9.714316681640151607e-01
-5.075375431798336834e-01
3.925097837804383261e-01
-1.550158646767891280e-01
-3.574064192307313537e-01
5.196995721363526499e-01
-7.159036744201729974e-01
3.038860237567718725e-01
-4.410013305544238094e-01
6.068348407588878279e-01
-6.429150689014828668e-01
1.000000000000000000e+00
-2.556612386044532781e-01
6.240526661279012233e-01
-1.210578396757790165e-01
1.000000000000000000e+00
-1.000000000000000000e+00
7.031809137513439500e-02
4.240024434886388027e-01
-8.372560729458734530e-01
1.302273718549752379e-01
2.337098301849803161e-01
3.969564282403972300e-01
-7.537246512520678898e-01
3.318827398963874464e-01
1.000000000000000000e+00
-8.992596251661555407e-02
-3.120538424494507801e-01
1.887444246160387695e-01
5.983231865315827847e-01
4.511913437514467051e-01
3.094686827978654353e-01
7.189490895867273190e-01
-7.458197592437837420e-01
7.133347912244974998e-01
1.000000000000000000e+00
-8.253714941859289222e-01
7.826346785201589995e-01
-3.879547270369992917e-01
-4.977412104583309183e-01
9.745955086819545476e-01
4.259070202094413227e-01
-7.943250488446658153e-01
6.712770655302738310e-02
-6.496132033290038521e-01
-8.177302537002800742e-01
9.911167373303422234e-01
1.000000000000000000e+00
-3.504547732846419739e-01
-8.238894122708865231e-01
3.982247982025604038e-01
2.926605821524594919e-01
5.468110678626800780e-01
-3.058753333915220640e-01
2.346618184134101337e-01
-4.287176858252260137e-01
-2.814421958494032205e-01
-8.999051028210487690e-02
-9.671954844440771026e-01
9.672586297447929304e-01
4.586275177839529427e-01
7.024271832319983755e-02
8.114376949999220212e-01
3.438038814714042268e-01
3.748486341353164386e-01
5.223601422461338073e-01
-1.695799361742270639e-01
-5.107999719804305894e-01
-6.040467954562359770e-02
-4.036779775418439797e-01
-1.049949019143405493e-01
-5.875364469268311574e-01
-1.000000000000000000e+00
