-2.041467271201419464e+00
-5.948931285953069914e-02
-1.126681887455778686e+00
-4.113513612614916326e-01
1.307068116652689627e+00
-9.983642655473316807e-02
4.751258262034347563e-02
-3.731590546942416958e-02
-8.391758207584880669e-01
-1.613103713563153629e+00
-6.887554178070574018e-01
-4.520352039206890216e-01
-5.176886567266145711e-01
-1.172733215580432198e+00
-2.701440372890021591e-01
-1.246455838924409809e+00
2.023557435895368128e-01
-2.594180389567573575e-01
-2.208128232554715353e+00
-6.835632457883462632e-01
-1.128285880739617664e+00
-3.863320804722866764e-01
4.045203692247273386e-01
-9.221467114235664120e-01
-7.259863225045192214e-01
1.156313921063577554e+00
-1.141862507766347790e+00
-1.494489683067926844e+00
-1.713147461822562279e-01
2.395844931120786114e+00
-5.581510365966504406e-01
1.421469599732413380e-01
1.394690412230357168e-01
5.528389722967932407e-01
-2.202391676967671574e-01
5.981981807165307474e-01
-3.183209743916395329e-01
1.705752990154770554e+00
-6.476935393575622424e-01
4.734060357438613642e-01
-1.012130750215674668e+00
6.205081295255818752e-01
-5.391784462378025333e-01
4.706479552276826017e-01
3.833727058990674230e+00
-2.242781346603497372e+00
-5.744054302062818751e-01
-1.136249742877985192e+00
-9.350911439949909365e-01
6.679502928577008003e-01
-5.789752044097774553e-01
4.873606527444211967e-01
1.772238118765028236e-01
8.187889019302966309e-01
2.215136989608762486e-01
9.377995139846675432e-01
7.471799404400538691e-01
-4.496207293649034042e+00
1.394565854063745780e+00
3.225618489269661548e-01
4.069294442177411875e-01
2.141487031969564470e+00
7.347891689543896432e-02
-2.287743864995636367e-01
4.549292664752857540e-01
-2.307333307613735895e-01
9.903090834755960692e-02
-1.172810461539523397e+00
2.519153118436398664e+00
4.609937566219112215e-01
-2.297807658146360232e-01
4.266007646492157024e-01
-1.610259801888736408e+00
5.052554969802385276e-01
-5.510068053236466534e-01
8.066978505731219329e-01
-2.391909438836259394e-01
-1.855882325194864624e+00
9.810245924611720181e-01
1.579628393953523835e-01
4.882216515444892657e-01
-1.396141788674113204e+00
-9.178727686085472737e-01
-2.162450221953042540e-01
-5.263463953623304104e-01
-4.281698729088891792e-02
-3.458036149702062301e-01
-5.694328770020313790e-01
1.902278884503574519e+00
1.070884162836116017e-02
8.505751985348909416e-01
-1.496926131124280135e-01
7.388901680392737648e-01
-1.295578296162759546e+00
-7.978153456482793837e-01
-3.554549792360682803e-01
-3.126949847126169191e-01
6.305213538557010722e-01
8.240975263114314053e-01
-5.110165924847991370e-01
5.537206851280744857e-01
-6.346850740299442295e-01
1.300529926519223833e-01
-3.075169284457593966e-01
-1.370624418844459680e-01
2.266279466721378977e-01
-4.799317236821931676e-01
6.545017251289522164e-01
-1.046230583460455499e+00
1.785062087392375041e-01
-9.227972374333412997e-01
2.186756148840121039e-01
-5.617552321971347462e-01
-1.463608169314907226e+00
5.778096162077794862e-01
-1.141025664408621271e-01
-3.345782367838148752e-01
-1.083365916616944480e+00
-4.880902306725105055e-01
-1.562138732948566311e+00
2.286578518049328379e-01
-1.405819080168320412e-01
-7.770185708175817441e-01
4.658060494371465410e-01
-6.265780222795799270e-01
1.810589929678102283e+00
1.946180891667157464e-01
-6.714012577499004486e-01
-1.714803469877995479e+00
-5.457474044689237802e-01
3.309486044013258410e-01
1.183169412448920266e+00
7.258375153397561563e-01
9.476474072305012264e-01
-3.642401405418552729e-01
5.280656539822470297e-01
5.432168073170191569e-01
-8.109695270189596350e-01
2.870592911796625013e-01
-1.591889022855061731e+00
7.785859214209402968e-01
1.329861808567480930e+00
5.065192198481827113e-02
-6.362272235630745953e-01
3.601263231278695187e-02
1.669003871348951895e-01
-1.798207657824417438e-01
-7.013316501520980850e-01
1.566250036238705956e+00
7.587414203590836514e-01
1.279342578066686276e+00
1.176929673334814908e+00
1.677695663125468695e+00
8.941243691611067135e-01
-1.849406286878824413e-01
-1.272297063266671024e+00
-4.428388629513525521e-01
-1.951482543878210463e-01
1.248810026880768254e+00
9.794820809240516457e-01
-2.250526140621828652e+00
5.030844925259384537e-01
1.593729593248710830e-01
-3.970573486630454840e-01
9.083127939586119748e-01
-7.774647719166594140e-01
-4.259234869021324421e+00
-3.810782186539570238e-01
-4.256110708688852773e-01
-6.374832069400573342e-01
-4.306066897393158177e-01
-4.823351937898475716e-01
5.845711247532678900e-01
1.073894559516627156e+00
1.253532919318088190e+00
4.980820702743139483e-01
5.532483912207719623e-01
2.753820022683607371e-01
-7.115793522647001490e-01
3.347871863888449706e-01
-6.603576027479750588e-01
-1.200597129901339599e+00
4.941158694446764477e-01
2.311125490482014433e-01
8.281340812459692113e-01
3.979281138724732880e-01
-4.884842991760496855e-01
-7.653843433463827228e-01
-4.476678349420756264e-01
3.391405602094220706e-01
1.636922052271275740e-01
-1.773549467616746256e-01
-7.656916102860362727e-01
5.856485700171869535e-01
6.561135495869772072e-01
1.861189486523286529e+00
-4.060807146339921458e-01
-3.539921978274450654e-01
-2.173891671557591221e-01
-1.154072055244284717e-01
-4.616072572967004906e-01
4.756971662677040857e-01
2.902233715506960521e-01
7.748314538202769608e-01
-1.456639634333303512e-01
2.105491477190469807e-01
4.151108823019757921e-01
6.841294602443338535e-01
-3.778049740818980040e-01
5.012933297106769714e-02
3.822962824415779282e-02
7.085067782372663769e-01
1.600017840042291306e+00
-4.114849733570420665e-02
3.920886521506089517e-01
-6.042677858757563580e-01
2.871938795008072143e-01
6.956449274331337751e-01
5.304293681779700259e-02
1.461359612215036019e-01
-3.662323321166535139e-01
-1.137212860544918047e-01
2.586261413015559452e+00
1.804409030330875741e+00
7.275834559993354933e-01
-2.702968178530234522e-01
-4.879733833637928120e-01
5.685166780945803688e-02
8.024136228347440447e-01
-3.484864683719149925e-01
-6.565158858587190061e-01
6.901513396327760841e-01
1.449458575115975201e+00
6.934990676695328427e-01
4.435842274372822081e-01
-1.081490218184121499e+00
3.727941947260314248e-01
1.483888560247209165e+00
9.801309768277536305e-01
5.825835601562684429e-01
8.757790607580016040e-01
-7.435668894765694592e-01
4.908928088231680892e-02
3.231619923523422200e-01
2.621338071804836245e-01
-4.075722874731610545e+00
-1.147544953884991781e+00
1.319609260634965420e+00
7.146534645262866414e-01
5.082023197474844212e-01
-3.101602350778646100e-01
4.992307721901980688e-01
-2.762034043759262203e-01
-1.037678308174798225e+00
-1.070141746940800193e-01
-9.620553360296435486e-01
-1.477065501631091626e+00
-9.503860532787310467e-01
-4.680727280317330541e-01
-1.847332521763282331e+00
1.296301799861435122e-01
-2.805180728954346225e+00
-2.628255146088654293e+00
6.299157707580430587e-01
-8.446262311401546707e-01
