9.541711972493924221e-02
-1.300370729274260562e+00
-1.926842493795105637e-01
-1.439227040625006004e-01
4.633299521734193793e-01
-8.849728848945974669e-01
-9.544549436473812043e-02
6.517120778483954657e-01
1.072819301201346498e+00
8.063147793267424479e-01
-9.713302041972722289e-01
2.147639981138911303e+00
-4.031070010611454979e-01
-1.410794150147497428e-01
-3.371398963742139543e+00
-7.035980508663104427e-01
8.050494418177228662e-01
-1.659777732335333322e+00
6.957962027161717078e-01
-3.169469943541004531e-01
5.476366038901698818e-01
-4.601694302615794152e-01
-2.909403782579823572e-01
-5.714840892024015684e-01
-2.289626912203910791e+00
-1.287193638086233216e+00
-1.435155610632003198e-01
8.672940255739596260e-01
1.026134275855948186e+00
-6.183673535067818472e-01
-7.474960873492858537e-01
2.054144779979087954e+00
-5.953922976313349436e-01
2.465790477223190891e+00
8.196718257679320718e-01
-3.213052348537043801e-01
6.428068045072323766e-01
1.402307271803360900e+00
5.084371160301977000e-01
-1.541289416721452199e-01
1.822515431868784452e-01
1.907807760640533701e+00
1.399584437593283381e-01
1.751641207495763686e+00
-5.776620565452751377e-01
-1.142280776518937446e-01
1.090688205266688859e-01
5.853506091567083069e-02
-7.325944310635834622e-02
-1.476315982553453969e-02
2.062097782571351845e-01
-5.038120738124813869e-01
-1.275346668448190390e-01
3.152781244355731816e-01
1.054689227269987595e-01
6.971760050997065639e-01
-8.422579416099047478e-01
1.385785024803863674e+00
1.117942561142594826e+00
3.505075959833411137e+00
-6.139782068272134907e-01
-1.161105216950010899e+00
4.082118894488411254e-01
-1.063777434140557476e+00
2.403375490666980752e-01
1.458353103859851840e+00
-1.187512756737147734e+00
3.097647809245901440e-02
2.203195340107748368e-01
3.614484448072902700e-01
3.048878117345473204e-01
-1.013513857295104958e-02
-4.828644611811383491e-01
3.108620218073994065e-02
-6.146634826771707472e-01
2.533628093978400608e-01
-8.976761773352461837e-01
1.292458555344932203e-01
-1.592168865299222302e+00
3.312698848315128730e-01
2.678256109852274469e-01
-1.279386652869426433e-01
4.356696319979853627e-01
3.291654739698446908e-01
-3.815764174450057555e-01
2.180735835552355673e-01
-7.222383800641558604e-01
5.488489776391975994e-01
-9.655197237167433277e-01
-7.669912188123638730e-01
2.363516628240144579e-01
4.141340586629457809e-01
1.523741279417616390e-01
1.696046507842551843e-01
4.585690159796387277e-01
-3.536996349995638056e-01
2.374521068785055873e-03
2.607556915579610779e-01
-8.694493747181726295e-01
-6.745866501625036316e-01
1.661115607474921707e-01
4.468924291391306314e-01
-1.776829785878782375e-01
-7.031155886220237239e-01
-8.151220101195424395e-01
-4.926860845885500800e-02
3.608300040358672911e-01
1.203472925199574162e+00
7.306124507102775001e-02
4.575351391014858549e-01
1.228971426755100183e+00
1.807234448139204142e-01
-9.195863671392312533e-01
-8.340464700878646997e-01
1.024897510218118368e+00
1.736045618437708216e-01
-2.053634432840368562e-01
1.123077056133392260e+00
3.490485934872498697e-01
-6.793262075656751886e-01
1.483123414460727207e-01
2.479808235701107255e-01
-4.438274982311656292e-01
-1.507598913907521432e+00
-7.949182201633858691e-01
-7.641103313922371632e-01
9.922772545300617697e-01
8.314361188018683235e-02
-6.990037631380747740e-01
-1.391565527511333666e+00
-5.407180598454824905e-01
-1.878565402452897271e+00
1.748578216742812108e-01
5.490844624761468395e-01
-5.400557224524857869e-01
-6.244577006563796218e-01
-9.028566124647259272e-01
3.409966298505882509e+00
3.603421060343983129e-01
7.908432956580000450e-01
1.977725215275755871e-02
6.069848893310482163e-01
-1.222190828194192003e+00
2.209681827397708687e-01
1.800575750965661137e-01
5.933870957912861233e-01
-4.593191577853283913e-01
-6.975908272930050336e-01
1.962622515199399509e-01
-2.649292882069348987e-01
-2.270295525207705889e-01
-1.341879693504860471e+00
-4.871705512748716882e-02
1.836359216725635291e+00
3.885515809588131475e-01
1.810214029941255465e+00
3.087587152412760716e-01
1.515515581042819138e+00
1.936848945356757223e-01
5.673068812300136043e-02
-9.609862919094421807e-01
6.113890613024142162e-01
8.022765894586999513e-01
-9.042400423902728634e-02
-3.144059354883892987e-01
-4.342456503809240531e-01
5.967604470448113485e-01
6.635529672716552474e-01
9.243778769368710471e-03
4.448739199666039701e-01
-5.245762550813486413e-01
-4.778777362217717650e-02
7.686630069256144004e-01
-1.003122953578882592e+00
2.047055686035232913e-01
7.558230329986368456e-01
-3.995814247865505653e-01
6.938301872369216639e-02
1.102829707136965931e+00
-1.016625816426128148e+00
-6.055052433098766507e-01
1.847203751843735642e-01
4.120323158428510490e-01
6.874677288721957602e-01
-1.986393734747363249e+00
1.603786432653903526e+00
1.347002678506512119e+00
1.529489896634181889e+00
-5.692927436001143926e-01
-1.554007855482725020e+00
4.012596016648941610e-01
8.794602466143361941e-01
1.980271216392681666e-01
2.387048488192510476e+00
7.493862020129320456e-01
-2.290652471247125455e+00
2.913844359404955120e-01
-3.100797401652021001e+00
-2.829416381865624608e+00
-1.142990782611687628e+00
-1.074726745120682392e-01
2.282250428527712871e-01
1.007539863401738955e+00
-2.814739483818003429e-01
-3.010607268459626895e-01
2.257609663645358533e-01
2.918543805829836024e-02
-9.881452510459580729e-01
1.634060478011330544e-02
-6.243578173970785183e-01
-3.068008317550077746e-01
1.194397670608765338e+00
-1.181814984314565609e-01
-6.283669782742520304e-01
9.842564370165778342e-01
-2.733988302355520261e+00
-4.611624906597355245e-01
2.107021398559826064e+00
9.645802821854706499e-01
1.788117347757164632e-01
-2.157155623362401631e+00
-7.163906749564451226e-02
8.146184977645982983e-02
-5.355585704762413357e-01
1.632531657121403801e-01
7.589070104449981147e-02
-1.063525631054309528e-01
1.633130721071278657e-01
4.760142481652085422e-01
1.025029471460961739e-01
-1.742274296670987266e-01
7.089061120750571321e-02
1.072328463810198640e+00
-3.989270518952270916e-01
2.764486728824377959e-01
1.037830073557716171e+00
-3.002145152048178445e-01
-7.888365743942734598e-01
1.845400383159328528e-01
2.515622929271935648e-01
-9.750839558382025096e-01
-2.755321066469990088e-02
-1.663135666068503937e+00
2.806891347190160202e-01
3.916221924151265243e-01
-7.093034052804640943e-01
9.710139286445977902e-01
1.618497808059216947e+00
4.924167800971702702e-01
-2.493333703199632212e-01
2.374874260191917053e-01
-1.724637155253351040e+00
-6.587220781708971740e-02
6.763582767910667481e-01
1.814194879334553034e-01
7.116073592738821896e-01
1.923355879678917413e-01
4.505528008207783652e-01
8.868074528766471953e-01
1.448736207246300277e-02
6.239499795478959943e-01
-8.978712965142368052e-01
1.269609768067585742e+00
5.846564570993583176e-01
-2.593506866761469132e-01
