-3.909994505876062121e-01
-9.808980756458973715e-03
-7.184076295142061142e-02
2.149332795194645040e-01
6.363632578347935276e-01
1.604666194260477852e-01
6.279830975586861985e-01
2.390213293931853222e-01
5.096612899339469926e-02
-8.193264489613936163e-01
3.641855893282512913e-01
8.756939232248304172e-01
-2.602474807172612259e-01
9.455497042294795929e-01
5.721397201003317612e-01
8.375842141038920552e-01
-4.629089319035155636e-01
3.716800540014006948e-01
0.000000000000000000e+00
0.000000000000000000e+00
7.470491291394898425e-02
1.912949991156542850e-01
4.503943436238697640e-01
-7.933317535013009181e-01
3.233333439056380598e-01
-6.903234913565481357e-01
-7.753219282088363862e-01
0.000000000000000000e+00
0.000000000000000000e+00
-2.264060140937604881e-01
0.000000000000000000e+00
-9.817128255555471750e-01
0.000000000000000000e+00
-9.984233076595667722e-01
0.000000000000000000e+00
8.767499167398851156e-01
-6.508992844908496611e-01
8.409395996484174685e-01
0.000000000000000000e+00
-6.722763866979482028e-01
7.740066498749438306e-01
-6.512021735025141922e-02
-1.434679020430451590e-01
9.733445229469421811e-01
-6.923231388354895710e-01
4.605255045523100055e-01
2.984062915710918862e-01
-7.828175535795589557e-01
-1.863034059639483431e-01
-8.512885599589878893e-01
1.087070857185756800e-01
5.834012510485824254e-01
1.231766606834072686e-01
8.684405258750134138e-01
2.075400137836573844e-01
1.066226763417961187e-01
-7.806961337023203829e-01
6.086806973278082733e-01
-5.978339590615375787e-01
3.763246332200402833e-01
2.543681090684004609e-01
-9.307713941149904358e-01
5.656862555253630021e-01
2.947253751339178329e-01
-3.121759793845739761e-01
5.215665513030336431e-01
5.989440391590252766e-01
-7.531562269898284256e-01
4.842619834155461600e-01
-5.804518747890579089e-01
9.256443528001536691e-01
1.413948845624926065e-01
-9.649144407315981553e-01
-7.188217592474335227e-01
5.116407252276444773e-01
-2.791814775491219258e-01
-4.013686748607196986e-01
6.580931242348844190e-01
1.532074103636444917e-01
2.246326657882733446e-01
5.843055150065739056e-01
-2.907145483910067441e-01
-1.767768222407501977e-01
9.208396996450529670e-01
-1.793947085112670425e-01
-8.365432897080800068e-01
4.027653263032964226e-01
-7.938267546899271387e-01
7.245269035845243177e-01
-6.434452213630881268e-01
3.953700699593605261e-01
6.015465254567700093e-01
-2.700895248891070910e-01
8.777003170227226647e-01
9.859457425039761524e-01
4.289782175400109754e-01
6.943479942162078533e-01
-8.972561303890003170e-01
9.594399645332738480e-01
-8.196640799547887379e-01
6.008524547981548558e-01
5.736221294363648138e-01
-4.891664414305774145e-03
-5.737132086099192563e-01
2.135701726121699284e-01
-1.302994865158435545e-01
4.083350630310844664e-02
4.137619897468187702e-01
-7.958207456655379541e-01
6.544076759213708350e-01
-4.170905395651440806e-01
1.969168011829847131e-01
-1.092541553892816264e-01
-4.379750214451028079e-02
3.188627232279279688e-01
2.001065425089894045e-01
1.807676610422626062e-02
4.255646118766678310e-01
6.777444223093420650e-01
3.929148801279045422e-01
4.613388041466346401e-01
-5.524381317171234151e-02
-9.313846529903235805e-02
-8.383561527570868588e-01
2.157176618472891327e-01
6.320947457078165410e-01
-6.470474712358642577e-02
-8.081444391135208516e-01
2.348017928026946421e-02
2.358011680228935258e-01
-3.242616707514895946e-01
-2.478921048005364725e-01
-1.587881918495936961e-01
9.240548990670027774e-01
-5.286340159341516021e-01
7.598347596979719842e-01
-1.771279112239891873e-01
2.269568757728206432e-01
-3.900958818764095337e-01
6.224881883908441882e-01
-2.777150602331066587e-01
3.706904772254784319e-01
-6.409147761956950351e-01
-2.080364224914976745e-02
5.601311037053391395e-01
5.565824756965815912e-01
-8.856735562709039389e-01
-7.585556204183572238e-01
-8.272263419453760314e-01
6.359198562398316046e-01
-2.839182238526953839e-01
5.527759817122903652e-01
5.215985889200434045e-01
-8.060610877524696516e-01
7.983001230135076121e-01
8.309271227753467493e-01
7.703098836174973041e-01
1.424574038756503125e-01
-2.101346423570578104e-01
4.454626975032460745e-01
-1.614586046641794947e-01
7.937764731870600166e-01
-3.195357347377045798e-01
1.170861923807708926e-02
-5.076201285142920572e-01
-4.833940244356271787e-01
-1.906344074071140149e-01
-9.570575049899703313e-01
9.455755640751903890e-01
-2.602755278813668749e-01
-7.918450118090445411e-01
6.702488076905532832e-01
8.766128417781930970e-01
-3.307101213933569817e-01
5.302341553597949009e-01
-3.097287464594731254e-01
-1.310708072780366606e-01
2.190643345597267366e-01
3.748377979103800772e-01
9.508423911261982830e-01
-5.714010280747949810e-01
-9.341285774710765821e-01
-2.302354207496908334e-01
5.020836543524609397e-01
-7.917961200742154038e-01
-5.582973788666545367e-01
2.868372152432954181e-01
4.092900376741381852e-01
6.459866652043360080e-01
3.437641711286609780e-01
-7.078706974040926969e-01
-3.442577211378863300e-01
-3.157158790430230066e-01
8.506984401648038929e-01
9.373345811193092292e-01
-7.829185065665076326e-01
7.089912732449783483e-01
-2.949040152411157578e-01
2.564122698620341367e-01
-5.731233300098559358e-01
3.050024328006113450e-01
-7.073798796888040030e-01
5.017233701337027174e-01
6.435290412255705306e-01
8.432499973056573062e-01
-4.083839786160310403e-01
1.396945166148737538e-01
4.683776267809141025e-01
6.849354557767970419e-01
1.244284722840898194e-01
5.618855972050436076e-01
-6.841527848528423661e-01
9.344199624059830178e-01
7.774215223590867918e-01
-9.743419584157104740e-01
9.628190990340435018e-01
-6.591636385788570696e-01
-5.438520602123244618e-01
-8.610567253452510172e-01
-1.500800263246961919e-01
-9.974680212225479625e-01
-9.766798499920814614e-01
-4.005937247690469771e-01
-4.639559701111575230e-01
-6.905569272467650954e-01
-9.639482853562759690e-01
-1.926449948179114191e-01
9.376945095416626685e-01
-8.605826501737934286e-02
4.147307244895579448e-01
4.140603093116934641e-01
4.419900179464710810e-01
5.239362768824555872e-01
-1.982987028170288824e-01
-5.059988798074988026e-01
-5.336015079479250467e-01
7.984960871611186395e-01
-7.229114549079216356e-01
-6.981608760250366252e-01
4.220692617822690007e-01
-7.347782510313449755e-01
3.427009076183162861e-02
-6.584409145100553751e-01
-2.610351485971011964e-01
1.463839153530532844e-01
-7.544397386720305132e-01
3.608653446159915124e-01
-8.497941361452174824e-01
8.138137921042702949e-01
-1.059608126539004491e-01
-4.967801325444383131e-01
-7.845072340539895883e-01
4.869742362449207551e-01
8.151755048565743067e-01
-2.377632457837843827e-01
1.508375547871869671e-01
7.479218185475406955e-01
-2.968657522653592729e-01
4.794752174512386667e-01
-1.965265857294618002e-03
4.775815468538855413e-01
7.700560251823831415e-01
-7.970493041776476328e-01
1.248181718941221430e-01
7.171662038146768836e-01
