7.359464827957600264e-01
-4.618876069248283311e-01
7.780612186208299974e-01
4.339560371712030129e-01
-7.189080872477573436e-01
-5.239942030535618134e-01
3.500481774075068220e-01
-5.707175678721416734e-01
7.089992346044344806e-01
5.448831129426883191e-01
-5.810830219439202526e-01
-9.240878857237622146e-01
-8.725306246905901730e-01
3.334023113619928314e-01
-2.407273613465616968e-01
5.686036987756035721e-01
-5.136526569641444162e-01
-8.311080494709639499e-01
6.374078594257843733e-01
-4.328677812212242682e-01
-9.738576677631771705e-01
6.969629797433829488e-01
-7.260597333007270393e-01
-8.066097690912292784e-01
2.690393410373872474e-01
-8.577161297736246581e-02
8.567262095331766858e-01
9.132868452836768736e-01
-7.004496598537794938e-01
-4.774296272731950452e-01
6.623299493840284491e-01
7.759475529439554542e-01
4.368158669742712163e-01
-5.321472376550930861e-01
2.081228088358644257e-01
6.108133779961442134e-01
-1.750602019367237805e-01
-7.569878652399466556e-01
1.578572830456188569e-01
2.692287908172286137e-01
-6.899432802711393808e-01
-8.522817811609584293e-01
-5.514206635550653601e-01
-9.950000283194464501e-01
4.441423306651595126e-01
8.692039691531820989e-01
7.611213068711442098e-02
2.815931823746402607e-01
7.345327324232255872e-01
-8.104071814668412088e-02
-5.414715728298227226e-01
-1.130509658102591963e-01
4.122712371150794031e-01
7.314020022082126093e-01
-2.561540793519125891e-01
-1.106966252528105432e-01
5.537507927644531591e-01
-2.465158027598821633e-01
-4.488061991083003299e-01
-7.595310773129126947e-01
3.722343603797924061e-01
2.594823837606183847e-01
-1.135315001544185964e-01
-8.106134112221272670e-01
-7.532683654339824564e-01
7.628856023723795676e-01
9.532575995095438071e-01
-8.574987429985601040e-01
9.069063089218403206e-01
1.427720743604481424e-01
2.569172451093555409e-01
-2.360459709507443105e-01
8.439963582397735919e-01
-4.966645078767815136e-01
-8.989525261061395156e-01
-4.634242847114777852e-01
-1.866581393271047329e-01
-5.534210606844625069e-01
4.423568290932309299e-01
-1.677403021887997614e-01
-9.453451064863496178e-01
-4.614468329956999959e-01
-9.909589681145103413e-02
-3.639730090440826960e-01
-1.671076047717956481e-01
5.208144434514394572e-01
-3.010353409635990740e-01
-1.558276668133835585e-01
-4.240737699382490788e-01
5.003760921033522102e-01
9.132416177701989657e-01
9.163550218090950050e-01
1.492861801288143386e-01
-4.808814164156207660e-01
7.243727333990226391e-01
3.815560292404120979e-01
-7.396072739158143783e-02
6.857429592958503850e-01
6.701149474065086764e-01
8.534536045852665342e-01
5.988528688969207980e-01
6.005956787021771159e-01
-6.092586924091558664e-02
7.936164022509291094e-01
-6.087440329946445239e-01
8.005681259859260823e-01
4.979173769409512840e-01
-9.223737836139638269e-01
8.239561316371304400e-01
5.775861142256148995e-01
4.371005074257952039e-01
0.000000000000000000e+00
4.319723514643150075e-01
1.014537201912133479e-01
7.299984190114146010e-01
-5.550533999016804554e-01
-1.032769540219669047e-01
-3.973476976497534174e-01
3.270437072038978599e-02
-2.263266143976545575e-01
0.000000000000000000e+00
0.000000000000000000e+00
9.083252413196558628e-01
0.000000000000000000e+00
9.800811344016713278e-02
2.089755096347376551e-01
-3.025154121312825239e-01
-1.885150655730678526e-01
0.000000000000000000e+00
6.979894026448127953e-01
3.101238074855894311e-02
0.000000000000000000e+00
8.891204461488344535e-02
2.264798201664621757e-01
0.000000000000000000e+00
1.284296240866276140e-01
0.000000000000000000e+00
4.748195198575411169e-02
8.310158645955154633e-01
-9.497709075281957070e-02
3.501139121468737070e-01
8.293356095377741877e-01
-3.020957898652349982e-01
-5.886519061430459665e-01
-8.382612514245928459e-01
9.948461621375950248e-01
7.563179245036506515e-01
0.000000000000000000e+00
-1.714680709080906862e-01
8.501801463230314049e-01
-8.132847972599297481e-01
5.519857818106947978e-01
6.827631962116595954e-01
-7.279336185799343273e-01
2.019154307153541161e-01
2.338516371954155737e-01
7.962158765163751539e-01
-3.637885756642471602e-01
-5.786806771111907555e-01
-3.482303948293556939e-01
-2.089103651163985997e-01
2.635387693609989590e-01
-6.002833445730397788e-01
7.313742110721521694e-01
-6.707789507462667000e-01
-9.760390392326407927e-01
-1.482379269866789251e-01
-4.695838794372544367e-01
6.288782171878919414e-01
6.343787289670277385e-01
2.613792090241615629e-01
-5.243318441667941254e-01
4.296237144787531381e-01
-8.904151762458993868e-01
-3.962164564816872403e-01
1.368356250278885966e-01
-9.241742892849775792e-01
4.450289246087115735e-01
-6.253417405502466053e-01
9.065692182629223606e-01
-8.681232396512883476e-01
1.046017959983855938e-01
6.464861963533352629e-01
-3.751225446694763654e-01
-7.106124385135097477e-01
8.587922787376613964e-01
-7.490914174919816038e-01
3.383812397459924348e-01
5.749394747746934264e-01
9.717266075723993701e-01
3.734985857814667742e-01
5.549974415443790221e-01
-1.835181620994976726e-01
-9.261658518157904751e-01
5.103577799671146220e-01
-3.105091741689129936e-01
4.703352036221741805e-01
-2.347819053795943134e-01
2.187840651840191608e-01
8.574480764407776956e-01
9.783036706469363519e-01
-3.444617464111687788e-01
8.427968568612471678e-01
-6.912031437380155019e-01
6.959358608693144710e-01
-1.584898286530656009e-02
-5.784812694685936840e-01
1.178193718745261798e-01
-2.211386277988460769e-01
1.126069828866402833e-01
7.358793186040275547e-01
5.914190819652169750e-01
-6.419740298878591211e-01
9.332408437661576794e-01
9.827340631609322585e-01
-1.708689621146650683e-01
-2.182444636441656094e-01
9.709737709351675683e-01
2.448410503065931998e-01
4.340430630531684209e-01
-3.043220251834695134e-01
-6.697265625865695959e-01
5.668678772264534871e-01
1.242845267297552070e-01
-8.147908506230443493e-01
-4.324660898951753207e-01
-3.732941526245441288e-01
-5.107244158405865875e-01
6.474492464453447393e-01
-5.547014423028104879e-01
3.232591698312141659e-01
5.892345179538491795e-01
-9.718778541166022134e-01
8.579229315590719551e-01
5.542908460972577611e-01
5.605114837957296814e-01
7.394479865437437738e-01
2.513495653804529439e-01
-9.766913875697971203e-01
6.189611156211090037e-01
6.896838017736701687e-01
4.003129294473695143e-01
2.476088239980371863e-01
9.064833757652031032e-01
-7.244035309810785694e-01
-4.924369008849840412e-01
-1.826491957057241322e-02
-1.424177303330764754e-01
-3.959030003541736953e-01
-9.445926439119765039e-01
-9.475957421276399728e-01
-2.639864347268079392e-01
-8.250087211746113258e-01
-7.957239589498477095e-01
-8.069701778751015020e-01
-2.333764030804821310e-01
1.100474532670014938e-02
6.083437726591605088e-01
-4.835243483132549702e-01
9.248517191969964912e-01
-5.966064354352329513e-01
-1.313693525504624482e-01
3.789665529064278893e-02
-7.008771952779773162e-01
-5.209749869578172987e-01
