6.023892091621201317e-01
7.484958142980706608e-01
-4.414050963733495703e-01
-2.883280305735986815e-01
0.000000000000000000e+00
8.051048131895592874e-01
0.000000000000000000e+00
6.688638949783454191e-01
-1.910047469864570857e-01
0.000000000000000000e+00
9.438016706236451725e-01
0.000000000000000000e+00
-2.233930635106389229e-01
-1.188463131538155526e-01
8.806216449785675415e-02
-9.046848744484361493e-01
7.254030163376792295e-01
1.723393504069390403e-01
4.444720520226488336e-01
8.275589530331628474e-01
5.274886671173963926e-01
6.647280001054556298e-01
4.860161922913048826e-01
6.710756824086776540e-01
-4.834923881629615838e-01
-2.677963350934726705e-01
-7.532815091843669819e-01
-4.448697069275220350e-01
-9.693734308547030665e-02
3.172008090763118737e-01
-8.996814656936145127e-01
5.910370529192829903e-01
8.096051984126333423e-01
-3.133232098883120820e-01
3.735934498473318932e-01
6.452121343311145729e-01
4.533361383336393935e-01
-5.775806221999448820e-01
-2.127276402489297613e-01
-8.663507516723116808e-01
-2.074748718664851665e-01
-5.736548005112531712e-01
-5.601943280619980925e-01
-2.945522383141478961e-01
7.845500488421781604e-01
4.357332843524952537e-01
8.358065897587452220e-01
-6.193043947746730282e-01
6.854028682217465640e-01
8.381161499075215904e-01
8.787915294506509767e-01
6.405763436059197513e-01
8.996020435947325034e-01
5.058720950178794418e-01
-9.361290389548311275e-01
-2.078232679128588778e-02
-3.698767516932652821e-01
-2.661177104379397473e-01
5.110622550851706691e-02
-1.614062019868371944e-01
-1.098325568216154124e-01
-8.173301486242441349e-01
-6.222916086451868445e-02
1.596909295177328936e-02
7.012460764599863783e-01
-6.214828862412793420e-01
-4.375598113799985533e-01
1.600220960117904045e-01
1.941424114611247642e-01
4.956057154449715618e-01
6.159147984372999041e-01
-3.817222860470541601e-01
4.499637357239487656e-01
5.971111076210529056e-01
-7.053088595585152998e-01
2.881472375888496362e-01
-4.461327670833636905e-01
2.042003766351356830e-01
2.666118769177572290e-02
4.773697548874635821e-01
6.781846273023912630e-01
9.871707508328269043e-01
-7.563162190594250323e-01
4.202806325709247393e-01
3.414270452112198040e-01
5.118137198272323385e-01
-1.232161743052018199e-01
-9.980255845545649152e-02
-3.837130779136281866e-01
1.427047892357637959e-01
2.210544571810246772e-01
3.020217095432271570e-01
7.091293695410807452e-01
1.070587797644440009e-01
8.411129109498320933e-01
-7.902551279043512622e-01
-3.480752547820902265e-01
4.078968355597172302e-01
-3.897203971161402603e-01
-8.487167424517625403e-01
1.346771247869964494e-01
-3.896729225210711078e-01
2.254837667224403042e-01
1.115135705878800287e-02
-7.126258277144896791e-01
-8.841449472224016670e-01
3.735028982837731437e-01
-6.840103597187559004e-01
7.653878597477750123e-01
-4.840344225832544645e-01
-8.744889788276051235e-01
-8.980506921150257504e-01
3.684856465857684338e-01
-3.290160588683987974e-02
-2.592640699295736262e-01
9.762195548531367173e-01
8.133376205250950619e-01
-7.548478090016532693e-01
-7.313391976565779551e-01
1.675711619682891396e-01
7.555732698185531060e-01
-4.166510033061756602e-01
7.347812600910730296e-02
-4.671172382736707984e-01
3.665821743916735098e-01
2.312248933734069034e-01
-9.484840659107403038e-01
9.955302294653562978e-01
-2.658544847348731643e-01
4.018837463396609522e-01
-8.398661601637076313e-01
8.825063588147727955e-01
8.921407435641077743e-01
6.089348538265801913e-01
8.969939602455512251e-02
-4.960675777776597517e-01
-9.856697965904079872e-01
-9.746452341141351727e-01
-7.114467529272487933e-01
-7.164424543627825326e-01
8.867949454225141359e-01
-4.974954294013411715e-01
-4.098652630102752603e-01
7.622857575938102315e-02
3.673175752322825893e-01
-7.629663205141852256e-01
8.489464734373932675e-01
-2.375306526466343104e-01
-1.495726085142428108e-01
-8.091772327140229759e-01
-5.361369814110490406e-01
6.922851398666842737e-01
-4.916627296834239491e-01
-7.507240545068367688e-01
-3.285513335146306169e-02
-8.640919686065740013e-01
5.840858294674275975e-01
-3.901942716386415100e-01
-3.476193707450281334e-01
-5.921604880706627938e-01
1.471019969523594817e-01
-3.318697227130986693e-01
2.323990293593392042e-01
7.466077613430455173e-02
3.531121623513981955e-01
8.834648626114487424e-01
-1.506526038954161262e-01
-5.063948190110085790e-01
-4.381775205085172153e-01
8.761046259785225665e-01
-3.216635520370700885e-01
6.999316356544647011e-01
1.584173003507907129e-01
8.957187131043347073e-01
8.826487774792224350e-01
-7.861110880322268457e-01
3.042598439307551139e-01
6.091164319205768507e-01
-5.508297468434075750e-01
9.198200762002721742e-01
5.090968785721530221e-01
5.441691539184985160e-01
-6.836150291508646948e-01
-5.744038482103452914e-02
5.911179594374487145e-01
2.448145327245250247e-01
-6.591164409079253161e-03
3.720620281825270936e-01
8.082160497162211854e-01
-7.661308615788868792e-01
3.222788256653270622e-01
9.312944425452307495e-01
3.023058976995662839e-01
-7.192254819486723072e-01
-1.897731797880457538e-01
9.188856420742386177e-01
5.369965391925624054e-01
5.193607010588578987e-01
-4.620458393424109467e-01
-4.978441799232946607e-02
9.360727179352390515e-01
-5.536860757664550103e-01
-3.813592452945424593e-01
-3.120916431066600438e-02
8.929333552586271594e-02
-8.139709470315132922e-01
5.167213758656741263e-02
8.878210523859177972e-01
-8.437087755285745949e-01
6.703176948032401050e-01
-3.784237431167194465e-01
7.944221636284209964e-01
-2.318660918656199055e-01
5.592671507638444783e-01
0.000000000000000000e+00
0.000000000000000000e+00
-1.918106214644734742e-01
5.152783583048525795e-01
1.010368312099176880e-01
9.041498775691971801e-01
-5.463598712586055228e-01
-4.900478544615121113e-01
9.587020067734881579e-01
0.000000000000000000e+00
0.000000000000000000e+00
-8.794666875439816067e-01
-2.958779960970647771e-02
6.662132075735962555e-01
-1.054478891374044380e-02
0.000000000000000000e+00
0.000000000000000000e+00
-2.554642674484601805e-01
0.000000000000000000e+00
0.000000000000000000e+00
1.384423454641381390e-02
0.000000000000000000e+00
-2.004372927130015913e-01
1.000000000000000000e+00
-3.832384342757666484e-01
8.637810176323248434e-01
0.000000000000000000e+00
0.000000000000000000e+00
6.004590847044464219e-01
3.427517327232643130e-01
8.685158901771754536e-01
5.925455485041408732e-01
0.000000000000000000e+00
-1.364704332596264891e-01
3.798088134189272491e-01
-6.039459516617222690e-01
4.821718660059437500e-01
-1.341453197161353028e-01
0.000000000000000000e+00
1.000000000000000000e+00
6.476501201589290879e-02
-1.393295777236669419e-01
3.875581083239372227e-01
-7.391736942273483546e-01
8.950450389851263289e-01
-3.265415895218313214e-01
1.000000000000000000e+00
9.893516811604829986e-01
-3.115567967965815477e-01
0.000000000000000000e+00
-3.132570628679336444e-01
