-9.477360502513432206e-01
-3.987025990056654035e-01
1.000000000000000000e+00
-7.161430761504193887e-01
8.861599385447387345e-01
-3.624655692474360036e-01
-6.429559850927399900e-01
9.999958145344495231e-01
-3.451195174721136127e-01
2.250042905316174402e-01
-7.012373611343406532e-01
-7.340043825290303303e-01
-7.619081006624491836e-01
-7.108130655605826576e-01
-1.000000000000000000e+00
3.322071092107662937e-01
1.872523821756098134e-02
2.303064194380596841e-01
7.499518284517026068e-01
3.965678256595001061e-01
-4.139652222125787540e-01
2.528436820542313557e-01
-9.924432174214461444e-01
-8.158176535122199091e-01
4.532627256850664255e-01
5.430723230614846742e-01
5.290743676957274655e-01
-4.771003910827228967e-03
-1.942884407209513609e-01
6.354602793092997692e-02
-2.006135228800029202e-01
-4.567054166290195338e-01
-1.582329178307032291e-01
-5.559919344617847425e-01
7.772272109003193208e-01
1.000000000000000000e+00
-1.000000000000000000e+00
1.000000000000000000e+00
-2.317927798624042912e-01
-3.313050468377089497e-01
-1.123792554964888474e-01
-7.264558013425824468e-02
-3.750687068587951756e-01
-5.930332643186456698e-01
4.759165404804368005e-01
1.000000000000000000e+00
4.480931848544838364e-02
5.996527058128873211e-01
-8.896566874473070818e-01
-1.000000000000000000e+00
3.948631427610556355e-02
-1.210035200921560569e-02
-3.288824335078610051e-01
7.766909578216475429e-01
-1.418782392296303874e-01
-2.326968501086973951e-01
-3.150410003473058662e-01
-9.959110003351172580e-01
-1.000000000000000000e+00
-8.352676339593989585e-01
-2.046935064550778338e-01
1.693080030028113470e-01
-9.751752362618251180e-01
-9.640432230210980169e-01
5.629829163476642861e-01
-9.629129985831120786e-01
-2.650392093352039319e-02
-5.915801636381323725e-02
1.000000000000000000e+00
-7.520535465409298181e-01
1.996833638951844292e-01
-2.709289041132655340e-01
4.978860622954479620e-01
1.963092091435365560e-01
3.650695600458454537e-01
3.842907440713569933e-01
-3.477342476932381299e-01
3.652721693823773874e-01
2.542748426161264286e-01
9.257596630810930316e-01
3.418469418984356745e-01
-7.073825164738758442e-01
2.037562195295324341e-01
6.219257406432874280e-01
-2.744325085891182736e-01
-1.000000000000000000e+00
1.655040691367388739e-01
8.174565131838659182e-01
-7.671540932317736372e-01
-3.458756998521502757e-01
8.564631216552941462e-01
-6.790806968234153196e-01
3.765006625984638200e-01
-1.000000000000000000e+00
2.158969187241371532e-02
-2.842482018171833547e-01
-4.319309243826830458e-01
8.881243341433582295e-01
1.051612533926263582e-01
-6.802059556795497786e-01
-1.000000000000000000e+00
-8.076809382118528557e-03
-1.000000000000000000e+00
-5.052221771632290359e-01
-2.257247506058671360e-01
4.527378862787758695e-01
6.790643768803077129e-02
-9.346072654225532350e-01
5.425875446430131754e-01
-2.230516572000599829e-01
6.382759271855925620e-01
-4.792080743930714481e-01
5.019554884495519564e-02
-1.710841732646830593e-01
-6.187637012233711958e-02
-1.000000000000000000e+00
1.749471228519070831e-01
-5.266543842282478405e-01
7.076247271855727883e-01
-4.418760809741642537e-02
-1.382016241074658994e-02
-8.285426866357353815e-01
-1.000000000000000000e+00
-2.225399923746223252e-01
-4.930067780629976415e-01
-5.120816462795013679e-01
-4.923945615034676093e-01
7.098974558495967369e-01
1.755419367784714080e-01
-1.332831286396651549e-01
7.754375557163429855e-01
8.529985974824257910e-01
-5.825097616969232561e-01
2.994813353359745411e-01
9.835834866456112380e-01
5.285190296965173173e-01
7.196279889853889333e-01
9.448288966395435029e-01
-7.675036943307238513e-01
-3.805999498459454178e-01
-5.946151065078248976e-01
-2.157735002926133294e-01
-4.337891316107613804e-01
-1.891753813431918119e-01
2.033197670448746996e-01
3.804874890805780563e-01
1.000000000000000000e+00
-4.129226700501513192e-01
1.248979373290652756e-01
-7.097079807480859426e-01
3.564701941997062695e-01
-1.541610133228175916e-01
4.043589761048802522e-01
5.604345858318175999e-01
-7.578350385054676286e-01
7.440165133622689275e-01
1.629146461621864411e-02
-4.580806676976940661e-01
-1.583446955519644261e-01
-1.340938914838469831e-01
1.000000000000000000e+00
-6.123603345983802404e-01
1.208311985123489002e-01
-3.450024706694843069e-01
4.575244723599189434e-01
-2.895335971705708111e-01
-4.127630895972392855e-01
7.299345160688148759e-01
2.242680186006276721e-01
9.880255119009380416e-02
6.678119924106649119e-01
-1.189345285153962234e-01
4.999575074889366921e-01
7.446749308813213064e-01
-6.170774040264467297e-01
-3.283638624800861439e-01
-6.134916861230230601e-04
3.309094564622253598e-01
-1.590026834627818880e-02
-9.921332267055180676e-01
-4.404336181488453517e-01
3.752266431835863392e-01
6.201088069391900159e-01
-2.360539611266614379e-01
1.103196132539874252e-01
1.000000000000000000e+00
-1.044148059342783208e-01
3.427510984571533470e-01
5.032855263130245164e-03
2.998221348905564243e-01
4.786845944497448713e-01
2.976481809842779214e-01
6.427802357468453964e-01
-3.319285741823364555e-01
-3.665708178988848487e-01
-1.918145388886658143e-01
-2.472949190488007154e-01
4.150381926323211124e-01
-3.546519593613631227e-01
-4.362262766860122709e-01
-2.099399981557376754e-02
-5.821323760452355722e-02
9.732357305678686343e-02
-5.951571884199977625e-01
9.304325397337713799e-01
4.731938760913147884e-02
-5.734580807013912596e-01
4.459008108710064144e-01
-1.382875450269753781e-01
4.220304512140721220e-01
-5.210686735695244653e-01
-4.694180362516565674e-01
-1.195428147411935482e-01
-6.208601193036497046e-01
-4.457796785895027369e-01
-5.598276839930197424e-01
-3.841085780167859953e-01
3.231524758774921846e-01
9.315191290677383718e-01
4.117385163227539335e-01
1.000000000000000000e+00
-7.844061527638143128e-01
4.525501230655770701e-01
1.000000000000000000e+00
-9.848988171593758834e-02
-4.777351041049844316e-01
-9.580016258690741970e-02
2.916905063591063163e-01
7.737977719767756835e-01
9.818971651862962169e-02
2.576728331375136016e-01
8.930336574177399900e-02
2.355972031597721728e-01
2.368581957498030743e-01
-8.050495419575083300e-01
-2.765725613835299246e-01
5.478640419891778190e-01
-7.739014022505935619e-02
1.000000000000000000e+00
2.901783591275600704e-01
4.835075990315703121e-01
5.276444265688096102e-01
2.326471308500754065e-01
1.000000000000000000e+00
-4.915274218631642683e-02
-1.910826935233883861e-01
2.856074090728809300e-02
-2.550584587337207942e-01
1.155866445196920278e-01
-1.753593695089311622e-01
-3.975996322183609766e-01
-3.051825840457680350e-01
7.664193366493341486e-01
9.190905326607921033e-01
1.000000000000000000e+00
-4.613466109742537791e-01
1.000000000000000000e+00
-7.023543008780798458e-02
4.843126015389795924e-01
1.000000000000000000e+00
-6.334387845039115561e-01
-1.000000000000000000e+00
-1.665542168712268734e-01
7.405772346268182371e-01
1.000000000000000000e+00
