4.140871080381473557e-01
4.525611289110468283e-01
-5.669359342165571913e-01
9.550286451209893945e-02
-4.605947708438541399e-01
-1.806470613295644290e-01
6.931347207659581400e-02
-1.263378184929257915e-02
-6.805011833161226376e-01
-6.082244157178530175e-01
7.935167782059128205e-01
8.169164234210687381e-01
-4.852893095487980646e-01
-2.457301176542945054e-01
-5.568171094129491516e-01
-1.000000000000000000e+00
-8.803047451264035539e-01
-6.424290708091948687e-01
1.000000000000000000e+00
9.701735450710019526e-02
7.097291937435608045e-01
3.718647201785558187e-01
3.099798706848104213e-01
-4.962757163554482598e-01
-6.230896692543427262e-01
-4.186787172709754284e-02
7.163834960329131807e-01
-1.000000000000000000e+00
-1.000000000000000000e+00
-5.434173366804593286e-01
4.023273701720294637e-01
-1.773417167010016005e-01
-2.995132430518140931e-01
-1.612788918559140139e-01
2.115808539201958216e-01
-6.311552734086424143e-01
7.794461356785838957e-01
1.295566368165408933e-01
1.000000000000000000e+00
9.242701983216468076e-01
-3.962126848927179923e-01
-3.641547150600456528e-01
5.341338052608984865e-01
9.228267881774657733e-01
-9.880843514255822635e-01
1.278032762626396257e-01
7.762500818070362518e-01
-2.496085210449991709e-01
-5.868447743085376533e-01
8.370189058566543938e-01
8.215274709221886962e-02
2.937433100177204714e-01
-3.084947489188412384e-02
-9.088682010662554323e-01
-5.923858097445001691e-01
-2.881501761238356440e-01
4.789614947715432614e-01
-4.154341330367081753e-01
4.688896190158360344e-01
-3.049761331922854479e-01
7.357815407618607528e-01
7.004388014811440133e-01
-8.368323990907757803e-01
-1.952949330416101359e-01
3.592609108773621163e-01
-3.563087499289081528e-01
1.153672480273248424e-01
2.865102910201590136e-01
1.807272951219594803e-01
-8.244748990746367245e-02
6.860176195555373058e-03
-1.735616672795178284e-01
8.610395300035687816e-02
-5.121338981793495115e-01
-7.675107136541952091e-01
9.051333927039001415e-01
-2.735755947815834421e-01
6.363876596059296897e-01
-2.470665519194499282e-01
-4.573668057916372431e-01
3.199658664874152070e-01
8.543801646399212801e-02
-4.572815371486714797e-01
3.654099850880410671e-01
-1.890889835230372129e-01
-1.804740590216029339e-01
8.882446631492159073e-01
7.366903608981428819e-02
-6.321417135126492504e-01
1.828257557936845135e-02
-6.585302872878079361e-01
-8.887039200039213993e-01
-4.018325027795217053e-01
5.616282414907807219e-01
-7.307627077478073829e-01
7.362438170924531788e-02
-2.325996560271014757e-01
-1.343389970980822801e-01
-8.624170814310583300e-01
-5.368724565475377526e-03
-3.281879266856504440e-01
-4.405388495938458160e-01
3.582403218510572807e-02
9.763336285035488782e-01
-3.561125385746850558e-01
-1.985982696902146016e-01
-1.000000000000000000e+00
2.196115066737385213e-01
-9.667888587259766686e-02
6.348664602250995159e-01
8.597061143415202222e-01
-6.598400205998689039e-02
-1.000000000000000000e+00
-7.042724643398684536e-01
-1.767288220855103287e-01
-8.683451556793244652e-01
-3.622477954629401142e-01
5.250856175197924358e-01
-8.386192810975072742e-01
2.452501605811164553e-01
2.915855933758726981e-01
-6.431701304058452529e-01
-2.003478860035590170e-01
2.741373669361630294e-01
-1.000000000000000000e+00
-6.507823116100196204e-02
9.713969216955637975e-01
3.182763993968202865e-01
-1.744244345658039763e-01
-5.663730126578245816e-01
-4.312902909291483344e-01
-4.188939066212928886e-01
-2.403193776407014370e-01
-2.519434097308576037e-01
8.862356280660806940e-01
7.994692258544092711e-01
3.280272388945069117e-01
-6.281739793598217769e-01
4.823475024283543355e-01
-9.578725046499585449e-01
-2.144231114009484407e-01
8.639208145261567662e-01
-3.042122840364752667e-01
5.412041783253589422e-01
-2.152752498284179472e-01
1.000000000000000000e+00
7.738940470880186773e-01
-9.917480135160576804e-01
-1.264530332391380352e-01
-4.101113587270013294e-01
-3.255206659858366769e-01
-3.035607079244702078e-01
-5.608443371087898921e-01
-4.804655673693927209e-01
-9.660507377282919750e-01
8.283045005135988292e-01
3.130283627237001598e-01
-2.428452930588273218e-01
-2.868091053725871920e-01
8.320477349162851421e-01
4.277532979749960607e-01
6.156111104258134015e-01
-5.730588612177931473e-01
6.641478381683101062e-02
6.806272536181570132e-01
1.604629277889983024e-02
4.533078566766959305e-01
-1.852029911766021331e-01
9.190024737094096841e-01
6.092637311883941642e-01
1.571538351978461479e-01
-1.575522839722946489e-01
1.000000000000000000e+00
-2.041320741231209823e-01
3.173735098827689116e-01
3.223160860587404378e-03
-3.021482243740412077e-01
-4.652617404068965512e-01
-2.867935725885975007e-01
-4.825255007699169041e-01
-2.795336811968259783e-01
-2.752048147349593354e-01
1.874440962002709987e-01
-6.556546812314264505e-01
-2.233885737738169897e-01
-7.992582104352399242e-01
3.188767764337824828e-01
3.822127102021327660e-02
2.230866420234583203e-01
-7.214228326047825712e-01
-5.875796325428344069e-01
-9.836336106062524287e-01
-2.034751687348638483e-01
-2.042542150531356515e-01
6.157392681349538321e-02
3.442761449995339063e-01
8.811940463840681748e-01
-3.199030346930843427e-01
3.361434405908644840e-01
-8.295255153684198968e-01
2.581953622810232996e-01
-2.131801585761772255e-02
-2.315572616825174179e-01
-6.275768721923187243e-01
7.459129084736055848e-01
-1.716162781330064502e-01
1.000000000000000000e+00
-4.348321047797337746e-01
-3.236993251162794127e-01
2.485533032621825289e-01
6.582477344612339687e-01
2.018163880276692690e-01
-2.786002893914732437e-01
1.000000000000000000e+00
-2.499705373017123422e-01
-9.999493759808287807e-01
8.645764302888180319e-01
6.313836696553971617e-01
-3.790595972774729594e-01
5.697483905343248001e-01
7.025326162705145538e-01
-8.644719891725316518e-01
-2.572813116799507749e-01
6.277452984794558155e-01
8.727636745784703720e-01
-1.010880174932904801e-01
5.691988874534180676e-01
-2.206000154000802294e-01
-1.200424386108875363e-02
-3.264522478890196644e-01
-4.570802449087488228e-01
-4.851630593272142633e-01
-1.507549414253028242e-01
-1.085943719746045866e-01
-6.306601967817154764e-02
-1.493922620134040258e-01
-2.538594413209748213e-01
7.179704089567381375e-01
6.683079128949664938e-01
9.127167711112054160e-01
7.091604801819320070e-01
9.742729052767977738e-01
-1.364512242401361153e-03
-4.656355890254219032e-01
1.000000000000000000e+00
-7.628514690892607142e-01
-7.965804673600332952e-01
5.940864733940841580e-01
1.000000000000000000e+00
6.257950891682918515e-01
-2.164653837926859281e-01
-2.579434235745078352e-01
-3.975193749575914315e-01
-3.838613924064870897e-01
6.215811728614674125e-01
9.774136629207360594e-01
-8.601135926642464180e-02
1.726777834076087537e-02
8.327567935351865014e-01
3.832353222358515499e-01
-6.420348677595375531e-01
4.286747080333620508e-01
9.950362294543539932e-01
2.159451719595967822e-01
7.724670749713153928e-01
