-4.088435884104879570e-02
6.126064127506833934e-01
5.231755109091327238e-01
-9.505334986172691014e-01
8.499250505892264052e-02
4.456599117817123812e-01
-3.767099746166393537e-01
3.739045072909530365e-01
9.871156334311419478e-01
-1.404040153326715501e-01
-9.193668204482952078e-02
-3.103670664995772377e-02
-6.350996438102021191e-01
-1.163897233453514701e-02
-3.258002449616315133e-01
7.774548436715831290e-01
7.933903103812007807e-01
-8.956159821953522115e-01
3.700614159838280237e-01
-7.845874876974721079e-01
-3.483106946645619928e-01
4.500608700646060445e-01
2.949318367210733705e-01
-4.003169177071235207e-01
-4.579768130906027856e-01
-3.090138907973114524e-01
-3.327175216188045237e-01
5.919021437417704146e-01
8.998585297793024740e-01
-6.929134731354624765e-01
-5.525412187855118784e-01
-7.984172631838242218e-01
0.000000000000000000e+00
-2.060958100440475338e-01
5.419555570662641930e-01
-2.552696086521717422e-01
-2.348993923882092272e-01
0.000000000000000000e+00
2.228220773828020196e-01
5.539744594836697456e-01
7.577610414940345596e-01
-1.598713136594782647e-01
7.563743176734987195e-01
1.932291314923169079e-01
-9.404899623126701247e-01
-7.860839623393147679e-01
-4.793056819010867997e-01
9.736418928552681429e-02
-5.914426525640734678e-01
8.255441623035237875e-01
-4.589418095234540917e-01
-9.586351559270229750e-01
-6.796259254117333892e-01
-9.420106291219754180e-01
-4.630028789864115701e-01
-2.245646506125424935e-01
1.083069717312428182e-01
-2.900460731374476797e-01
1.919016454567872287e-01
-6.908471146530383855e-01
-1.027579406873135870e-01
-7.591938499584736100e-01
-7.285667213190671898e-01
0.000000000000000000e+00
2.496142924188275991e-01
0.000000000000000000e+00
-3.491387972273274354e-01
2.480264944092120949e-01
0.000000000000000000e+00
1.727231759553837787e-01
6.937390249240782403e-02
-1.408810341987989379e-01
4.683324708088538735e-01
3.810379205949865344e-02
-2.382760071601854879e-01
3.273048677449752475e-01
-6.404111755880821377e-01
0.000000000000000000e+00
-5.589716414752667895e-01
-8.878502886586128184e-01
6.522591833687805263e-01
2.521259883790973877e-01
1.904284437857914902e-01
-3.221258332974545890e-01
5.593580882215900552e-01
2.842126517668022156e-01
-8.929100517821948468e-01
-4.134617488531195928e-01
-6.980613893887444021e-01
5.550911853204825164e-01
-6.239911176736201437e-01
2.188994386432225880e-01
9.883784009377956092e-01
-4.294886762026834948e-01
1.269095604642842545e-01
-1.565689663159735012e-01
-5.535021141601730310e-01
-1.495964988995421852e-01
-6.665276975272382831e-01
9.287562390171810733e-02
8.349350852377190879e-01
0.000000000000000000e+00
0.000000000000000000e+00
-5.140871298137259515e-01
-2.221154676560264107e-01
-2.784740272949042250e-01
5.277229792010551535e-01
-8.547407004515956697e-01
5.268315652709694152e-01
-2.627698822270199130e-01
7.393333519108185037e-01
5.340893833490676368e-01
-9.231465486207290905e-01
6.955182820560927848e-01
-3.819685284124560987e-01
5.260369582390365117e-01
2.180094460282633317e-01
3.733761720130646111e-01
4.397397333007944109e-01
-4.133144373560315721e-01
-1.161826556671174959e-01
3.821631265577907222e-02
-9.428877070981578346e-01
3.655775962007643543e-01
-1.263644964750676447e-01
1.630010858339163704e-01
-6.918154237404101625e-01
1.163215548760487827e-01
-9.685881740245079197e-01
-6.065879904962958591e-01
-2.904251152098118460e-01
-3.606544648006289044e-01
2.621061190324043277e-01
-1.744198983131148850e-01
-2.776682281742288705e-01
8.141466343810017658e-01
2.756631634012156606e-01
-4.250073357866113177e-02
-9.660415268300341918e-01
-8.260272711267531154e-01
-3.758899341843726649e-01
8.673046996148401355e-01
9.685106248809185470e-01
2.471507591968529205e-01
-2.385189004599956863e-01
-8.615432122810762205e-01
1.103891179321587757e-01
-1.578311841926800518e-01
-9.321778923524248750e-01
4.023085123191094681e-01
8.788854221180932846e-01
-8.461863118159662633e-03
-4.709555407151220230e-01
7.482944910198199295e-01
1.571174981531284764e-01
-7.765793208339506482e-01
2.640255767393597797e-01
-8.545944521391899418e-01
-8.640773899228542110e-01
-8.352567636798515771e-01
-8.601936405209666958e-01
5.213642361713310969e-02
-8.649559222766713962e-01
-8.436562013840176455e-02
9.283321355730675961e-01
2.612703801142415294e-01
2.353469665771317221e-01
8.606735261086482236e-01
-2.711359192403119955e-01
-5.383344153571292257e-01
-1.902671795639789831e-01
3.445893536812247859e-01
-6.058932486497317083e-01
-5.883850205243490450e-01
-1.624673085142172013e-01
-8.492519713379831359e-01
-3.005652665951583646e-01
-5.742859531107267212e-01
7.592356298044447005e-01
3.653171219612563192e-01
-4.320451779188758668e-01
7.152796743691927084e-01
-2.648412875277947887e-01
1.500924095053701723e-01
-5.331468385510462760e-02
-3.257549734464844082e-01
-2.396156470213570699e-01
-6.094460053589678683e-01
-7.890596668949256820e-01
-8.726944102067528686e-01
-2.967438699386080181e-01
-9.508342921883925491e-01
-9.339569605754105552e-02
8.049480763522196547e-01
9.896918493374888826e-01
-9.254074225084192307e-01
-3.840432766635151207e-01
7.770080105341912180e-01
-7.331806584265931903e-01
-2.067157318853096726e-03
-4.979162645901225037e-01
6.452108284327773280e-01
-9.996512421318826114e-02
1.165538506330474622e-01
1.917269228260165548e-02
-5.264756781141572972e-01
-9.000619957572661978e-01
2.317762810697787668e-01
-1.115368052760050688e-01
-4.008593491396528208e-02
-5.067131672890559102e-01
7.453449286872082524e-02
-4.608150963017774160e-01
3.724200511093034294e-01
-6.276497045595894608e-01
6.504518211898964175e-01
5.061506595180369494e-01
8.146072447783945236e-01
7.477144244823095143e-01
9.385794078767277782e-01
2.942927498015071031e-01
2.810630649421748117e-01
4.167487223816495057e-01
9.302781026997988256e-01
6.141230987504642247e-01
-6.276161126566583981e-01
-6.627678596352071239e-02
8.050746841471971837e-01
9.607716975068367748e-01
-3.012424002629510156e-02
5.150109762149375214e-01
-8.698730479313689923e-01
-3.699346417705704493e-01
-5.442397005427581647e-01
9.969652570401099645e-02
1.583952758980249342e-01
6.012325014550441438e-01
-2.104162350996170439e-01
4.962560480270217234e-02
4.689896904096351182e-01
-6.938019646369535387e-01
-5.050154962909627621e-01
8.601186689005935193e-01
-1.154732607575037484e-02
4.786560709301179717e-01
5.136713236511374348e-01
-8.612499179415564754e-01
1.622779855615441580e-01
-5.187888657046115792e-01
5.701971915628263332e-01
-3.150729198292017141e-01
-8.937941465390244478e-01
1.194618742033413117e-01
-9.019885982172344274e-01
3.900234528227997099e-01
8.159709170656448407e-03
9.254620151197823219e-03
-1.654424075714306941e-01
2.036640084936944817e-01
-3.008671841634587008e-01
-5.445219424971525779e-01
-5.843167502619488474e-01
-1.499677334072493373e-01
9.062509162947907093e-01
-6.675831401855083502e-01
