4.554114946689105103e-01
5.844930144168397623e-02
4.345413890629350878e-02
5.287078165353598092e-01
3.309237356379367556e-01
-4.022399777977086477e-01
3.978496898829547157e-01
3.279667670558493731e-01
-9.280804114621807321e-02
1.483160216250286045e-01
-7.317907949106011722e-02
8.041275971365757780e-02
4.082431338081451422e-01
6.355403931213957636e-01
1.687982642578992887e-01
7.210682701783674986e-01
-1.638253190002113835e-01
9.675888872476350322e-01
-6.854022594270196000e-01
-3.595886095549865047e-01
-5.683787906359532016e-01
1.439673730089241488e-01
-1.494956664459223816e-01
-5.763387522953209441e-01
-1.418177374384143596e-01
-5.183589443179145162e-01
8.073724922157260453e-02
5.591265698363148129e-01
-9.421250803865872658e-01
2.547940895521472182e-02
1.000000000000000000e+00
-3.401081925056065880e-01
5.284999282894413675e-01
2.870786803308230106e-01
1.000000000000000000e+00
5.550985715869731774e-01
-1.000000000000000000e+00
9.360203313579379403e-01
-6.160298435937682227e-01
3.781777936790862160e-01
-6.242030714584226869e-01
-7.363311268615854166e-01
-5.796385408716275833e-01
-3.701197983511670953e-01
-6.071570454798626004e-01
-1.420260804630769091e-01
9.211260379278702892e-01
1.556496655650061733e-01
-6.202807576176728732e-01
5.126695975969075558e-01
2.566950980026947438e-01
6.728901622941751981e-02
-7.658433243463358409e-01
2.248419116026553477e-01
-9.872343346905025907e-01
9.463273625512196308e-01
1.000000000000000000e+00
-3.178127816840882747e-01
-1.106432052456374215e-02
2.488062405120916032e-01
6.718968338329784906e-01
-8.206210878632165251e-01
5.110297131088207268e-01
-7.134185704460457300e-01
-1.956329506637727034e-01
3.521356277573288729e-01
5.230452086459662642e-01
6.658060734359334543e-01
3.941710057366375197e-02
-1.171334981036642742e-01
-7.907224653629338906e-01
-1.033601595037136334e-01
7.914743367097502036e-01
4.557037215804776720e-01
3.433570305234751041e-02
4.943847949460260238e-02
8.251521988530604590e-01
3.823919761339560353e-01
1.470067847040793241e-01
2.193501476812212414e-01
3.817907373129773574e-01
3.956750698860930227e-01
-1.611973896491872282e-01
5.674152169214362607e-01
9.758961475086227466e-01
-2.780313367321391449e-01
-8.235341306003045592e-01
-6.431255101166389876e-01
2.203401200856102138e-01
3.565366237384428039e-01
4.159090796100391452e-01
-5.291541640509598299e-01
-7.326699028913656875e-01
4.171556112210287326e-01
-1.000000000000000000e+00
-1.000000000000000000e+00
-1.375642963800187968e-01
-9.436376763773030030e-01
-7.600118239039261869e-01
1.668674647131682398e-01
-9.866710956624102913e-01
-2.162927422692788870e-01
2.965464367420640457e-01
-2.575835403276907076e-01
-1.000000000000000000e+00
-1.290986563681938426e-01
1.563880678459098061e-02
3.799604578481507455e-01
-4.489816568315490031e-01
-5.662926221134312321e-02
-6.426192338655950520e-02
2.657085217841760882e-01
-1.602492691795657787e-01
-9.145838026211979832e-01
-6.362576017284233831e-01
-2.808894511309064090e-01
2.999013410141720959e-01
-3.515092126550767304e-01
6.097496511136297759e-01
2.023748281936089133e-01
-6.216074033700424301e-02
-4.168990787533027875e-01
-8.597677214870450557e-01
-6.143705032357849039e-01
-1.917870347704768164e-01
-2.275768937675722026e-01
2.921829935405368950e-01
-4.495316382105508102e-01
3.387243529335898229e-02
8.647305271153975514e-01
1.392929742056188136e-01
-7.528178083220818939e-01
-8.652009658402208814e-01
8.246380779959047169e-01
-1.735390227334154267e-01
-1.000000000000000000e+00
3.264590761448813439e-01
-3.523527162909048105e-01
8.762503947649210589e-01
6.221159057550486315e-02
-2.203362646541799919e-01
7.917249621345766597e-01
3.518549034289649713e-01
-8.762143025751414349e-01
6.201500590591081385e-01
8.418502659355954210e-01
2.582245283336430663e-01
-1.000000000000000000e+00
-6.657092396911723498e-01
-7.073802226579528618e-01
4.713753092227180308e-01
5.916770843116665457e-01
8.579677437676606067e-01
3.644469353029291536e-01
-4.294713486631975274e-01
7.294556039198240027e-01
3.200085592606330964e-01
-3.425172422079370005e-01
-5.492283271171992665e-01
1.863777709235285851e-01
-9.405333316396038423e-01
7.729564520823758444e-01
-8.310636770588477606e-01
-1.698589043693085887e-01
1.617970275609398878e-01
4.632096442185862362e-01
3.286198670659528642e-01
-1.592423869115202062e-01
-1.000000000000000000e+00
5.953362911278240466e-01
-1.386741644260472694e-01
-2.480343863703955432e-01
4.454733532184226297e-01
-1.380789021428523999e-01
4.385024234497320039e-01
6.019591123309162572e-01
8.314961681876234523e-02
-8.324447001754847753e-01
-6.092091241574435490e-01
1.238092993067531206e-01
-2.117723309663431253e-01
7.210294455196483709e-02
-1.985314893567120542e-01
-6.349365062181200337e-03
9.811157123550507952e-01
-3.247100194368377490e-01
-5.932344540242624475e-01
-2.839073620411931564e-01
-9.638307234516962918e-01
-1.230046674574051674e-01
-5.204628107663921144e-01
8.304350099339286029e-01
4.625656596943541476e-01
6.316030299217484378e-03
-9.818256004999517325e-03
-5.200532779333378874e-01
1.000000000000000000e+00
-3.046327461509485968e-01
-1.000000000000000000e+00
-5.151058570511845014e-01
-7.019579455348364805e-01
-1.000000000000000000e+00
-7.622688991253324664e-01
2.625136747624272071e-01
1.282254741274599374e-01
-4.859464119649703484e-01
2.180960195475699359e-02
-1.101083869477967048e-01
-7.266692747890790560e-01
4.536916733234049315e-01
-9.325223974376407599e-01
7.508296871010528006e-01
3.453502597348289682e-01
8.746883362283662533e-02
9.273673916882118062e-01
9.654667470340703994e-02
-9.501006198711059447e-01
8.482682649363172400e-01
3.340277579026355026e-01
4.335960765838045572e-01
3.691824092651494471e-01
-6.655217185718373951e-01
-5.938747214441645328e-01
3.062532803606582421e-01
5.856233341386511970e-01
-4.803059778576986849e-01
6.855326319707617522e-01
5.087332944197546780e-01
3.760659373870219868e-01
-4.006161543805139003e-01
-1.000000000000000000e+00
-7.044099754192305607e-01
2.178377070943142771e-02
2.359535197387316874e-01
4.270967837408263246e-01
-9.877873415157063519e-01
3.089087555148284370e-01
6.618969725985971442e-01
1.216603071239700240e-01
9.762290878560583307e-01
-5.289007456225569559e-02
-6.122421360876570962e-01
-2.708872826943076184e-01
1.857533461057395141e-01
3.957173761797498635e-02
-8.299458579723176244e-02
-5.071615992295535058e-01
8.895591442998256049e-02
-1.095604611040928711e-01
6.315587563200983912e-01
5.315469196928227502e-01
2.252378200423296728e-01
9.490760367133572739e-01
3.070458539992756974e-02
-4.634018643914499247e-01
-3.228101733129305484e-01
9.180195165490879772e-01
7.888795753896856722e-01
-2.974666290324517459e-01
-4.867639124351657576e-01
-4.868933355250470996e-01
1.593906163383402019e-01
7.910958058071849708e-01
5.168295919644889658e-01
2.433886985327436969e-01
