-7.078803712472687970e-02
-5.682931993120031722e-01
-8.214593311175611978e-01
5.570074027198987920e-01
6.569017576761300159e-01
5.724827154764012827e-01
4.813284288296275637e-01
4.674783434335844645e-01
6.794495730911201958e-01
6.371602870765095128e-01
1.000000000000000000e+00
1.144802429765302137e-01
2.123784924064901214e-01
-9.376515725962484282e-01
2.354435366318881617e-01
-3.231398769035520591e-01
-5.963337506975671110e-01
-8.031589960704799136e-01
-1.005998092895921958e-01
-3.394279580911779282e-01
-3.467577551797326740e-01
-5.139716975615912231e-01
8.180490715138580837e-01
7.532269426965005898e-01
3.706737485674747590e-01
-8.475181550975411371e-01
-2.740194919682562361e-02
1.000000000000000000e+00
-2.919240504624898147e-01
5.647954462427392519e-01
-1.000000000000000000e+00
1.000000000000000000e+00
7.360559355420122074e-01
8.006586138651280438e-01
-1.000000000000000000e+00
-5.973927098384221868e-01
1.409322279298433900e-01
1.667032806027496095e-01
6.334249444732004131e-02
9.995526351674566268e-01
5.583194880782325065e-01
1.028993298084840968e-01
-5.613667951848489990e-01
5.813024602626415405e-01
2.636683699326880514e-02
-1.000000000000000000e+00
6.789536658086909870e-01
7.710332005035599456e-01
-4.726125637094984455e-01
-9.711763785498436219e-01
-4.322505994595647882e-01
-6.976367886716263733e-01
1.000000000000000000e+00
7.941344910095011755e-01
9.073128863725862248e-01
1.000000000000000000e+00
3.600887983956861382e-01
-1.289103917946696487e-01
-8.895783554418720263e-01
6.935483356966649637e-01
3.234488080766554918e-01
-8.557587725322183259e-01
7.758271811061838719e-01
-8.079692929049782091e-01
-4.609601734361511993e-01
8.255191817264894150e-01
-1.205659759001190268e-02
-4.904941422132910178e-01
-9.413261564510505552e-01
-1.000000000000000000e+00
-4.618139367162635289e-01
-7.736665101603532602e-01
9.744531088445708145e-01
1.000000000000000000e+00
8.964235078477839069e-02
5.210068516779498005e-01
-4.809719845049623688e-01
1.000000000000000000e+00
5.285704091278491390e-01
-6.406784955938550352e-01
8.647047705299721887e-01
-4.364278553254000714e-01
4.387308281973159585e-01
-4.936464537108312817e-02
1.693090364319394525e-01
-5.535624670019335669e-01
-8.668036941408145679e-02
3.222179681290582298e-01
-1.000000000000000000e+00
-6.436754811047087910e-02
1.938389633790234545e-01
-6.092246438457442625e-01
7.516730788823201559e-01
2.441487861240875246e-01
2.567338619652357323e-01
4.013779581491021542e-01
-7.820972686614895419e-01
3.002275461735597895e-01
-8.718536388974083007e-01
7.657007520336486794e-02
-5.834436828292628441e-01
-7.666285245302237872e-01
-2.503826063018231851e-01
-4.933854647879799549e-01
-5.941400260435606567e-02
-6.782190526357028126e-01
-4.267050631532795513e-01
2.970220990710102926e-01
-5.811886119410443197e-01
4.818098417011956736e-01
1.033232803410475409e-01
-1.892455536643325720e-01
-3.106563327935238927e-01
-5.163337657607808273e-01
1.000000000000000000e+00
-3.526034058931503679e-01
1.822703731331519195e-01
-3.891296392043427366e-01
9.752031237714673395e-01
3.431025217575376929e-01
9.646232844436024578e-01
9.369068258192523313e-01
-5.635667432827571321e-01
6.110398111873988070e-01
6.039794746452190610e-01
5.212581363137196444e-01
5.109616255532462015e-01
6.906559697406995380e-01
8.934750516891587502e-02
2.243801170912595455e-01
-4.716450061273266131e-02
2.344055256406787635e-01
7.992065884976760903e-02
-1.190274459697019255e-01
-3.561369356464979541e-01
2.565534924915698345e-01
9.483257343924788030e-01
-7.656937816946662867e-01
-8.029558600560067205e-01
5.570048594752870230e-02
-3.114664788758687575e-01
1.072726032251882233e-01
3.445609643966974223e-01
-8.832642252604712141e-01
-6.499078306469253663e-01
-4.365461056715770338e-01
1.000000000000000000e+00
-5.271010607716870577e-01
-3.339784112460738585e-01
-1.697323007398489070e-01
1.000000000000000000e+00
1.000000000000000000e+00
-1.000000000000000000e+00
-3.709855974197135975e-01
2.120950878968629050e-01
2.773286605701219543e-01
-4.508660076903711622e-01
-3.271390640226034541e-01
3.454461144889870994e-01
-1.000000000000000000e+00
-5.537730797373138225e-01
1.093861888190285070e-01
2.408003141148314374e-01
-5.327207230473877120e-01
-2.709834409975572789e-01
9.610976721623264440e-01
9.222777124868206111e-02
-8.489409575711009959e-01
1.000000000000000000e+00
-8.187930809739465965e-03
-1.000000000000000000e+00
4.843894463871998429e-02
-7.894925665249955538e-01
6.132456628645939489e-02
-7.640140901280689789e-02
3.310628928047988362e-01
9.110984961724191145e-01
4.855818462088822840e-01
-3.407463895646963836e-01
-5.144028129036063435e-01
-2.635633921403660040e-01
1.000000000000000000e+00
-4.114318591669495206e-01
7.572239591446239260e-01
-6.712315305256380538e-02
9.221224053985357383e-01
5.304726498604923624e-01
1.457581828745531660e-01
-9.955899554809027885e-01
1.000000000000000000e+00
-2.145059726960666935e-01
-1.000000000000000000e+00
1.000000000000000000e+00
-7.568629863520830447e-01
-8.104149853531816827e-01
2.119245244173248166e-01
-2.033545839228991792e-01
1.000000000000000000e+00
8.878263529105396845e-01
3.506385982650557231e-01
-2.509452066334439957e-01
1.578858602289827662e-01
-1.308268452005535709e-01
8.071252747634705127e-03
2.368892676673418629e-01
-3.713421510938175185e-03
5.960150241267597737e-01
3.787740980938602564e-01
-6.248084615111320073e-01
1.777721113888702104e-02
-5.703725716399765666e-01
-1.371507014056398965e-01
4.059658513381482203e-01
2.205734926173956723e-01
9.929272550836657496e-01
-1.000000000000000000e+00
3.519519023860252505e-01
3.346926478553561846e-01
-7.181375117279255038e-01
2.374206377361703924e-01
-1.000000000000000000e+00
1.000000000000000000e+00
5.911721804435566829e-01
9.714613879540481833e-02
-9.145197479827803511e-01
-6.853241994845865603e-02
6.337560902456224055e-02
-1.693755745765798126e-01
4.021311695186319257e-01
-3.729007030071133655e-01
6.783285993959549398e-02
-1.000000000000000000e+00
-9.904350009369794483e-02
-1.612495154757961555e-02
-1.000000000000000000e+00
-3.984793559196846413e-01
1.000000000000000000e+00
4.158375017789431860e-01
2.680944509415562615e-01
-4.064023334713256497e-01
1.854283854455024416e-01
-3.802251254143302339e-01
1.631747099944583779e-01
1.000000000000000000e+00
8.569210199812168360e-01
-6.662589070511835132e-01
-9.210193573160357916e-01
8.649250202997778025e-01
3.907595712667721322e-01
-1.591599741848864769e-01
-9.735069375308302853e-01
1.939234882832258089e-01
6.778692613067003325e-01
-2.365428759753453181e-01
5.036835057014474870e-01
8.054397181790629023e-02
-4.407235187360977746e-02
-1.435386183138452898e-01
4.483355640816115151e-01
-2.920174010270701892e-01
1.000000000000000000e+00
3.597187361773730441e-01
-2.034748887747974966e-01
1.004485005087463051e-01
8.335314882357792721e-01
