3.725013201379786532e-01
-5.818281401764555660e-01
4.277748079377861196e-02
6.758269611042999614e-01
-5.741346068109283163e-01
-8.463200873763199183e-01
-5.437583450241176841e-01
4.743608044035454441e-01
-9.652170535419060116e-01
-1.523680172471603700e-01
2.323905672321987803e-01
7.331775021547314031e-02
4.064245376283868172e-01
1.839141386917395038e-01
6.733700935379394181e-02
7.685182301508358682e-01
-7.868780549016726744e-02
9.685054965162591678e-01
-8.404648296587641232e-01
-7.232962467362842318e-01
-4.498025162639748276e-01
-3.872669253166108883e-01
-8.360467737659274534e-02
1.704603610876626596e-01
-6.267277630534373589e-02
-4.614189742301773034e-01
5.516741788151471176e-02
6.097919591613824020e-01
-9.498929376846030337e-01
2.886516576329632988e-01
9.353102553936413210e-01
-9.671631435481257144e-01
5.248699373092369225e-01
-8.322136973786236069e-01
1.000000000000000000e+00
2.688857670075476269e-01
-1.000000000000000000e+00
7.093739512156660432e-01
-5.750952969191408526e-01
3.617441713587002949e-01
4.605262527726278893e-02
-7.553331396384697083e-01
-1.000000000000000000e+00
-3.736623245393953519e-01
-7.087996335634476619e-01
-2.621205248929286968e-01
8.476518500968193148e-01
-1.947330243186752019e-01
-5.837166968578537674e-01
5.187940872548431059e-01
3.580525794325840061e-01
-4.658852451860370780e-02
-7.909489677443568567e-01
7.498256586678895275e-01
-9.809241796447107919e-01
9.469040783609052880e-01
9.187727654474515671e-01
-2.602876903661883734e-01
1.963966583176372446e-02
6.838947152809371488e-02
6.323165552812152201e-01
-8.338142352756655606e-01
3.145602475816131616e-01
-9.880793833214759347e-01
-4.897776076181645788e-01
-4.802983112749336092e-01
3.440198293186389478e-01
3.667983970314979691e-01
1.243507826605630001e-01
3.946854463654219519e-02
-6.069153393714098454e-01
-1.107854306969995040e-02
8.134170000029179448e-01
3.311674429195571312e-01
2.531790840031625245e-02
5.665195968263268822e-02
9.709286425199047388e-01
9.402113543634068593e-01
-5.255115491414353857e-01
3.257987980866213773e-01
3.698425447351175177e-01
6.222415414565668490e-01
-8.656470880561872860e-03
2.670128431724561047e-01
9.814103036677286340e-01
-2.764978006555471879e-01
-6.969320789358057766e-01
-5.235364518058431837e-01
2.424183932674998654e-01
2.533174709742819219e-01
2.833848403346305722e-01
9.633478065464947671e-01
-7.868948776739420614e-01
1.040722832517432112e-01
-3.876961052932612617e-01
-1.000000000000000000e+00
-1.377708106031172441e-01
-8.255914810041228291e-01
-3.479106352696636484e-01
2.864961089277590633e-01
-2.555057452063280166e-01
-8.613358180564313349e-01
2.412781370931485481e-01
-3.207676567123287081e-01
-7.987067646720305003e-01
-4.208446923458604161e-01
3.878325085435404551e-01
4.187640533217563688e-01
-5.556709728225476264e-01
7.319231335882102341e-02
-6.848801277969908397e-02
3.514799696539920859e-01
-2.146467058926566918e-01
-7.544593100163146104e-01
-6.347907037649979101e-01
-3.076482152018771288e-01
3.666215783723710264e-01
-6.010136491348172516e-01
6.119421791545596179e-01
1.161195280530082780e-01
-9.636588023366114697e-02
-2.217441488545019435e-01
-8.361600206867558782e-01
-7.082777420872807816e-01
-2.012919257864310973e-01
-2.592460913301087855e-01
1.627920776702787287e-01
-4.688420044745936210e-02
8.253218981321391867e-01
7.148962238772302857e-01
-3.678994084647996821e-01
-5.045695724939672777e-01
-8.649704121538241974e-01
4.314770780731093103e-01
-2.358116777119154128e-01
-1.000000000000000000e+00
2.868251794697007639e-01
-9.964591230604433747e-01
8.644682025658751989e-01
3.424542871886367412e-01
-1.529955004714048106e-01
5.194591855162069560e-01
3.544165886547941957e-01
-6.769032973431348132e-01
6.472211961762298627e-01
7.370701815357447728e-01
3.031139693431486593e-01
-1.000000000000000000e+00
-1.792272115259163079e-01
-8.206224045055270366e-01
4.014291373706672106e-01
-2.386589105733759597e-01
1.000000000000000000e+00
3.218592777326576004e-01
-5.291581211801887896e-01
5.258757660843997872e-01
2.539611422811604013e-01
-3.000411921998166198e-01
-4.840162379588038855e-01
4.809453661691145965e-01
-1.000000000000000000e+00
8.294628726921152162e-02
-8.730211309366122663e-01
-1.463626518273901944e-01
3.219195538429567849e-01
5.991052443178147557e-01
-3.458436216485992754e-01
-1.635035617289957166e-01
-1.000000000000000000e+00
5.905055596130416307e-01
-3.512357203869635042e-02
-2.272667893361693947e-01
-8.158977256833597203e-01
-3.036012327864079929e-01
5.015560780368475413e-01
8.957825143193032247e-01
-3.273412184749723286e-01
-1.629645237847352490e-01
-6.204819269707994023e-01
1.593420437037745829e-01
-1.794649636695988815e-01
1.480923552718957648e-01
-2.207234096917521926e-01
1.000000000000000000e+00
1.000000000000000000e+00
-2.239526285939991423e-01
-5.546335054793296582e-01
-3.731662359610097290e-01
-9.703869872779218309e-01
-1.214125019196666405e-01
-6.347360291809774901e-01
8.555678240509273502e-01
5.558731922519489776e-01
9.419341550017656939e-02
-3.178709250864277802e-01
-5.196331170778737407e-01
1.000000000000000000e+00
-7.159792068143910893e-01
1.000000000000000000e+00
2.238843996554693017e-01
-5.895781155483472702e-01
-1.000000000000000000e+00
-6.517158547139267899e-01
3.236429597138141823e-01
-2.022645486052450370e-01
-4.541844109658823569e-01
1.000000000000000000e+00
-1.351740906134742681e-01
1.000000000000000000e+00
1.497255937872339071e-01
-7.933152949904436202e-01
5.258613019077600370e-01
1.159980199639996656e-01
3.318123254387707055e-01
1.000000000000000000e+00
-2.057183390195307937e-02
-9.555892664029295158e-01
2.074328739618637452e-01
2.556622843997719552e-01
4.571639504129836329e-01
-6.237532111605635921e-01
-6.706721412765354051e-01
-5.609061367910610496e-01
3.136897895487277821e-01
5.843988238848684125e-01
-9.000295581952713064e-01
6.824058689256249366e-01
5.197793739660139245e-01
1.794161276944072070e-01
-3.238051037987552672e-01
8.276769515844835112e-01
-6.561086547944791070e-01
3.975292134297250465e-03
2.659175937082091101e-01
7.557292917990825476e-01
-1.000000000000000000e+00
5.148587775467303729e-01
5.379325008671841379e-01
6.471593866892065838e-01
9.999204268912602611e-01
-7.242464378051281793e-02
-5.534035558383211262e-01
7.518446297310584781e-01
-6.344142002577134454e-01
-3.953611498033715588e-02
-2.671274172553403381e-01
-3.604440308999252718e-01
9.411145074378481079e-02
-1.014506421585091578e-01
6.987882299434480249e-01
6.556819881439092113e-01
-7.715143674859877010e-02
9.540775265085168488e-01
-6.333466878491758045e-01
-1.731790183516438708e-01
-7.304891102511659184e-01
7.422938742870210937e-01
7.321998440069199532e-01
-4.116500540823823662e-01
-8.505051723541324771e-01
-3.854359330089507374e-01
2.062240130951466521e-01
7.993127090246054944e-01
5.311863682507890205e-01
6.611736144649335012e-01
