-8.725671853206026785e-02
2.127380265281931138e+00
6.582629922657071142e-02
5.992916733208678570e-01
-1.753475773849412889e+00
4.626104726937486644e-01
-4.378085055115726654e+00
4.891866414769612259e-01
5.143337439703481451e-01
4.545641749075114979e-01
2.879381705239961176e-01
3.336152079472179399e-02
-9.562980061670621756e-01
1.781856707357930558e+00
9.384255357525419505e-01
4.732455227787371044e-01
-9.242462355368361582e-01
2.105778536028363845e+00
1.044051882980566448e-01
-9.461747486314451283e-01
3.431236090128957361e-01
1.781922170333425370e+00
-9.629499367280622835e-01
-3.769475561397317431e-01
-1.838869402401291042e+00
-1.390031130906996371e+00
-7.781210578873820616e-01
3.926034310479999123e-02
9.186044281354934782e-01
-6.085088292087206252e-01
5.934421606402249250e-01
-3.704410888223085285e-01
2.836403322202868393e-01
-2.274450598136797952e-01
-1.821128903292252854e-01
-4.203230838551602622e-01
4.117118832353938718e-02
-4.506222190639380676e-01
7.997228945787497878e-01
-8.337119736496672040e-01
8.967659946757773337e-01
9.657597649273226281e-01
-2.084084953266738260e+00
1.556760309338663495e+00
-1.103083493629570394e-01
1.213440681431201540e+00
6.056333362169819684e-02
-8.002693977694652627e-02
4.212726823451278246e-01
1.320548833277574996e-01
1.107500308386276000e+00
2.788392627079213648e-01
6.287546188010184611e-01
7.706346333318645492e-01
3.223819648411152539e-01
-5.560284596332081275e-01
-3.360815386216781109e-01
3.911366387562695279e-02
-2.763262647208263312e-01
1.912812513507838874e-02
-3.982449248844685541e-01
-1.626843211477167483e-01
-6.572599305372440748e-01
1.365826031647026539e+00
1.995141662167252861e+00
5.343866857957006999e-01
-1.224017047058035379e+00
5.095456513322924597e-01
-9.623332086158890020e-01
1.418702767872155324e+00
3.284896526379342818e-01
1.045987276708553626e+00
-1.426762108020812825e+00
-5.991084998135773887e-01
-8.668834193313841308e-01
3.034311256812234348e-01
5.489583950350824804e-01
-1.813890263083230092e+00
1.964083378075917929e+00
-5.606483685299386011e-01
2.300873828896832229e-02
4.204098793246641153e-02
-9.018272537986440351e-01
2.664543044699088092e+00
-1.726820255367007007e-01
-1.849477271395970068e-01
-1.168585220213469889e+00
8.722070827065115939e-01
-2.354539870416829384e-01
5.434881350700400127e-01
2.146773742895965315e-02
-3.242493907953595267e-01
-2.148852833268978024e+00
5.070388005656136787e-01
-5.509943963430700975e-02
-1.339675119968600114e+00
1.162862122521747921e+00
3.298399262755880024e-01
-9.094807887239123034e-02
-1.506764318821436355e+00
3.397462717225816498e-01
8.835458598540433250e-01
-7.493393229666286959e-02
-2.589398771060891224e-01
-5.757942875119020920e-01
2.778973150187848129e-02
8.781880652968714340e-01
-3.388546960389392515e-01
3.993817330856738179e-01
-3.038456001966631792e-01
1.361198265886682357e+00
-1.769422851299892741e-01
-4.595091823024283206e-01
-5.470444678073980160e-01
-1.728404557377581918e-01
1.698001190934626425e+00
8.316164529351216528e-03
-6.582048701856560435e-02
-1.888811701753606576e-01
1.617134531660107566e+00
1.437807640724589220e+00
7.121519136569512409e-02
7.187574597331007897e-01
-4.489561009107788658e-01
1.267653837632541247e+00
-2.538926892165540017e-01
-2.776904743006947673e-01
-8.056914287937175789e-01
-1.423445562741183723e+00
-6.901445638608996180e-01
-1.748417363559816029e-01
1.750964763721947426e+00
-5.992019942328652427e-01
-1.196508003737676074e+00
2.040455098454269645e-01
-1.026814116184767922e+00
2.274103417464388155e-01
1.466468267486961130e+00
2.380990008112434442e+00
-1.150490577783801899e-01
-1.624251445220709744e+00
-6.631233753248783058e-02
6.009471400627204307e-01
1.560023991478641792e+00
-2.452736805037062373e-01
8.229781304885300797e-01
-7.371599233085153191e-01
-1.192706612174985636e+00
2.339467390893387400e+00
6.760075640191913759e-01
1.086163802885025953e-01
6.875827340217516292e-02
-8.729538509132603874e-01
-7.938249075365403362e-01
-8.416098882173259632e-01
-7.216365042265178165e-01
1.516533780494293993e+00
-2.130106959408369360e-01
3.227018382694405219e+00
-6.738753514632253028e-01
-2.334033768022846650e-02
1.509027762918913398e-02
-1.734465181397011613e-02
1.867464466298732972e+00
8.980933753963385446e-02
4.548221799605208296e-03
1.555583793699379047e+00
1.099028470281644632e+00
-2.506358305640374318e-02
3.169500392267347033e-01
-8.137899221294327967e-01
2.276142949725572073e+00
-3.022011947110838648e-01
4.719143192261091024e-01
1.305907683234077965e-01
-6.828384691247496585e-02
-5.031268385295153411e-01
1.720922303577902546e-01
1.152057070290742752e-01
2.079296517968423075e-01
1.421248882003885550e+00
5.913600002534515898e-01
-8.583355779696523191e-01
1.008049739484170537e+00
1.843611701513169776e-01
4.793419774734190564e-01
3.807917451644312057e-01
1.456909408806255080e-01
6.219041363906719494e-02
8.589291262492862455e-02
-1.237983703594579765e+00
1.217149526481517974e+00
-9.880873265919004611e-02
-1.118213733156092182e+00
-5.331219396001221633e-02
2.862024844556134706e-01
1.498865728765434113e+00
8.237743907916448283e-01
5.327633537578209122e-01
-4.222142207474372522e-01
1.011162808999625934e-01
-1.539445426026303743e+00
-2.428478939777949819e+00
3.984930361963807677e-01
2.117693550046705897e-01
4.585371440179358826e-01
-5.208387276672621358e-01
3.287308907223545629e-01
2.630348953001564460e-01
-1.052155360779378990e+00
-1.071808211779953890e+00
-7.420827291583652618e-01
-6.989727570031117887e-02
4.035588431127216102e-01
5.567991130366346519e-01
1.507996226047487835e-02
2.359341497170399649e-01
1.203742264436957199e-01
1.415888117077745284e-02
5.399085592744533313e-02
-1.642770936704087026e+00
-8.050379212814484653e-01
1.078794252359996264e+00
1.512679590606616831e+00
-1.538713974167976728e-01
-4.284817538889642563e-01
1.657306525919078899e+00
-2.680588631846638759e-01
-4.304094588822875433e-01
-1.353099919899679593e-01
-4.294092608461478333e-01
1.789214776336711665e-01
-3.076428921831378949e-01
1.024574940457026795e+00
9.214234866433882454e-01
-2.283579596913317133e-01
-3.880511864161962254e+00
-7.032101762516951293e-01
6.154631941841040010e-01
-7.472977915392473025e-02
1.266916247298327525e-03
3.372289233003709086e-01
3.224099515459168397e-01
4.704004001239009414e-01
5.426916926963553101e-01
2.184275733828671129e-01
9.280179011719738025e-01
7.878267654485548999e-01
1.141383820616132194e+00
1.120373217383165976e-01
-1.096803266509837727e+00
2.450902530641291932e+00
1.141529991923497578e+00
-1.709645458930466377e+00
1.222535090273638853e-01
-1.647088354487357353e+00
-7.124645343361041272e-01
-2.077456772043198840e-01
3.836574536532564306e-01
2.312254098499737509e+00
-8.377199047826420220e-01
-3.889997308765375528e-01
5.367705846397147207e-01
-1.241222369968291300e-01
1.185150027137736650e+00
