5.178519708033141322e-01
2.263652386742830203e+00
7.927865471563886324e-01
1.576954178663468653e+00
4.797440371428438599e-01
-2.916574052279722884e-01
-4.946416830331518688e-01
2.729970913774708990e-02
-4.719670325229994440e-02
6.209004030164940735e-01
3.602221890216364408e-01
-1.803070798528508614e-02
9.415831069351681126e-01
4.673212091370484988e-01
7.202711139240886018e-01
-1.958575382836973133e-01
3.885845439390500089e-01
-6.451061930555826995e-01
2.894746438998032079e-01
4.071156552995259248e-01
-2.072656531129018487e-01
-1.350495647617077521e+00
-1.438940293814959803e+00
-1.137597880673212547e+00
-2.184036235361693223e-01
3.057282581598527171e-01
5.242603936336560633e-01
2.190912201023704486e-01
-9.080756558370414733e-02
-8.574356551223116796e-01
3.639419769112864356e-01
2.826909235041129564e-01
-5.530884299706079199e-02
8.640939373269146406e-01
-3.436052613238144149e-01
-4.544448533398597889e-01
7.467488399205607363e-01
-1.881856771965886299e-01
2.721273039153183082e-01
1.945732020416800490e-01
-1.161504172777828997e-01
2.650297877096913224e-01
5.064829278311502314e-01
7.607652661873627320e-01
-7.058809959741271234e-01
-4.103602260216572817e-01
4.002826186207760761e-01
-1.633438149709848686e+00
-3.364134155001600734e-01
-4.996317315886478205e-02
-4.823083247077194491e-01
-1.082267774564496632e+00
8.597483353120193295e-01
3.605501147142936569e-01
1.094180726638018797e+00
7.625518495173798650e-01
-1.292761976799034374e+00
4.795409493964846170e-01
-2.966503600925123885e-01
5.931131236561526521e-01
1.077972076885139047e-01
6.482378391835591502e-01
-2.864161234603528339e-01
-1.286070330692835606e-01
-7.035085038618007491e-01
-1.136235546953447750e+00
-2.295776147785714705e-01
2.249546669715289937e+00
1.253555721991182370e+00
-3.423061605176018762e-01
-1.051877988924784679e+00
-1.227737887331277422e+00
1.466372659968006031e-01
3.792067925885608815e-01
5.784920963624566592e-02
5.422533467302522725e-01
1.215049837884120354e+00
-1.743649019335502537e-01
-3.509421284877058400e-01
-4.605714618407408256e-01
3.242738140734310881e-01
1.458818945910697051e+00
-6.887288531314006423e-02
1.497779421833459024e+00
1.982499518709650577e-01
-9.942994843486172574e-01
1.401947860782332356e+00
6.864056724075717764e-01
7.074521634835817530e-01
-9.704542177966812844e-01
-5.615691610247207366e-02
-5.477160551817966683e-01
-8.190344261968236506e-01
-5.242186753390856158e-01
-7.087959302431545705e-01
-4.727605427756656487e-01
-8.511528452887662244e-01
1.616401824106020513e+00
9.113123362249696546e-01
-4.509560895765665767e-01
-3.987600413165181545e-01
-8.173967234738062360e-02
-1.828496418989153494e+00
1.257654684832187453e+00
6.869260656820022071e-01
-2.890828471121564269e-01
8.627569259478037877e-03
-2.105757933485701283e-01
1.510881644212295205e-01
2.081035764360418927e+00
9.226493280730413415e-01
7.105921040574969538e-01
-2.670736170598210224e-01
2.595729600693669203e-01
-4.079051578908461373e-01
2.260078311280656338e-01
-3.123131068511897812e+00
6.385080524140968050e-01
1.128128526268076692e+00
3.916044777992612191e-01
9.817739290541085406e-01
4.471684995842659105e-02
-2.523657932392548431e-01
-2.400723996879350619e-01
6.152760710445559500e-02
9.234784960500913575e-01
1.345142768039837566e-01
-9.046970976160594313e-01
8.407610122116346840e-01
6.409368869955880399e-01
-2.903606454363398259e-01
7.922569544661788310e-01
-3.644505660293223537e-02
-4.017372648213891062e-01
-1.396944260931715642e-01
1.213692132708682703e+00
1.232409079331766355e+00
-8.494949107916081044e-01
3.181699055306543844e-01
-6.554848821719481133e-01
1.331117610487413394e+00
6.048154466741620938e-01
3.231664172654063361e+00
-3.075851417376765373e-02
-7.849725219492432737e-01
1.721554741623389229e-01
3.319277869055428098e-01
6.266631851871579117e-02
4.100583011994236027e-01
3.056440463343251812e-01
-1.703990893180265254e-01
-2.912408104151383847e-01
-7.375451769887222397e-01
-8.936256758645797493e-01
2.242590952489472433e-01
3.085168505483128487e-01
7.977320119761298622e-01
3.795458954801815554e-02
1.691100321883348467e+00
-7.552805901125713151e-01
6.422489379021516509e-01
-2.146866543836858376e+00
6.335249811818050025e-01
-1.520903868440918405e+00
3.947475982761318170e-01
-2.231536663761918005e-01
6.698459970745531677e-01
-6.121990802371510831e-01
7.553443742200568328e-03
-4.650131707963313654e-01
1.533536279396301660e+00
-5.625287706880109928e-01
3.454754538156102894e-01
-1.975925835378545825e-01
-1.291036189320629912e+00
9.786601274835059205e-02
7.359367515092383183e-01
4.149883099030598488e-01
4.867223680410728281e-01
1.547336450911107830e+00
-1.141272188902363371e+00
-2.949919484931033953e-01
4.718606751026107604e-01
3.615386533527170099e-01
1.165559771291139857e+00
-5.069830541057904760e-01
-2.105278519420415717e-01
1.077725037576821254e+00
-6.972036666432902541e-01
4.610206515051997744e-01
5.754722858233820570e-01
-1.532357390861452395e-01
7.686763503434972389e-01
1.061169648178359903e+00
-5.407021029613086061e-01
6.002563904093211056e-01
1.887332434489233490e+00
-2.919799052002418627e-01
-1.556896368617691317e+00
2.920495029516428365e-01
3.155916660913956617e-01
8.247891769198540945e-01
-1.134750031289022063e-02
-2.410480875792586977e-02
3.564673505841422507e-01
4.820606415242722487e-01
8.030734599407354790e-02
-7.133945714014555683e-02
-2.169891470976236247e-01
1.532015352584977119e+00
-4.151509923264765090e-01
-3.411433317350646144e-01
-3.923159648885246598e-01
8.959359586193276215e-01
1.863015729995265990e-01
9.106343191596093511e-01
2.320194239165654704e+00
-3.475376342420725684e-01
-2.317943202259018509e+00
1.113680035560950188e+00
-2.096017096737041174e-01
-3.339125585580577926e-01
7.345507786351013202e-01
1.151124752390060735e+00
2.412263080186142883e+00
-1.524002083729901980e+00
-1.449833129521404418e+00
-1.668287118005239156e-02
1.391726566340288240e+00
9.004159540722926902e-01
-1.347526739840790855e-01
7.748391445314405379e-01
1.144869960286157173e+00
4.275962706641662781e-01
8.841367031709485014e-01
-4.080808807710032959e-01
-4.387638192160190909e-01
-2.898101609705170389e-01
-2.245884362724352434e-01
2.817488484061468346e-01
-7.760696956734114416e-01
-1.118993376835361264e+00
8.122526854955450237e-02
-4.889211691694097528e-01
3.991023045245118972e-01
-1.251782598667476598e-01
-2.630271286748069870e-01
-9.367416746749652745e-01
2.298523367346419377e+00
-2.897840352834796795e-01
2.037870767075857792e-01
-3.726334362378883047e-02
6.945295130004539574e-01
5.113998077382824192e-01
-1.858274078785663308e+00
-5.185462923203677521e-01
2.824700191775176839e-01
2.327752925967520703e+00
-3.499100314322810545e-01
-1.408275061827514996e-01
-4.741691243265574451e-01
-5.265762921544441255e-01
1.304238586518655374e-01
9.844528854343905788e-01
2.512575502663023652e-01
