-9.206438607897489135e-01
-4.548943219191152743e-01
5.290515722544919530e-01
3.755425321196075306e-01
-8.075985797575804259e-01
9.408297235690781246e-01
2.993436755709621977e-03
-9.793541838864794347e-01
-6.365107991522305220e-01
-4.919698305777522318e-01
4.234137932216539557e-01
-8.151641994462714980e-01
2.056633452235379078e-01
7.017281537190405150e-01
4.203922650251068482e-02
3.801022100636657353e-01
-3.255141655335180850e-01
7.316601224890424415e-01
-2.342721286548123949e-01
9.261601498560128043e-01
-5.252194511424761458e-01
2.069783499573363272e-01
4.854188410712863000e-01
2.023465017661851828e-01
-6.688869102176744352e-01
-6.105125748633628557e-01
8.176620070324558398e-02
5.162279205078963429e-01
1.830952931599878486e-01
-5.533878737327957431e-01
-9.852317270190542597e-01
5.411317805238533563e-01
-6.677844360601963292e-01
7.351146697619559411e-01
-1.049079494837208415e-01
-5.379026548678735864e-01
-2.219861239937535036e-01
-3.216948999582840418e-01
-4.040955919030191357e-01
9.218287722869857870e-01
-5.219876534825251824e-03
-9.918312176231274258e-01
6.584363121359693150e-01
-9.818629855571181508e-02
-1.039542878575647755e-01
-7.221409592861929294e-01
-8.642517685001145367e-01
-1.600971195226923438e-01
6.599094697292469114e-01
-5.469914916030904628e-01
6.576573522307991304e-01
2.984192015372093554e-01
9.595418318845367889e-01
2.399952454572071847e-01
-4.963110913455093254e-02
7.359492627497798978e-03
-6.805914524599567805e-01
4.812486099302115683e-01
2.515217281971975360e-01
5.427732787970522832e-01
1.861402427766016832e-01
4.274049236807173635e-01
-4.668909804079262038e-01
5.812220442714277624e-01
-6.856113190144883518e-01
1.372664328253359045e-02
-8.391259360887968199e-01
9.855303274837694527e-01
-6.290610142677035554e-01
3.575883430544017916e-01
1.829855857890554383e-01
5.117718857698738688e-01
-9.301384421770670929e-01
-5.098305237769238385e-01
-1.857044918899291019e-01
1.201532620382581573e-01
8.507392043100576728e-01
1.248473915345549301e-03
-5.441446068446231799e-02
-1.295232825591636772e-01
-5.205469737690058274e-01
-8.835706787352444191e-01
-8.623196375205222086e-01
-3.131894067589802155e-02
-6.751742734555006287e-01
-5.305542259413136286e-01
-5.250218098802366118e-01
-4.113865269122356505e-01
4.993643185944112162e-01
3.718121678566099764e-01
4.889125788803014849e-01
-9.792455559461354930e-02
5.706376100781926919e-01
2.951997466007272308e-02
-9.032608044508569911e-01
1.707416834377306625e-01
-1.264113447686003866e-01
-7.965239857125603340e-01
1.075415559319621295e-01
6.647089725573138708e-01
1.984581219065215674e-01
8.666372152383732264e-01
4.666876698068200824e-02
4.164588925793413221e-01
-8.732657323649199999e-01
7.582344335294020077e-01
3.799219190475162655e-01
3.642514515113726148e-01
8.144355875407864875e-01
7.401890552264920320e-01
-5.425785103786839869e-01
-1.014603600211883005e-01
2.820479489857539157e-01
-4.700753270844497678e-01
8.763700645398331268e-02
3.479278881506107091e-01
2.767963233770438514e-01
-3.597285733705359867e-01
1.577145155461618931e-01
-8.663482762470997578e-01
3.556905297223957874e-01
-5.663976796663596769e-01
-9.976455029164221777e-01
-4.015677888931019623e-01
8.275007656070321183e-02
-4.342528439535171536e-01
-6.402219069467318668e-02
6.897192549229735903e-01
-7.469579544115689806e-01
9.332273238563175699e-01
-2.867196489667447334e-01
-5.556727943962198601e-01
6.990727219595584963e-01
-1.269639491224674455e-01
2.190372605742787471e-01
7.214742829627884824e-02
-6.756426509691904059e-02
-5.636817947068213375e-01
-1.944678152327976584e-01
1.835383334842546343e-01
-1.705221943965913312e-01
8.819318804800864164e-01
9.195642908252055214e-02
6.701781561584641000e-01
4.160524198143236152e-01
-2.514847565073192737e-01
3.535365412615072422e-01
-9.766708889753070721e-01
1.048422077747137582e-01
5.355005942030068855e-01
1.487493792522764924e-01
-4.814593053127373956e-01
6.512045551609770833e-01
4.847336229882892589e-02
9.152807133067430989e-02
-6.081804070778236149e-01
3.445334792551704162e-01
5.307156620133575142e-01
3.302514155201197177e-01
1.935401483618919283e-01
-6.860214422928823108e-01
-8.110431449333532772e-01
-2.185552092713365369e-01
-2.778791958073858481e-01
2.572064406877436760e-01
-6.634143960212117719e-01
-5.852583710070855538e-01
-6.453278863591007664e-01
3.697635551497953088e-01
7.595223382407096935e-01
-4.973772086278200888e-01
-1.466553126863210377e-01
3.487397644100476146e-01
-8.449852097053496269e-01
5.808213245958091520e-01
-8.079315358720609019e-01
-4.388548326533119326e-01
-2.231224224716781279e-01
3.154309585287482509e-01
3.982160617354382204e-01
5.858910325024990762e-01
-4.436731780449343354e-01
5.954159953429567498e-01
9.694947900997856749e-01
2.979006645684996180e-01
-4.767306366693337960e-01
-9.382421176151474196e-01
-7.644470492145400975e-01
-3.557937682514467070e-01
3.430185869608335381e-01
3.596874334696817943e-01
-5.799403986106062003e-01
-8.764206974745922807e-01
9.392623048019914656e-01
3.538672232563007114e-01
4.424844934789400330e-01
-9.963032068321870938e-01
9.508777806735106974e-01
6.869187328167987161e-01
-4.288607670117234871e-01
-4.991048117853609245e-01
-4.656963803413816105e-01
1.298051322799229634e-01
8.626525368025064200e-01
-6.453885517575592701e-01
-5.070038426393590481e-01
-5.449116419602280104e-01
-7.229789817690350784e-01
1.669557064905864419e-01
-5.361523340577933894e-02
-7.615501277664897817e-01
2.631446660380982738e-01
-2.908721117102168741e-01
4.885730764732401088e-01
9.185692716335707164e-01
-4.611855971500602447e-01
2.454566665547033288e-01
-9.752335920616139742e-01
-5.788133229741965202e-02
-4.769851071742026161e-01
-8.120556377553087568e-01
5.656354790795050658e-01
7.740566573890086399e-01
-6.683428348455935364e-01
7.686468632317025040e-01
-4.709707386618975367e-01
3.431631689479841540e-01
-8.843439878649994590e-01
-4.507232361848076962e-01
-5.610993708480191966e-01
-6.160723322185672757e-01
3.206934736019018128e-01
-8.455033608689894731e-01
1.013156503379344375e-01
4.747320664106839949e-01
-1.936311212429804307e-01
-1.341711753929379913e-01
-1.579684039203290702e-01
6.209255370673105734e-01
-8.569998068951956149e-02
6.050539621306256777e-01
-7.297479067298371369e-01
-3.333692515986903526e-01
-7.744104571717937979e-01
-1.886657496170576209e-01
-9.482330461794141740e-01
-8.740342042306257220e-01
-2.153645550066967118e-01
3.340746774218392723e-01
7.813850086831286568e-01
-9.112646883405488563e-01
6.876199393268924709e-01
-6.558558265376990271e-02
-6.961821331493052156e-01
-8.028850037574895016e-01
5.437587011073607979e-01
8.838707344680063471e-03
4.520295876951543335e-01
-4.059195859163613473e-01
-6.808438677364869740e-02
2.936185167484544056e-01
-1.704219023231652308e-01
-2.272924037368913019e-01
8.838663775379089760e-01
3.007490568742998693e-01
