-2.665670496522172250e-01
-5.221974854750732753e-01
-2.699417511922352908e-01
-6.319732535016095998e-01
-8.405123518144792527e-01
1.321885058483696085e-01
-8.188519620586411918e-01
9.682952467342054170e-02
3.404953296775470317e-01
-5.210769901336183008e-01
-8.604443970585002877e-01
1.194997800249413267e-01
6.272672679134152496e-01
-6.029454955922963766e-01
2.994387591944467353e-01
-4.478531181834610742e-01
-5.143120009233337342e-03
-8.255405579873880129e-01
-1.413328322171181206e-01
-7.789799571030830982e-02
-1.283509452048308130e-01
6.115327542960204976e-01
-2.945292192453408120e-02
4.483194580612637203e-01
-6.220978902688898415e-01
-1.249194943277973646e-01
5.426382528159028329e-01
-9.854211278626219261e-01
2.849179854651524568e-01
-5.576857397229173507e-01
-4.027726206549249177e-01
5.573349801254567915e-01
-2.189594380165131859e-01
3.745236135415441758e-02
8.225402244177200117e-01
-2.154101343725316475e-01
-6.986007204121691405e-01
5.881354648750991565e-01
5.665637904569775785e-02
-9.431128682972200750e-02
3.888945461019011063e-02
2.074111364764639198e-01
-8.780570677459553774e-01
-2.597950646105546824e-01
-1.404443941016211284e-01
4.982538951661767967e-01
9.582614436615186637e-01
9.818939795145364968e-03
2.185488736634768614e-01
7.712347956790950310e-01
-6.617231693746397081e-01
-6.726602033359283528e-01
-5.070123550858398609e-01
2.728693082943101089e-03
-2.510049076776168508e-01
-7.403760945192161547e-01
5.744401193069947897e-01
3.933725478010430265e-01
-1.508047984903526650e-01
-5.389721271175660355e-01
-1.805875716373523954e-01
6.012280823114548589e-01
-8.929766492453863336e-01
-3.775651807495259416e-01
4.981685350351710007e-01
-3.060005639182650228e-01
2.103104434389158062e-01
5.188703250288195790e-02
-8.268519034980652549e-01
8.407950280992957381e-01
5.843500383997173309e-01
-7.897649086466183022e-01
-5.721493706923022060e-01
8.252572739651404810e-01
-1.526651789641793044e-01
-6.198797246903891001e-01
6.086801422404923834e-01
-8.998340352671272413e-01
-3.054616036688153624e-01
-7.799417068460410274e-01
5.566670480305149216e-01
7.370193472446180394e-01
-6.280105986665820428e-01
9.120510294157386788e-01
-9.490059271626702930e-01
5.223951007337719332e-01
3.277318749800983699e-01
-2.102420418866579599e-01
9.403464366857252621e-01
4.398701211553137647e-01
3.231967578886525416e-01
3.404017881837018145e-02
-1.463061890275609844e-01
-1.098817235883140508e-01
6.226802050663338139e-01
-3.699824435647705023e-01
3.596490277027220017e-02
5.251974496571436557e-01
6.421317207231429514e-01
1.776651308783327998e-02
-4.286219650223233035e-01
-2.514787530808575422e-01
-5.141467935277794776e-01
-4.565370012620486584e-01
4.010507791334363414e-01
3.854749550313107953e-01
9.166476188467387320e-01
-2.308324349993584601e-01
-5.503320290821769323e-01
7.082566705976107713e-01
8.712816192225212308e-01
-9.194488777288947201e-01
2.903216337657559265e-01
-2.766132745443061758e-02
2.767918409970042681e-01
-7.397335767663750783e-01
4.568472220087200775e-01
1.022184401361012629e-01
9.005563347335361346e-01
5.062124121495239493e-01
-3.727352873056630767e-01
6.346342694234408111e-01
3.733175569207731748e-01
-6.514526707880607947e-01
-6.662327673593204658e-01
-5.459247178590875826e-01
-7.611929633249476801e-01
9.127014340090002786e-01
7.479728123923630179e-01
-9.434166344616692346e-01
4.495073151165609460e-01
7.307233717880319279e-01
9.867700169255693154e-01
-6.497628950461618036e-01
3.953392595691980205e-01
-1.145311282621823690e-01
-7.662008465130853985e-02
-1.876416595227197170e-01
-8.741076027664029802e-01
-8.093076465588875390e-01
3.985961170050025260e-01
8.568978219778418115e-01
-6.237455853516948867e-01
-1.230958784794216054e-01
-4.048300224382439527e-01
6.537174651196446806e-01
-6.971996676239684554e-01
-6.366432049166947937e-01
3.051703539716799085e-01
-3.427404427256763864e-01
1.213274972899351933e-01
2.913400812386608418e-01
-8.861958388008417398e-01
-9.761272482604987921e-01
-5.587228985964498573e-01
-5.561656104827703562e-01
9.681473646238145658e-01
-7.227845906094065853e-01
3.010214951439489361e-01
8.582036293496078105e-01
6.361067267785713852e-01
-6.645323152836806191e-01
-3.267877800810359279e-01
-9.720955964403477090e-01
2.369727994512516034e-01
-6.697151486242922669e-01
-8.255242400141789005e-01
-4.238191070422780982e-01
8.622468453154568113e-01
-1.226965731799440906e-01
7.830210740628062993e-01
1.420575966390780209e-02
2.860211900320763778e-01
8.183382373606551408e-01
-4.801750885216526932e-01
7.935647804812062667e-02
6.983866603133890294e-01
9.804385631221561592e-01
6.702407102093239644e-01
6.126185012847584765e-02
-4.853981338910813292e-01
-9.484816538024836152e-01
1.901865862451634914e-01
3.358333058708744545e-01
3.690893060592788100e-01
9.791568669663150981e-01
5.625384860911968321e-01
7.205891610991532747e-01
1.820124772360158794e-01
3.651583570466798712e-01
8.426971817163586564e-02
-4.530862859762121442e-01
-4.360621203176817673e-02
-7.357987972761887985e-01
-6.877044562400915773e-01
-3.687012943596585934e-01
-9.264939154063034366e-02
9.959010972805071304e-01
-8.923387476361579473e-01
-7.432856400020362297e-01
5.096536729566489843e-01
1.703893413872414886e-01
2.594435095427782834e-02
-7.414549551048330578e-01
-2.376667270162933221e-01
7.228483367202040988e-01
2.742487655830820881e-01
-7.953384982610534060e-02
6.539147835390157759e-01
-1.097548902227882817e-01
5.084254806063981391e-02
9.119916119469952953e-01
3.612412929787272020e-01
3.852050637939248290e-01
-6.068736600434607720e-01
-9.305223772545760941e-01
7.687534658981067803e-01
9.376637534081224690e-01
-8.374948375088897556e-02
3.070985952416060982e-03
-1.582216701514873591e-01
-5.309371414845462933e-01
-4.420335335533447374e-01
-5.142130590621742936e-01
6.729272756632957986e-01
3.360036553398961789e-01
-8.890674638398634588e-01
-7.468713403624840375e-01
9.739033479672822846e-01
2.325847973090400256e-01
-7.864754814651688797e-01
5.623400820796702337e-01
3.269332759846033110e-01
-8.869332560514247010e-01
5.145381672256952310e-01
2.505601149963223584e-01
5.812034202357141410e-01
6.436560870952623414e-01
-6.594390288968321467e-01
-1.736882022284271798e-01
4.496008419762986819e-01
-1.219833082147014913e-01
9.404565974652121518e-01
-9.996343094204243052e-01
-6.761840116213699847e-01
-7.229177204326973083e-01
6.477200480838920527e-01
-1.608426713650645823e-02
-8.606081682498534224e-01
-8.695429222545896231e-01
-7.450037789808348077e-01
-8.229992001997048501e-01
-2.893354453029253204e-01
9.548377343529164119e-01
8.821025205084433995e-01
5.410702763443224761e-01
-3.023380787168599149e-01
-9.392419655449744109e-01
4.660406857588861307e-01
4.756946753111839232e-01
8.651277546030387011e-01
4.801802898406872799e-01
7.433323767898005752e-01
5.350261281994848073e-01
9.389527339643719550e-01
