4.655029461171170113e-01
-2.152878681522448975e-02
-3.504591102027996730e+00
1.271650455903430954e+00
-3.776899440809146080e-01
6.331265686293033879e-01
-1.897070569644207783e-01
6.565425150228633155e-01
4.390224914229184927e-01
1.752224511743285751e+00
-1.244850891049030128e+00
-1.042410422194373520e+00
4.483804019827650200e-01
-1.200416750366739560e+00
4.202889481028814211e-01
5.401234539070043361e-03
-2.068139834111845765e+00
-1.789252698408778208e+00
1.011966542982400519e+00
1.472904632469436592e+00
1.055341427406274735e-01
-8.276939042873072971e-02
5.651536678761048815e-01
-4.882909887191974052e-01
-3.546125511065228442e-01
-1.583369379178244163e+00
1.284011249661750842e+00
-4.734347846774850654e-01
-1.548549148545004028e+00
-1.029586523033806794e-01
1.302971555225131306e+00
2.165307572471588227e+00
1.053043410986741035e+00
-1.922103602258516286e+00
-3.669269695075114690e-01
-1.402425768357562219e-01
9.077785137195031329e-01
-8.053641452459951999e-01
5.529694113785101894e-01
1.428961111247635696e+00
4.375205018304172411e-01
-8.609436720914345198e-01
-1.596907163770533988e-01
5.664043052066831674e-01
-1.084614635785699499e-01
-5.212712931616791945e-03
-6.253965767960457667e-01
-5.879294025405182866e-01
-1.122188819511225955e+00
3.096334339570860350e-01
-4.332072629616057213e-01
1.759463305270054123e+00
-1.217965257890743835e+00
-7.606147832770071560e-01
1.932827659596382253e-01
3.310740226144786025e-01
-3.163782625078733202e-01
-1.435719367452371609e-01
-4.220323527486653514e-01
-5.980577331467877844e-01
7.770810708210282858e-01
4.665769564757785481e+00
2.134860387943666282e+00
-4.907224611442321249e-01
9.222879983866175690e-01
8.190154090786064822e-01
1.401056893944683523e-01
-1.328173663627590262e+00
-7.562985181447015037e-01
-1.374047764600449417e+00
-4.358057850039875891e-01
-1.555029558984616644e-01
-5.349568298621831808e-02
5.146672281445774377e-01
3.461280704293944188e-01
-4.088789842953843845e-01
7.337485590120450540e-01
1.908971747384423656e-01
1.393606990555785519e+00
3.434201098611935343e+00
7.459611484067003584e-01
-5.482511490859645065e-01
-2.202077049593565761e+00
5.257518116654590346e-01
1.044098955021481867e+00
-3.065611582621683873e+00
-5.792888707472247933e-01
6.489694968952665066e-01
-5.422353054753011881e-01
-1.328718672731477035e-01
-3.504570669272955574e-01
2.504336474910765498e-01
-7.036043405917099536e-01
1.303431214774688707e+00
-6.841560233416862369e-01
4.324246755563287969e+00
-4.689757136357758371e-02
-9.363611139550780393e-01
-3.391038685019451965e-02
2.762378662157217724e-01
-1.957127893743367819e-01
-2.049410991612488631e-01
-4.151409884752987889e-03
5.934326244138878881e-01
1.041715726105708839e+00
3.735559957177534973e-01
-7.840113278516638862e-02
-9.836531090803504185e-01
-3.084333306563558641e-01
-3.624773758213621355e-01
3.056460990727976057e-01
4.020342045710019185e-01
-3.433734072010290461e-01
-5.013649381701232866e-01
-5.242124331238889878e-01
-1.011453158194827839e+00
4.505249301127198791e-01
2.060083587769341307e-01
2.682658451206538230e-01
-5.346689660050401027e-01
1.006609768517037762e-01
1.217501453972949177e+00
1.330518815425182799e+00
6.305418067111560054e-01
4.218617479260664549e-01
1.409988308563248083e-01
-2.077012544422849327e-01
7.942122423335062908e-01
1.294898850567938187e-03
4.960247421151523506e-01
2.161346966034979999e+00
-3.323029178330759448e-02
1.115022028721168512e+00
-5.476138648048263224e-01
1.296285468723292755e-01
-6.816104555936189913e-01
-2.582337649012753200e+00
-1.041992684837291572e+00
-9.760416407436954822e-01
-5.176398962080258626e-01
7.119493030650222432e-01
8.118348029247809405e-01
-9.737798203078482651e-01
-1.737153559116161872e-01
8.336124155168739280e-01
-4.436034187141332241e-01
3.755108269603450455e-01
-5.735292498897526237e-02
-5.127026464983264198e-01
6.065782925891641947e-02
2.327353761696680845e+00
-2.947944612979496171e-01
-3.994960599803079049e-01
1.509253511792345348e+00
2.991747955014476545e-01
2.073382577712455377e-01
-9.688141429894983059e-01
7.794266824257320980e-01
-7.843667198371740978e-01
-8.251002822167946560e-02
6.859148415650357933e-01
1.702514211646427300e-01
6.860876608172102875e-01
1.051795190583607376e+00
-1.241082619276319132e+00
-7.365009188864760636e-01
1.395350612165050797e-01
-7.748486244808718837e-01
-1.215990857656058244e-01
5.803600719942397790e-01
-2.021034911484163588e-01
-5.964967779189871422e-01
-1.137286892613434963e-01
4.646848186279269877e-01
7.796641481124229056e-01
-4.386332861883010525e-02
1.185852133399727115e-02
-1.801834910523560929e+00
-3.539144377011104736e-01
7.648007718476490524e-01
1.833247722913696198e-01
-9.545604383271097948e-01
-7.430340735074132397e-01
2.909906151173215605e+00
-1.667813001401874939e-01
-1.748663348521649619e-01
1.989059431759203078e-01
-1.076647558983854669e+00
8.704040609122630778e-01
8.770764644461109816e-01
5.902525176576121080e-01
3.763648502399461471e-01
-4.230321355481451717e-01
-1.324898720194246149e+00
9.278034598288107393e-01
-4.743260863096977475e-01
4.955003843631577976e-01
-1.859879189209561745e-01
2.832440746467507209e-01
-1.874368615300637253e-01
-7.660012155854821758e-01
2.200609948378622754e-02
-7.199685980813391728e-01
-1.531702927101107892e-01
2.595899878048746334e-01
6.064831237430651223e-01
-2.574328184287596466e-01
-1.692406365606480945e+00
1.545257923586920157e+00
5.812773226782822628e-02
1.252885395374626842e+00
-1.829683448100398735e-01
1.458888236447533071e-01
7.254237230772396794e-01
9.132866089656506148e-01
3.693934439627611921e-01
-5.045681102225290093e-01
-5.410546165732524337e-02
1.094555481531413577e+00
-3.779436084373878346e-01
5.820798829038521527e-01
-2.627379434549244053e-01
5.546443066311158576e-01
5.057196884039143470e-01
2.517089806625379400e-01
-4.151774843170285001e-01
-7.216968259963429944e-01
1.554459153116517722e+00
9.759859031271165275e-01
7.702235066996691859e-02
-3.732214684662185533e+00
1.239307756812045191e+00
8.706120439240690179e-02
3.454525555537739101e-01
1.017124708173373193e+00
-2.268262770498673253e-01
4.095561905703137273e-01
3.250649079967340427e-01
6.031891045083452862e-01
6.915859684210152736e-01
1.915909511197861625e-01
-1.369638383231202239e+00
2.862573925790012908e-01
5.137263098015241169e-01
-1.366798482400963355e+00
1.926005233673777628e-01
-4.965358110741754927e-01
-3.602882015280656436e+00
1.055999286147901062e+00
-3.731976679539821817e-01
-1.990657612521929132e-01
-6.632259862787144300e-01
-4.062293790037059260e-01
4.666585096262411136e-01
-2.015244133340471588e+00
-2.807690737837650330e-01
8.013086953649277422e-02
1.428291939804330890e-01
2.160503150047802912e+00
1.825610122758969389e-02
5.304802031794503270e-01
-2.604176189218910253e-01
1.004439826229056898e+01
-1.933826869022585992e-01
-4.273230316398471951e-01
