1.829857783740856392e-01
-3.025922250804189417e-01
-1.540739507821191623e-01
-1.637826704092812113e-01
2.540767744764654834e-01
-5.184154444295885344e-01
-3.199634796590297148e-01
-1.950051298858380688e-01
3.303010535357605582e-01
-5.795367424118630026e-03
-6.026570198506188136e-01
1.535178898950616322e+00
-2.690698053848376015e-01
-1.179580038795018826e+00
6.574974142105194375e-01
1.905156499263622738e-01
9.840535819993911915e-02
2.290664831773212007e-01
3.076983060360082289e-01
-1.671795004335204116e+00
1.198817384606583492e+00
-3.548003960670015888e-01
2.918579834792647265e-01
2.651886508754668359e-01
1.584206804187785478e+00
3.344036122703203384e-01
2.641485746663678746e-01
-6.826357684413157934e-01
-5.963148703068306133e-01
-4.861678716506013243e-01
1.782638742669214738e-01
-1.070793612407592743e+00
-1.871889136010238541e+00
-4.523956521275638853e-01
-8.864795683468904564e-01
-5.198214015545197242e-01
2.059333113904202150e+00
-1.102793475302345227e-01
2.917458357494942534e-01
-2.335641707611153112e-02
3.227406209882689447e-01
-2.196018618139351231e-01
3.084974697649380815e-01
-2.573015874904127642e-01
6.416287171796730693e-01
-2.900040295466824875e-02
7.474133435052500163e-01
-1.988992071255480054e+00
-6.430801576455165147e-01
-9.771295302199323185e-01
1.590341300767326715e-01
1.275706580722331118e-01
-6.848028200306200963e-01
-4.619547698691513493e-01
-8.021276299457988368e-02
-8.427052878279079895e-01
-4.687882013723802116e-02
1.725654499483724180e-01
6.483763347534881039e-01
3.673089254324303846e-03
6.193945543320373837e-01
-1.744386183724908612e-01
-4.081642193038573230e-02
-4.089407118953213294e-01
7.029057888665450893e-01
-7.429545034349693822e-02
-1.406669840684866141e-02
1.868515668377991101e+00
5.373411279352312553e-01
2.235973770566587054e-02
-9.029992670743978156e-01
1.034506517658076774e+00
-1.869060708606585519e-01
7.126832841865777812e-01
-9.660763052868936995e-01
2.471874492449155081e-01
-4.423079028311336924e-01
-4.743779977414618321e-01
1.936073272019389613e-02
-9.268677447710395034e-01
-7.485761707340370386e-01
-1.056814981969733225e+00
8.759940809532094086e-01
1.169142329648662493e-01
4.807852216244891119e-01
-4.160008299485339345e-01
-9.918154948804660531e-01
-4.154194639998726180e-01
3.589883382236210008e-02
-7.875423753857679898e-01
-2.895093441934496470e-01
-1.054501326170451891e+00
1.146261153064979332e+00
-9.615496059367092951e-02
-8.351312069515961500e-01
8.642519508189288047e-01
9.240774062150615142e-01
-1.830356893700007426e+00
-7.505549150966857042e-01
-2.113297772071990877e-01
-1.001857464445076035e-01
7.136828099213553545e-01
-8.704587425975205406e-01
1.157164940241362405e+00
-1.262782877224493561e+00
-4.172708115911311078e-01
2.803741661370064836e-03
-1.985979114762433939e-01
6.935354969762106414e-01
-8.781637051212041190e-01
-4.013385446276881430e-01
-5.175290354208549048e-02
4.572285726916813786e-02
-8.898080824256657251e-02
-8.466114618285420779e-01
9.960315399573763662e-01
4.593750870862675084e-01
1.511030441495645957e-02
-9.624690803382171533e-02
5.642879220645558025e-01
5.255840946049655793e-01
1.263742612876298299e+00
-6.766001854341832100e-01
-1.335146429625997611e+00
-1.017278861047281602e+00
2.095061699581693415e-01
-5.722503328835442105e-01
9.001480140510348393e-01
3.268375679041184423e-01
-8.140316267976073217e-01
-7.167669470159254708e-01
-1.852771501222580941e-01
-1.016344944201988509e+00
-7.605687386425887819e-01
1.838895230291790917e+00
-8.752491978089623759e-01
2.194053663402331933e-01
3.963316257564185596e-01
-1.266352238302801858e+00
1.464686370849045960e-01
-8.840335379152002293e-01
3.279369928213325958e-01
1.095588169578059601e+00
5.490496040079138051e-01
1.303301667475713632e+00
-7.329577963957158993e-01
-1.885678580514681957e-01
-4.680727062198745125e-01
1.017221469521344623e+00
-5.581720781496334327e-01
8.512343735157295033e-01
-1.296369507553940537e-01
-4.271751392570638517e-01
3.354214789210456793e-01
4.080773308134231780e-01
-7.988273275004129648e-01
6.419179793390599187e-01
2.213545774175326164e-01
8.223758117572168569e-01
3.508650692091392909e-01
-1.938422342734701154e+00
-2.152277218374468726e-01
-4.313687025635624117e-01
5.334354848005702365e-01
-2.811688760965825873e-01
-6.061633507795356479e-01
2.428758002252011661e-01
3.659465308810083695e-01
-4.275156692404294967e-01
-1.014768570647473167e+00
9.153711158841326689e-01
-3.355851139316476939e-01
2.214803547451150156e-01
6.725160831385051941e-02
1.681982222849360761e-02
2.082760578923991412e-01
7.767984299231209255e-02
-8.301607970273892079e-01
2.642911255397577541e-01
-1.228595964814165609e-01
9.886445364879672265e-03
-1.684789011937301573e-01
4.630394178759588142e-01
-8.184279991211813599e-01
-7.734731530801712829e-01
-2.425232244193320785e-01
-6.706123393565018853e-01
-1.744263480573053082e-01
-5.057556798667604825e-02
-4.906047003911024884e-01
4.540099358948061492e-01
1.760818026481330428e-02
-5.076772244693841252e-01
1.559099237785859238e-01
9.817237436340329193e-01
2.241499500504889886e-01
3.130318691586326252e-01
-3.012666664682208673e-01
1.873333080472774914e-01
-1.204104646807409029e+00
3.597337787313366064e-01
4.686934239672209679e-01
-4.153393775062346194e-01
-9.939906528692885601e-01
-5.608793640610130193e-01
-1.397585483298492637e+00
-2.261387702131073540e-01
-1.316785888857184561e-01
-3.531361440399074514e-01
1.082215977798114181e+00
-3.849066906276550348e-01
-2.071884065090829341e-01
2.482892360553414224e-01
3.893706711397009745e-01
-2.833674517050242120e-02
-3.702437923075904136e-01
-2.892312591918598796e-01
-4.975059322671300244e-01
-4.307853219212514073e-01
8.980271534871202554e-01
8.167106371859245151e-01
7.189280560940803921e-01
6.687859523873134204e-01
-7.278740324590709035e-03
4.663297721785594208e-01
-1.315198804508201369e-01
-1.487015240474335864e-01
-5.160550765523083672e-02
1.040705615030702358e+00
1.106996644726790935e-01
-4.814939334227261725e-01
1.265683638898325025e+00
1.913376537990024995e-01
4.708134631653000390e-01
7.848048690917268644e-01
-9.176813588249426168e-01
-1.186600930838645152e+00
2.585978598289601083e-01
6.833540820276293726e-01
-2.445136516870996257e-01
1.922332057399547489e+00
-2.946054904354658555e-01
9.569107946211963256e-02
6.601666009784366018e-01
4.807574843308934920e-01
-8.021712292750221573e-01
8.282234424829479913e-01
8.442287881881405109e-02
1.343636950292698140e-01
7.347564251054450324e-01
1.009585579228964747e+00
-3.624092983448937155e-01
-5.452226004292992645e-01
7.102759905986938405e-01
2.721039389963281208e-01
1.461777962233076766e-01
-2.621488925598348674e-01
9.323192973302862896e-01
-3.570643661129620505e-01
-9.458786567779697840e-01
6.301526524152145647e-01
-6.669681015544123848e-02
5.659044174285228213e-01
9.786965634856797935e-02
2.142059680052943171e-01
