7.304306500182040640e-01
3.809583382064225532e-01
-2.192504003518271904e-01
-6.381166046268074155e-01
-4.934025658065914755e-01
0.000000000000000000e+00
0.000000000000000000e+00
-5.804983148578697350e-01
2.597169912213548315e-01
0.000000000000000000e+00
-9.343325130208979257e-01
2.633316837384620523e-01
-1.452212551940672558e-01
0.000000000000000000e+00
0.000000000000000000e+00
-6.497356226486639130e-02
2.244808329526850610e-01
1.516488194137823875e-01
0.000000000000000000e+00
8.112711636256906278e-01
-9.160972534201206052e-02
-7.708800145910563728e-01
-2.058728230927528990e-01
8.502693518675092932e-01
7.823018978977098747e-01
5.409166718206308566e-01
4.734195537497032369e-02
1.566112789622973178e-01
-8.577161807910325120e-01
2.457464412218162142e-01
6.983187254869498428e-01
3.136253499527088540e-01
-9.539628713325976062e-01
-2.388973083911216655e-02
-9.339937370061932587e-01
1.040992003713008263e-01
2.264763799871585270e-01
4.852322687451184891e-01
-3.792209997701063706e-01
0.000000000000000000e+00
0.000000000000000000e+00
2.308880311664087692e-01
0.000000000000000000e+00
-1.404766562826063048e-01
0.000000000000000000e+00
0.000000000000000000e+00
-5.898579006521753598e-02
0.000000000000000000e+00
0.000000000000000000e+00
8.558587523236487193e-01
7.973565533554836104e-01
-6.328013514110457649e-01
-8.080232444266202130e-01
0.000000000000000000e+00
-6.040935259482960173e-01
-7.475192691532361877e-01
3.141797751981267872e-02
-9.627833786989414833e-01
1.855648116370998135e-01
-1.053215219230678734e-01
8.232913413710762907e-01
6.139494642445213479e-01
7.153572083974231166e-01
-7.716399700569522846e-01
7.276232740591637160e-02
6.761093304057594899e-01
-8.052575848692169469e-01
0.000000000000000000e+00
6.221305110498411839e-01
-4.877930296636168173e-01
9.370056654183354095e-01
-5.349743263631936419e-01
-6.590721031295903032e-01
1.664842402413495570e-01
-5.910018526893439095e-01
8.647713809295858312e-01
-6.330105696704260154e-01
-5.977521831827534715e-01
-5.955647190982285011e-01
-4.938684382036668818e-01
2.464270058170325850e-01
2.222082438525478931e-01
-7.312270019776980767e-01
9.213958812162521550e-01
6.713039216219671701e-01
-8.889546176523837051e-01
-9.636155104446666453e-01
9.726635655338866648e-02
3.972683895737001425e-01
9.332713379733661441e-01
-3.738630676641663264e-02
-5.634428375921849419e-01
-4.053033691595864241e-01
-8.972060778386796720e-01
7.687437399782179881e-01
-1.274949164301260041e-01
-9.370926768145075858e-01
-3.347514843043575272e-01
5.679251331404684411e-01
-9.838481586612304319e-01
-7.637819403224159753e-01
-2.378670607411350613e-01
-7.439919302993436290e-02
6.030864413068484087e-01
7.309538288502692716e-01
-9.065757463363424140e-01
5.830879775274744325e-01
2.172792834483308066e-01
2.786274152026235740e-02
-3.917835023832412222e-01
6.417423741044463448e-01
8.850637866373327611e-01
3.567758949817505520e-01
5.871058563047890644e-01
7.101444931125833193e-02
-1.477253748649274279e-01
-6.119304090577351030e-01
-5.963667769306901789e-01
9.608219923279481822e-01
-5.387779850706724272e-01
-5.691954933605991584e-02
9.567032815969389592e-01
7.191703622647571681e-01
6.905346600149719904e-01
-6.495283533206317461e-01
-3.237455747096316117e-01
5.027429692644522774e-01
8.247615295244050682e-01
-4.778681606696530970e-01
-3.928911358706339563e-01
7.630878515076890967e-01
5.662636066331858675e-01
2.817345084545848088e-01
1.588175482006952688e-01
-5.573225225411824191e-01
7.832332195787383711e-02
0.000000000000000000e+00
-8.605819381685750891e-01
-5.961640359487636598e-01
-6.575842211011408978e-01
7.166266114094925754e-01
7.962471991049677733e-01
-3.527429979048197772e-01
3.283844925385006608e-01
-7.756387157993196446e-01
9.092988241740185273e-02
0.000000000000000000e+00
9.236109430417620558e-01
7.930990121059928732e-01
-9.653288061810305631e-01
-6.653773580534620979e-01
-3.652503433399099109e-01
7.171392128404332489e-01
-3.378032633050709332e-01
5.667944314652122451e-01
-7.995692142419226212e-01
0.000000000000000000e+00
6.382696037692456859e-01
-9.600311360418278817e-01
2.043895758184264277e-01
-2.523053560903207870e-01
-4.753307966498341308e-01
-6.408745320385540456e-01
-9.635498393024644059e-01
6.155389845136949312e-02
1.436911551803210507e-02
9.603009261958572740e-01
0.000000000000000000e+00
-7.276852933385875577e-01
-6.131403648374860182e-01
1.519368273925365553e-01
3.653538998825467399e-01
2.590884365407974954e-02
0.000000000000000000e+00
-3.731588834490253692e-01
7.017941279435215840e-01
-3.568711087692675310e-01
-7.519374407383070391e-01
-4.742815045370538662e-01
9.314917486214611131e-01
6.324942866930001184e-01
4.277405877327900008e-01
0.000000000000000000e+00
3.765463051667923278e-01
9.958583239478535631e-02
-6.824868313002085962e-01
0.000000000000000000e+00
-4.585896632598542855e-01
-5.256133948699104330e-01
-9.999102593776258985e-01
1.212118717851891070e-01
4.267080044338518174e-01
-8.591871934434445190e-01
-9.820363752004475089e-01
0.000000000000000000e+00
0.000000000000000000e+00
3.279848133576130920e-01
-1.366359867464697064e-01
7.885116648592580546e-01
6.051764155470851225e-01
4.589291501587235977e-01
2.188063889350648772e-01
6.350825996268245621e-01
2.347390695547346695e-02
7.403628048650510163e-01
-9.192689734595740347e-01
-5.778343388655757806e-01
9.571348935752999054e-02
-7.875605240628436032e-01
-7.968525990420158855e-01
-7.100416618326983453e-01
4.944558393195461754e-01
-4.596776065011927148e-01
-8.957873710382813215e-01
0.000000000000000000e+00
-1.891507146695592390e-02
-6.229585277679534627e-01
0.000000000000000000e+00
6.871041593063387243e-01
-1.576240370802952651e-01
-4.671078494996216968e-01
9.302596762768631233e-01
6.934254418479079973e-02
9.858688436554823298e-01
-5.066659087484566282e-01
-7.386506757398390022e-01
-4.529008601809241252e-01
-8.122248016787003699e-01
3.054247709830126833e-01
0.000000000000000000e+00
7.738392335764299190e-02
-6.551037377653010640e-01
-7.410590297473265142e-01
-1.969546206561336721e-01
7.192766021438781188e-01
0.000000000000000000e+00
2.695505390011343483e-01
5.523797581279079605e-01
0.000000000000000000e+00
-6.206284691109578144e-01
0.000000000000000000e+00
2.422072992434820549e-02
-2.507922710097973962e-01
-6.972656792518683311e-02
0.000000000000000000e+00
2.567894028757566893e-02
0.000000000000000000e+00
-9.761505910330217084e-01
-2.183332776500774841e-01
6.381932811731871880e-01
-2.725963002849676187e-01
6.007544054198912242e-01
3.687349442782545950e-01
0.000000000000000000e+00
3.474336689175070436e-01
6.220488995264454868e-01
-7.708467000364629396e-01
0.000000000000000000e+00
3.397855084237926260e-01
0.000000000000000000e+00
5.038036454049210633e-01
0.000000000000000000e+00
-2.822462043444917690e-02
-6.069666521332672815e-03
0.000000000000000000e+00
