-2.191219981208170076e-01
9.139242343345779229e-01
0.000000000000000000e+00
4.202003188735190520e-01
-3.030767048236444605e-01
0.000000000000000000e+00
0.000000000000000000e+00
8.402459098862880005e-02
5.363157657659698430e-01
-8.349221100653623218e-01
-1.460283024225688120e-01
2.024174940581040527e-01
0.000000000000000000e+00
-9.437552670633373442e-01
-6.554015595176092557e-01
3.277952999573181536e-01
5.440695874561005674e-01
4.084826558636520666e-01
-4.423491061690421056e-01
-6.337472930259997472e-01
2.559762561446239371e-01
-4.365412354999276268e-02
-1.838580776867762001e-01
-8.400795373210212524e-01
-6.208718252938243420e-01
0.000000000000000000e+00
0.000000000000000000e+00
-1.219497076736653085e-01
-7.735154910739996392e-01
-9.668781402318493701e-01
7.489448916893202135e-01
-6.831768072544457393e-01
7.602304475368066861e-01
9.833831190653330445e-01
-8.094479330703923114e-01
-6.930793860813035945e-01
2.375010760743774263e-01
-3.954441623154705265e-01
1.693619838098905372e-01
-9.340923532834908283e-01
-7.979378659731364287e-01
1.314471750680270556e-01
-9.668821053771521346e-01
1.201189660908130730e-01
3.101890532820645863e-01
-6.539316189123585144e-01
9.047412275681903093e-01
-5.083475280272022889e-01
3.137410414758241561e-01
7.851775022150322414e-01
4.226924619322123267e-01
-9.253573448500129750e-01
8.987699091807717089e-01
9.094603480295906373e-01
3.822129308017685467e-01
9.127324673796868293e-01
7.908772126515535295e-01
3.742758629402775927e-01
8.742362594502155471e-01
4.387884308663267952e-01
-3.527215567419141884e-01
-3.870075289220893389e-01
2.033999516717506229e-01
-2.777658592403142723e-01
3.981746338121072704e-01
-9.819411911863833442e-01
-2.979590810621921548e-01
9.191981467196341793e-01
-2.011533957028044384e-02
-1.797987849413771322e-01
-8.413300080042225293e-01
-3.163856068842789693e-01
-9.002358007049990896e-01
4.967367557279673829e-01
-3.149208621188794854e-01
5.238511557245357775e-01
-2.379866427551382557e-01
-3.685713239001857655e-01
-2.799662961636493197e-01
4.472887591715857258e-01
4.663115562367692313e-01
-9.174859408971960395e-01
7.812092025876811174e-01
2.009664461211819741e-01
-1.197062676908837719e-01
8.456957471342185784e-02
6.920754289968804596e-01
7.090462302863944632e-01
-2.021314357039611931e-01
4.634206696636571365e-01
4.976807832426126676e-01
-5.273220193164573910e-01
6.780125233066585100e-01
8.335722608697380132e-01
2.341977966447663650e-01
9.188495755407792842e-01
4.594965022914925257e-01
1.316362072583003862e-01
-7.901004361983294810e-01
7.635176112388282199e-01
-5.161428400614138656e-01
8.583676258833576878e-01
9.351947614114408669e-01
7.785404312684187644e-01
-8.306803725567930563e-01
-3.674897645529964230e-01
-5.067108434829135089e-01
5.006591923333725269e-01
7.617172722406049257e-01
-6.069022112158972693e-01
9.128643832522920221e-01
-4.780181696904224342e-01
4.752107178905959906e-01
2.667427478371926508e-01
-9.706940425005250450e-01
1.839159045214491250e-01
2.443341085354124864e-01
2.103885878105493656e-01
8.566470022476502244e-01
-5.170084581343923347e-01
7.313843070016305958e-01
-2.947563021580057452e-01
-1.948343889051946665e-01
8.274049744969727005e-01
-6.956800462941699070e-01
5.780241599890276749e-01
4.513547740599923586e-01
1.903101201332879633e-02
6.469174480959705154e-01
7.583443264784528459e-01
8.308887184087376809e-01
-8.853703836082547074e-01
2.684749360013509722e-01
8.474790675623802283e-01
-5.574957174594930009e-01
-3.230762958477499946e-01
3.698278134727484012e-01
7.057427128045401510e-02
-3.274475467212147883e-01
9.047574424328264087e-01
2.153026508555873075e-01
9.432991109987474143e-01
-4.140247293971990317e-01
-5.987242950165856392e-01
-2.573315528531685548e-01
-3.580410804290179438e-01
-9.933838359189783862e-01
-4.779535972466379956e-01
-7.751493138296297047e-01
-1.376405342982327529e-01
-4.386963646318908783e-01
1.688227860161763960e-01
-1.986403898633306575e-01
-5.059225601095096447e-01
2.921621222457109202e-01
-1.933861305152029253e-01
7.984650402947637282e-01
-6.225975620500436847e-01
3.096111564115830994e-01
-7.897373751329921365e-01
-3.188955193807641031e-02
7.601314396394180939e-01
-8.433880965560631715e-01
-4.211378370801395210e-01
-8.298392618337080417e-01
8.798403733207227351e-01
-6.900975911688755904e-01
-2.700226727344841038e-01
5.434953907405619677e-01
-5.988735105787001967e-01
-1.999454142416892122e-01
7.666248727555089459e-01
4.927355169670726287e-01
2.200606146240500216e-01
-6.436780429396471437e-01
-7.531461524735694191e-02
2.710287423943742446e-01
-7.635488075926586404e-01
8.612613721537674127e-01
-7.634257227417908798e-01
-5.514866419389865548e-01
4.129926266783288114e-01
-5.061270431793618574e-01
-2.217047580050728328e-01
6.976568102822320316e-01
-9.094345585289254075e-01
9.441339357888887118e-01
-8.852882141883553491e-01
8.580072563968419441e-01
-1.864922946390468184e-01
4.919892750718815044e-01
-4.521634775571954368e-01
4.689010509028828100e-01
-5.375865194646782808e-01
-1.087668727307646854e-01
2.313554847737289144e-01
4.143033242459903676e-02
6.546763819075116508e-01
-2.669081235955261810e-02
-7.606788217139421882e-01
3.568305233278303845e-01
6.593377168099689989e-02
1.240462267783279948e-01
-6.515693736299468242e-01
3.936305110104101335e-01
5.851219337208872773e-01
-8.783762008387052678e-01
8.262691313030059437e-01
4.282662853948344672e-01
-7.128506951915087875e-01
5.382800223515182836e-01
-2.727451218644012521e-01
9.369572126410963264e-01
-1.214539010387714058e-01
7.025516089451131485e-01
-8.688716724194449625e-01
0.000000000000000000e+00
-5.511976341199340546e-01
3.302489762554425834e-01
1.888825104458424775e-03
4.696716354334442567e-01
6.615815500274246919e-01
-5.834342803380889730e-01
9.391122414848629418e-02
-9.519274722197110794e-01
4.967032993536864005e-01
0.000000000000000000e+00
-4.853552192703181056e-01
-6.705348936300570273e-02
6.585839318042479018e-01
-6.994766170278803319e-01
5.671714264850891141e-01
-9.918988775404506963e-01
0.000000000000000000e+00
1.220817162712557469e-01
-1.578608105227352620e-01
5.261707949090173031e-01
-5.922773043522220338e-01
1.103261691495971419e-02
0.000000000000000000e+00
-4.429776531801412620e-01
4.877629275221284644e-02
-9.562682325785059056e-01
1.825155984645212559e-01
-4.007209379978997621e-01
7.696091863800424981e-01
-4.273278559426985090e-02
1.137383861981657862e-01
1.336600000402909938e-01
0.000000000000000000e+00
0.000000000000000000e+00
-5.609218529917903151e-01
1.962708359289602189e-01
2.560084053057614106e-01
6.140157119991189738e-01
-5.010257382684188965e-01
6.402069987015799324e-01
0.000000000000000000e+00
-3.318879338853266692e-01
6.951976373753419036e-01
-8.480448278325014577e-01
-9.587698118208634046e-01
-2.190941850098877541e-01
-2.783148450163062115e-01
0.000000000000000000e+00
