-4.110726841725576008e-02
-7.670104368426231556e-01
-6.767629440140638941e-01
0.000000000000000000e+00
1.000000000000000000e+00
-8.308298152828907934e-01
0.000000000000000000e+00
-4.344734288917526666e-01
5.765440100824446024e-01
-3.310860122287606622e-01
1.000000000000000000e+00
0.000000000000000000e+00
3.465861103499907614e-01
-7.492799792925171065e-01
8.324244676800416354e-01
3.188973975462594534e-01
-6.722936795470284554e-01
2.358918108011336390e-01
-2.599967322602854125e-01
-6.467323166733274231e-01
0.000000000000000000e+00
0.000000000000000000e+00
7.298187259652955117e-01
-2.840062658929209949e-01
1.000000000000000000e+00
5.008423890480560026e-01
0.000000000000000000e+00
6.912046453504523402e-01
4.075010578977107389e-01
9.215568401768559070e-01
0.000000000000000000e+00
7.466373685857425890e-01
-8.244777976439929823e-01
0.000000000000000000e+00
-2.896425281476979752e-01
7.203746999013718177e-01
-6.713571190045164450e-01
-2.241483149462248914e-01
0.000000000000000000e+00
-2.848680418262226066e-01
0.000000000000000000e+00
4.448529267432330681e-01
0.000000000000000000e+00
-2.720374906752061062e-01
8.163629573474349144e-01
-3.605170257831167291e-01
9.534911475962082328e-01
6.025665270493807402e-01
6.676268236113023224e-01
0.000000000000000000e+00
0.000000000000000000e+00
1.840146702933878053e-01
1.866491776711902695e-01
8.139317486936610280e-01
-4.464093468530587749e-01
4.901378316461255658e-01
-3.001023981797503737e-01
-5.793096684362535331e-01
5.499385318076885909e-01
-5.279931375420230388e-01
-4.655395580817212053e-01
1.000000000000000000e+00
0.000000000000000000e+00
-9.927654352753609857e-01
0.000000000000000000e+00
-1.802928879548677532e-01
-4.379068511040566936e-01
4.586432515897216344e-01
6.275276765586532690e-01
0.000000000000000000e+00
1.000000000000000000e+00
-1.469560537723466620e-01
0.000000000000000000e+00
1.000000000000000000e+00
8.440385945284671898e-01
0.000000000000000000e+00
-6.592381378343747933e-02
-4.260819195907286083e-01
-4.005990890891522049e-01
-3.444031689024509291e-01
-5.173940376559886811e-01
1.097373978816895690e-01
0.000000000000000000e+00
0.000000000000000000e+00
9.351507213959795450e-01
0.000000000000000000e+00
0.000000000000000000e+00
0.000000000000000000e+00
4.079468205883343135e-01
-8.480640335488527359e-01
0.000000000000000000e+00
0.000000000000000000e+00
-1.813955355112524259e-01
-8.214411557995546787e-01
5.612789686522610122e-01
4.967180912941462356e-01
0.000000000000000000e+00
-2.962305252597288163e-01
1.000000000000000000e+00
9.173133829866737532e-01
-3.196061794244275944e-02
0.000000000000000000e+00
-2.771655996164612556e-01
0.000000000000000000e+00
0.000000000000000000e+00
0.000000000000000000e+00
0.000000000000000000e+00
4.337284256714633024e-01
-6.722453304077287140e-01
6.006278564607594461e-01
0.000000000000000000e+00
-7.453734701996459489e-01
0.000000000000000000e+00
2.520101623078239150e-01
-3.939604410022696790e-01
0.000000000000000000e+00
0.000000000000000000e+00
6.706451948962239840e-01
-4.855815332103183835e-01
1.000000000000000000e+00
0.000000000000000000e+00
1.000000000000000000e+00
0.000000000000000000e+00
0.000000000000000000e+00
-3.168370194354392932e-01
-2.985323205977536976e-01
-6.509936318275226785e-01
-6.599968761568077991e-01
3.140142250119313250e-01
3.726696569062761810e-01
-1.091667981779491647e-01
9.152331380490141832e-02
-9.890376315233753157e-01
1.000000000000000000e+00
0.000000000000000000e+00
2.946583021400606128e-03
0.000000000000000000e+00
8.951211630919513329e-01
5.710742389148180109e-01
0.000000000000000000e+00
-8.621287501579828483e-01
-3.623909798287017203e-01
6.545402148141870047e-01
0.000000000000000000e+00
8.571512231175009155e-01
0.000000000000000000e+00
9.386766319940980097e-01
1.000000000000000000e+00
-9.847637452653905665e-01
-4.268148725676765842e-01
9.674594431508978243e-01
4.702287879787834246e-01
0.000000000000000000e+00
1.000000000000000000e+00
0.000000000000000000e+00
0.000000000000000000e+00
0.000000000000000000e+00
0.000000000000000000e+00
0.000000000000000000e+00
8.526181782415664934e-01
1.000000000000000000e+00
1.000000000000000000e+00
9.125207385122091619e-01
0.000000000000000000e+00
0.000000000000000000e+00
1.000000000000000000e+00
0.000000000000000000e+00
0.000000000000000000e+00
0.000000000000000000e+00
6.125866827771140333e-01
-1.007954767663676865e-01
8.792929599175869360e-01
4.658169629961372848e-01
9.709066193132209754e-01
1.000000000000000000e+00
0.000000000000000000e+00
0.000000000000000000e+00
1.404990948210773638e-01
0.000000000000000000e+00
0.000000000000000000e+00
3.818137379440191825e-01
0.000000000000000000e+00
0.000000000000000000e+00
1.000000000000000000e+00
-3.436420726761912903e-02
0.000000000000000000e+00
0.000000000000000000e+00
0.000000000000000000e+00
7.679087594470188627e-01
0.000000000000000000e+00
0.000000000000000000e+00
8.706038718432520529e-01
0.000000000000000000e+00
0.000000000000000000e+00
-7.913125971401671066e-01
-9.225290849469023335e-01
9.541322752288516895e-01
-6.820412522965657587e-02
0.000000000000000000e+00
-8.534067184429792174e-01
0.000000000000000000e+00
-1.818188513548593122e-01
6.572862427303927113e-01
-8.562304807281602148e-01
-6.130583506769100577e-01
0.000000000000000000e+00
1.897172887726217283e-02
-7.240307709809616910e-01
0.000000000000000000e+00
8.770355425675528949e-01
0.000000000000000000e+00
5.663808680928099637e-01
1.904828248031962268e-01
-9.607757639570584374e-01
1.000000000000000000e+00
1.000000000000000000e+00
5.256050539035850289e-01
0.000000000000000000e+00
1.000000000000000000e+00
0.000000000000000000e+00
0.000000000000000000e+00
1.000000000000000000e+00
2.320900952517783722e-01
3.978959255745730950e-01
0.000000000000000000e+00
0.000000000000000000e+00
-1.797845823245030061e-01
-6.731828619995130492e-01
3.524016721492224669e-01
0.000000000000000000e+00
-3.057994606585552333e-01
-4.062683575422365578e-01
0.000000000000000000e+00
9.194557833686809456e-01
0.000000000000000000e+00
9.529307835007028160e-02
0.000000000000000000e+00
2.392508145185900936e-01
-8.322573880980486116e-01
0.000000000000000000e+00
-9.680832090768627385e-01
-6.066453865407697155e-01
0.000000000000000000e+00
-7.711420190235021010e-01
1.000000000000000000e+00
-3.519380515887824412e-01
7.243932336339489186e-01
1.658616834900186188e-01
1.502147428037092780e-02
-1.641944603553044946e-01
0.000000000000000000e+00
8.863993841232520321e-01
7.638202925013164446e-01
1.000000000000000000e+00
9.273744461041617537e-01
-6.182663623040940415e-02
8.199881524600789451e-01
3.623857538272703405e-01
7.736591867586817273e-01
-4.923145851684571639e-01
0.000000000000000000e+00
-3.227881744862417523e-01
-4.161453673512645057e-01
9.164953426024189387e-01
0.000000000000000000e+00
