-5.128493873469497366e-02
2.713669242505387658e-01
5.578296270967393333e-01
6.493467677454503040e-01
-3.737890087714437204e-01
-7.803580771439599939e-01
-1.016755053358342487e-02
-1.907244030603472140e-02
-1.311591582082196616e-01
5.028905817241453580e-01
-9.848835361157313173e-01
-2.844696170284226611e-01
-3.447131631404043439e-02
1.430780449744855076e-01
-3.390022056280186380e-01
-6.929028482882295670e-01
-5.660977395700261816e-01
6.884882324515306795e-01
-9.961535476755767338e-01
6.285511577518634319e-01
7.096870476246808224e-02
9.645452782062078345e-01
9.633910931562013058e-01
2.021552188797994809e-01
-2.946022307150149011e-01
-5.015295487610129666e-01
-2.139280207904343811e-01
-2.911750279154001753e-01
9.418437259483047885e-01
-4.372282413855754779e-01
-7.037619438133213556e-01
6.156949332324439528e-01
1.434370932051765024e-02
3.115029739694985533e-01
1.281275081567343488e-01
-2.719376019138575185e-01
-5.934850301314003040e-01
-8.567510063496326378e-01
-1.823841631551004205e-01
4.184330259689197362e-01
2.932188919580980269e-02
3.453631536149304182e-03
1.401355265260988414e-01
-6.858011663638352573e-01
3.644050029079008990e-01
2.233821924312195950e-01
-9.346966535654668284e-01
-5.222658268710824725e-01
-1.949831238433956671e-01
-5.518764628490702151e-01
-2.220512637780316378e-01
1.670545953314166443e-01
-1.200078555226529176e-01
-3.549438713842905102e-01
7.622035293164879377e-01
-9.677520254313687342e-01
-1.670264638890943676e-01
-2.387281359849615647e-01
-6.984025529380837316e-01
-3.292473107227276152e-01
-6.912073738018364999e-02
-8.388540570944780228e-01
5.792959557672876514e-01
4.925712784629014962e-01
-3.737552274333071356e-01
-2.900873756551047844e-01
3.560554754678999512e-01
-9.529558133149118593e-01
4.137029650717261031e-01
-3.654159435104711307e-01
2.498795666121260695e-01
9.128407532201472385e-01
2.109637947510432099e-01
4.530723902488522636e-01
-4.789620954117719265e-01
8.969476761020469535e-01
4.500702694821918648e-01
-8.286708798804363063e-01
5.203903474214379710e-01
-8.667537402596112717e-01
5.474365145259274534e-01
-6.861428513824530118e-01
9.975863791500676481e-01
3.683197378481166684e-01
-9.970954716234217141e-01
-5.134398351382667425e-01
-7.523473563844447209e-01
-7.584933160289892840e-01
7.381647396280923701e-01
6.252342579382201837e-01
9.643115469373650939e-01
-9.402846650974134857e-01
5.071999784436418413e-01
-4.143524406652336900e-01
-2.126951034289481512e-01
-4.674628514436725002e-01
7.387774675335236907e-01
-5.259796572361383760e-01
-6.979762020523174737e-01
9.404757262001472995e-02
9.974626760935343395e-01
4.651995577113645641e-01
4.571194111170351349e-02
-3.236157137771198400e-01
5.449139018384456801e-01
-6.079089498403327241e-01
-9.515180220599803729e-01
-6.997207403330956144e-01
-4.827223598032368557e-01
5.287569188686238597e-01
-4.619607254407518404e-01
6.349405609601606049e-01
5.263101159215954894e-02
-2.804474898102145008e-01
-6.003378344231409258e-01
8.316335549358158108e-01
-4.725476138677273674e-01
-1.580711599163457937e-01
-8.049411300381834611e-01
-7.288882499070254983e-01
4.696702188595212046e-01
3.835884955442512290e-01
5.969784100452726339e-01
-1.807557768921581598e-01
3.269747215658931339e-01
-5.501197718749375465e-01
3.763516765114016671e-02
8.994694950339887640e-02
-2.097508726527952394e-01
-7.101178344307466084e-01
9.264403697917922287e-01
7.725557087907370946e-01
-1.011968516800987317e-02
-9.304730734580330953e-01
-7.144460560705856444e-02
8.326148844903946689e-01
3.172119705699254499e-01
-4.840193548459132966e-01
-2.393675182269212609e-01
-2.457949204921141551e-01
-4.677278285667365587e-01
9.333192081022725350e-01
5.813083228359592347e-01
-7.426315745573504046e-01
-3.527389483323390973e-01
-2.319009785577073046e-01
-7.038557551495452369e-01
4.976455034454956294e-01
-4.930460392181781337e-01
-4.532001432271366426e-01
8.968881384385785083e-01
-8.291779234825282785e-01
3.465599840757467298e-01
7.955321768675795990e-01
-2.582095582637968789e-01
4.070133521080656624e-01
-8.461591900731608717e-01
-6.345098981614216704e-01
9.980423982921169390e-01
-1.409986730574586122e-01
-6.758687804666021481e-01
8.120296490432357128e-01
-3.961494607601583340e-01
-3.541423054432524253e-01
-6.875123159477314339e-02
-6.851169854554584049e-01
-7.796675650230300292e-02
8.550890233416894581e-01
-7.306770145043142151e-01
8.190300691515599585e-01
2.624930565593981413e-01
4.763064328545072446e-01
-8.445270006096781135e-01
3.312532175569895543e-01
8.690569237850003237e-01
1.854574158784909610e-01
-6.722286728664792488e-01
-6.352403048124415363e-01
1.387041345532820102e-01
-9.309782076702188824e-01
4.798585460533755231e-01
2.865323702808830753e-02
8.562563435396817191e-01
-1.911680439650575991e-02
3.714477082868741231e-01
-6.225699603899319534e-01
1.719596918044872247e-01
-8.948828445751182414e-01
-4.184770003303541763e-01
-7.689458920668896802e-01
7.294874548096852429e-01
-2.777468307308175177e-01
-2.776731711180353557e-01
-9.470174020805055548e-02
-8.400789168963000986e-01
-4.990310668177408981e-01
-9.848697827368133595e-01
-2.571986112490072252e-01
4.536433201908645074e-01
-7.743836477526635509e-01
-8.262900432219268954e-01
-1.854962583047545799e-01
-9.938711856831505820e-01
2.213670364090036813e-01
8.615631322337826692e-01
-3.424692698367646226e-01
-1.899584592829417495e-02
-9.256666635858734615e-02
1.754261080790797678e-02
4.749974502108627039e-01
-6.937597192971289850e-01
-3.526125683749443684e-01
3.668340189577623534e-04
-9.733222758601045577e-02
4.041931411188719458e-01
9.485960963187773931e-01
-2.267536667034293352e-01
3.763755589936967905e-01
-4.392183787294217101e-01
-5.112860263314966680e-01
-8.574970554787670896e-01
2.527825486905852514e-01
5.055668420685166531e-02
6.465471386362258155e-01
-9.116324133812578889e-01
9.564025538989189279e-01
-9.076968907254312491e-01
7.308232445090447893e-01
-9.149427700331336233e-02
-2.965668270584109756e-01
-3.188307172842208548e-01
-6.290257611562524165e-01
-7.751080083964208001e-01
2.571122400867569269e-01
-2.188725553639270238e-01
-9.279456951908020557e-01
4.256562043572151843e-01
-3.973497314369445199e-01
-5.487346509415285123e-01
-6.163701756107644592e-01
1.708569650004889695e-01
9.856627585934440994e-02
1.193106021987020426e-01
-8.544708826419291636e-01
-8.284742480541942289e-01
-8.006435709023131952e-01
7.121736542521444058e-01
-9.534630441294600356e-01
-1.499298915662710119e-01
2.386579326137485690e-01
-6.018769737754798843e-01
8.931657542981352726e-02
-5.459754908733474021e-01
8.171038708524460681e-01
-1.725361858294933715e-01
6.791919673037893901e-02
1.542128865787664171e-01
8.650147178748448518e-01
5.993387604644659916e-01
2.699596414784899423e-01
-8.067435253035550868e-01
-7.356299078170556172e-01
7.350510942413768234e-01
8.164032260681368669e-01
-6.203305931845228827e-01
