9.366103169410278095e-03
-1.262084904464800816e+00
-9.170109451383446908e-01
4.538409439441660753e-01
3.751612738832197369e-01
-1.435682363251031823e-01
5.178486708030154428e-01
-1.587619057690870417e+00
1.538900784558166368e+00
-8.281504350993771357e-01
1.799406395589852048e+00
-1.501560914584847861e+00
7.424460085142463583e-01
-9.322243260773059870e-01
4.619738030653393057e-01
7.552480447964138310e-02
-3.767051500831047894e-01
1.533198598986004468e-01
-8.315978046374183918e-01
-1.911238262269358001e-01
2.172220770935840317e+00
1.489375098671068542e+00
1.087901740381627791e+00
4.224808094060927832e-02
1.703428112946647754e-01
3.153812511412309449e-01
3.378092557385861672e-01
-3.007622509184302850e-01
-4.284184992274098214e-01
3.516699581818849007e-01
-4.401521614420679518e-02
1.007898314287655417e+00
-6.937738484148242568e-01
-8.626528313040896512e-01
-2.874338817471158158e-01
5.566194309728127176e-02
5.324157835865449551e-01
4.525359218507614134e-01
4.109719454955419460e-01
1.106814452084867346e-02
-4.191666529125217533e-01
-9.989221559350621726e-01
6.826836664638440133e-02
-1.413822112901615080e+00
-3.253826700705459984e+00
4.058936533787709799e-01
-1.822943122405287081e-02
6.041272691299311992e-01
-1.015613203447290058e-01
1.165256916584918256e+00
4.148966290344125452e-01
-7.753191495758449125e-01
-5.386923755189547691e-01
7.017488076636574368e-01
-3.689533658854405873e-01
3.755227526168748720e-02
4.020648202337214205e-01
-5.995836621080364442e-02
1.327756932323198358e+00
-8.986003100580306491e-01
-2.896524244965502648e-01
-6.743939960105176379e-01
6.785365466856076999e-01
1.968343674553228728e-01
9.808284599882381716e-02
5.638385580787610429e-01
7.618054347890380607e-01
1.432246754566584457e+00
-4.105577404666377883e-01
8.445763156989752329e-02
-1.742462084397420619e-01
2.067593104585395969e-01
1.798809824530567480e+00
9.127968443210913163e-01
-1.173227622715397600e-01
-4.350598961463844061e-01
1.112454305809376098e+00
-2.427558073924601934e-01
-6.485649882396252508e+00
1.153375339095253499e-02
3.309052069101848792e-01
1.015752503351445846e+00
3.002638096042898885e-01
3.165885775182373379e-02
-2.002648441059414197e-01
-3.063582889332624459e-01
5.250636651092391305e-02
-6.017178497863213682e-01
-1.557256097304391407e-01
5.157231243451735336e-01
-2.394669503803656396e-01
-1.584832493242513518e+00
-1.939469276957455968e+00
1.154078222876111948e+00
-4.985520077261709204e-01
1.055462960172525028e-01
1.418481677235108540e+00
-4.544052489654932248e-01
-1.065528184903605124e+00
2.926664523403486526e-02
-3.058318745200760080e+00
1.680764039020280209e-01
6.373977167312234737e-01
1.196272399033249667e-01
-1.630092665901503812e+00
3.004545349584030189e-01
-4.296190156737067500e-01
6.100005303364810505e-01
-1.186340431374088428e-01
1.553383570553913406e-01
4.435557414755292305e-01
4.862706989205183017e-02
1.811594301012425356e+00
3.162799411738703714e-01
-6.597735314338785129e-01
-3.092083917119726744e-01
2.392332041080499350e-01
-7.201204827563378180e-04
-1.258910704943693240e-02
1.634974429540886898e-01
4.673884920947766752e-01
-3.113936205570824733e-01
-9.171447338768461133e-02
-3.329997557902383831e-01
1.747609047874529586e-01
1.685392706602388158e+00
5.964504399510554000e-01
-8.862395960053565114e-02
-2.067947790650584983e-01
1.982492663829640289e+00
-6.600214628934877870e-02
2.984381764672632276e+00
2.282323261603153686e+00
9.965171472792715424e-01
4.578176218048189972e-01
3.220310201421961449e-01
-9.468650676560443902e-01
-1.919359090671100276e-01
-4.653447825797153992e-01
-8.410907491619629139e-01
-8.455460260206570933e-01
-6.152130546135081701e-01
4.507402020409475019e-01
-2.473481466088716108e-01
-1.938355192418476758e+00
5.471970918441463327e-01
-5.680566693262649736e-01
7.931613961071540819e-01
1.035457219503654880e+00
-1.155870352932028222e+00
-2.811038513008971562e-01
-1.996015547176393845e+00
-3.332826196563738047e-02
5.242548784584228905e-01
8.115435693234444511e-03
2.315371242157562848e-01
2.457824539784018297e-02
-3.607404120848043405e-01
2.560466131174846671e-01
-6.618260480285340086e-02
7.395044995287075595e-01
1.545759676403579697e-01
-7.526849200722647293e-01
2.017455742760004611e+00
-1.480217300379033540e+00
1.160451147209791589e+00
-3.234835488183104291e-01
-2.441899435448952049e-01
9.376397530740550046e-01
-3.329614964329397075e-01
-1.155508834208705295e-02
8.744874402026222571e-01
-2.287541577907474810e-01
1.236084182591799641e+00
-1.599322992997813386e-01
9.784678428832884745e-01
8.624532331275585051e-01
5.851562808759531720e-01
-9.506665308400217285e-01
-4.871941321800219438e-01
6.325742045815985204e-02
3.724729787359756239e-01
2.552158112936992601e-02
4.136071083339178944e-01
-6.794797712560149971e-01
-1.663485925301112278e+00
-7.772024720201687886e-01
1.135066085630870525e+00
4.720849751853438692e-01
5.569011732205563225e-01
-9.425211309141836580e-01
-3.199111073353143042e-01
-4.639366002373661590e-01
-3.257919478809384595e-02
-1.030805283499819147e+00
2.121565203458942728e-01
-6.119837949580331227e-01
-2.321036325379488563e-01
5.360906083188874405e-01
1.349825502835212965e-01
5.969575005950789048e-01
9.476171291732539137e-01
-1.021571427979828917e+00
1.591703354004278648e+00
-7.950758585879291740e-02
3.750372964352686189e-01
-8.919428155394497626e-01
5.673773332482328069e-01
1.124752764425103635e+00
2.165616175341140703e-01
-1.714997532301021144e+00
-6.130780736317659185e-01
1.759980957489239162e-01
1.179882931839470350e+00
-2.320592761842413254e-01
-1.627440848066999957e+00
2.363430333809808936e-01
-8.718128875473571404e-02
-3.273959009215533095e-02
9.123841276353787944e-01
2.206391735016443312e-01
-4.132197985888841352e-01
1.010002574471778658e+00
-2.486582903248161891e+00
1.039361071639988809e+00
-5.290131848937738024e-01
1.205073793820828465e+00
-4.790355777567659179e-01
-1.078717150499832966e+00
3.929272223944749176e-01
1.492030827374409008e-01
-4.309359949128512279e-01
3.507602153722604865e-01
2.710386294412137076e-01
1.921629724676109929e-01
-2.986625572600306588e-01
-1.255163347969794563e+00
-5.884030520362532046e-02
-4.703991131762104150e-01
8.463038235200638360e-01
-1.254380960722880634e+00
8.295845885643502449e-01
1.090108913956284509e+00
9.588458552249528033e-01
4.133773151710144478e-01
-6.940337403080234502e-01
-2.082579733683684431e+00
7.764741874041263259e-01
7.502670518991577664e-01
-5.431802247332075950e-01
-1.199573885138213586e-01
1.638514054351073668e+00
1.126770410593790350e+00
5.133059266626757156e-01
5.080377341977870831e-01
5.812347718097391480e-01
-1.301411911175808789e-01
3.711210138213103527e-01
3.453102762308390972e-01
3.034815113212904203e-01
-8.471341811525319176e-01
-8.849881974051790889e-01
8.370809266782211489e-02
4.024290172867249216e-01
9.903556082432811714e-01
