-3.199599235382577511e-01
3.639210764357189154e-01
4.194590786897663959e-01
2.017047214962132129e-01
4.025904353904257715e-01
1.218407863570737659e-01
-5.902385789622466294e-02
-1.030715647731119816e-01
-5.379276626270201866e-01
-2.283963469621916875e-01
5.968716071569819537e-01
6.286663455495429265e-01
-4.718209851332675342e-01
-1.902719154314750083e-01
-7.253312701199515766e-02
9.029364598219090654e-01
-1.385164713178603346e+00
2.829184130416901866e-01
4.389981172288656142e-01
-1.577297898113271257e-01
-8.546711573689447228e-02
4.984748506590025441e-01
-8.593170105536505066e-01
-9.237950558566463410e-01
7.342497123825697525e-02
-2.305821879914914940e-01
-4.646315392875502437e-02
2.853748713762134237e-01
2.275093529420401661e-01
9.557522681034587020e-01
-6.135503386131990755e-02
1.436539819078599955e-02
9.436561934654336126e-03
2.541259921400823574e-01
-5.299144154468782730e+00
-1.180272069202514817e-01
-2.200348728498579653e+00
-5.732838419455912327e-01
2.175596550937362927e+00
7.355553289394398675e-01
-6.243806750014167795e-02
-3.330538916096342783e-01
-1.061119731905426911e-01
4.221793643463439549e-01
1.782836411072181271e+00
-1.713254282265327944e-02
-3.227448876309846337e-01
-2.638042712743690066e-01
1.241085580324070126e+00
1.064271711290782241e+00
-5.315118405525407486e-01
4.059095478274566959e-01
-1.639837173558746919e-01
6.371965688692795560e-01
-3.990650628893024909e-01
8.563366811941891532e-02
7.159358695894246782e-01
-1.685319009796646395e-01
-8.279524905319922690e-01
6.208242342833645289e-01
-2.497584556154129665e+00
5.865268591355253802e-01
-1.079963938732294258e-02
-5.209532457576515618e-01
-8.051172370881960472e-01
-3.645720798801239670e-01
3.983335087485368464e-01
-6.582448875553891243e-01
-1.333296011230936440e+00
2.710125727568115650e-01
1.957125107318961055e-01
1.888781619857451965e-01
-8.940286992917512165e-01
2.480753451742954419e-01
1.150511679615889626e+00
-5.267683729239297508e-02
-9.541282484569495459e-01
3.889732654685172930e-01
6.412346800120163892e-02
-4.364230017753106261e-01
6.196613898445585411e-03
7.102693276180541138e-02
9.626836534316246530e-01
2.635540155581549637e+00
9.195907402113885354e-01
1.213502569808269538e+00
-7.869631712868745410e-01
6.856873651832601224e-01
4.009462907600918058e-01
-7.534468460060654849e-01
1.414243669203200104e-01
6.005806142241176815e-01
-3.167033808131386463e-01
-4.607853817547094000e-01
6.419210691775774080e-01
-8.257642430742029305e-01
-5.134303838194120839e-01
7.162346437326878590e-01
-1.302920436797027737e+00
-7.913277857348091082e-01
4.037411131198599401e-01
2.241077309362969672e+00
6.656244173725740509e-01
-5.941455149054564178e-01
1.506098259042421894e+00
2.058359019434532478e+00
-2.908353010095919844e-01
7.611679694228317139e-01
7.321752210216776469e-01
-1.506468340559980579e+00
2.917141815652311010e-01
2.285595465169249163e+00
4.704535191806926697e-01
8.838948447525537544e-01
-3.059377394880489209e-01
4.654696410273465590e-01
2.516822124275176487e-01
-6.854855378655159148e-01
1.948426874296769473e-01
1.822246566530252854e-01
1.541360175262981747e+00
1.051032143543651487e-01
-2.192968834102220488e-01
4.073232933255032662e-01
6.238606956850385465e-01
1.135104469969681507e+00
8.713270034276037190e-01
9.220124527782364021e-02
-8.503447857303150226e-01
8.279339496935609333e-01
-1.045472430302296196e+00
3.905344945254844991e-01
2.646522243397675389e-01
-9.837810093527534772e-01
8.960563291683859566e-01
1.007468081109350044e-01
-1.815414041465748807e-01
-6.658570649438072531e-02
-2.641488840152651507e-01
2.516711323416149781e-01
2.010014624614395728e+00
-6.537971366543932072e-02
9.539745025309158688e-01
-2.923822759502658908e-01
2.027043112853753326e-02
3.858659555393555429e-01
-3.634054138958195956e-01
-1.180116520204458785e+00
1.035925689341584688e-01
7.394339088491410195e+00
-1.453493506110534739e+00
-5.526097423758787736e-02
6.568723843883671476e-01
-1.252087442885970958e+00
-7.724721491016206532e-02
-1.309202972838219514e+00
-5.205233814883681864e-01
5.071191038326672285e-02
7.846686241518305849e-01
2.317438228388515875e-01
4.282644765758677335e-03
1.277490214192639639e+00
-1.229530038010786253e-01
2.288393384940972997e+00
4.432412902842061131e-01
6.134958680539533971e-01
4.114106086592493328e-01
1.585146811465850125e-01
9.063254165895049397e-01
8.055336486043064292e-01
9.891261892085388974e-01
-1.574766032109062852e-01
-1.296988808258727199e-01
-1.158692499081226845e+00
-1.053484384326780210e-01
-4.167129494753446517e-01
4.922609569391160900e-01
-5.057143042160117119e-01
-6.757626341780182955e-01
1.059040517121798697e+00
5.495388177912436944e-01
-1.581778929166050007e-01
-5.822992962312771859e-01
5.345763116952262362e-01
5.970414342263385965e-01
-1.375003639813203948e+00
1.979680100326658143e-01
3.378624606913197548e-01
7.163785856275661779e-01
-5.706713019509365159e-01
3.504035207691138520e-01
-3.081912043667725531e-01
4.314022189703433652e-01
8.127748877191753873e-01
4.538351497576855187e-01
4.393647094470884418e-01
3.515037252494396247e-01
-1.738982962919115582e+00
1.060822732029988585e-01
-4.333866886021846554e-01
-8.085703543414003436e-01
2.470020270258514727e-02
5.918471847766924032e-01
3.093712123704752237e+00
6.024651375705882828e-01
-2.944584446833785618e-01
-1.300007807387182635e-01
1.296377246831944774e+00
-5.320225815902576372e+00
-2.789596813246515872e+00
-7.217480440610095638e-01
-8.005465878041260197e-01
-1.034712499145615805e+00
-7.889870963462966014e-01
4.009382731342535644e-01
-3.245905195131930376e-02
1.921895577987692283e-01
1.674542506515314666e-01
-6.349415365965458413e-01
-1.843875726516030489e-01
-1.872904179410503911e-01
-3.409338884711794471e-01
-2.829305469374852888e-02
2.590283848789753374e-01
1.308343907649769822e+00
-6.698849228676857503e-01
6.291297611597328476e-01
-1.858588019912832401e-01
-1.163621308176945035e-01
7.295435645001444591e-01
1.146399482749284465e-01
-1.539074055001288938e-02
-1.183583307537316026e-01
7.383588087500045916e-01
7.656931095809668131e-01
3.057007990629214689e-01
3.035712435173166801e-01
1.973081820863033520e-01
9.865126808608288833e-01
2.774882378134898020e-01
-2.904906125964777375e-01
-2.320984083953562399e-02
3.531455200597888311e-02
1.280390701216720384e+00
-1.772914611004072216e-01
-2.701250589461603013e+00
-1.717622654608438104e+00
5.017344277821221832e-01
1.610007300449789180e-01
2.196822897516327866e-01
-1.175741136411826426e-01
-3.401802774076197466e-01
1.533032240791197598e+00
-2.670332357366209663e-01
5.147387487324104338e-01
-3.861922218870919021e-01
6.332223366189678737e-01
6.047161320967258114e-01
1.718088439016829394e+00
7.065949267938349543e-01
-7.612714922440280696e-02
4.267539983264888037e-01
5.699274751944738426e-01
3.511521365140912732e-01
-1.235736009477113928e+00
