9.092870635283845093e-01
3.415351655005857689e-01
1.753691984647697821e-01
-3.915191226285920090e-01
-1.000000000000000000e+00
6.758397785483980513e-01
-4.685227379984946428e-02
4.276366068499460327e-01
1.000000000000000000e+00
2.305089162687024018e-02
5.973246968825765002e-01
-4.300420428129920758e-01
1.688183065494218982e-01
1.934958190849659920e-01
3.415521199988547085e-01
5.919542980608630267e-02
1.723472193071639569e-01
-7.603114101953491188e-02
1.000000000000000000e+00
-5.974403705076742899e-01
-4.917996190685300362e-02
8.798583013162269983e-01
-3.541396800259607458e-01
-8.491643225838557685e-01
-1.000000000000000000e+00
3.775072050315514405e-01
-1.837471100925640588e-01
8.048909469489968771e-01
-2.975166012630090506e-01
2.524458103772564410e-01
-1.821357801997623982e-01
-5.790297307673886174e-02
-2.068205160566529976e-01
-4.888095450326694902e-01
-2.360200020687662215e-01
-1.508589064108308841e-01
1.923137009456182822e-02
-3.607995345945964050e-01
-5.556330847031467624e-01
-6.353631123367850519e-02
-8.383900530202920143e-01
-8.990131031324417182e-03
-4.294429150591764222e-01
-1.404722378094660357e-02
5.069484866867850492e-01
1.000000000000000000e+00
-3.554007496574813074e-01
2.858828249057646653e-01
2.185575875049351746e-01
1.292356438257300788e-01
4.432572490326908143e-02
-4.251228197834560629e-01
-6.484341281944718816e-01
3.775157948132255026e-01
-6.388977732803367005e-01
3.516820163785688846e-01
2.460519192716352777e-01
-2.926019614117770229e-01
-4.594332489314085777e-01
-9.397661773256881235e-01
-7.461117120560367688e-01
-2.721906308116157081e-01
1.000000000000000000e+00
8.190311105131202751e-01
2.824785915162082439e-01
-4.814044740422575019e-01
-2.316670416774401775e-01
2.652012582190226286e-01
-2.523695490042458713e-03
1.765585389815201023e-01
2.264791708552941762e-01
-8.084786719103247143e-02
-7.548770378250649893e-01
-6.850874082125849585e-01
-2.388268894841412693e-01
-6.050213446748118340e-01
5.381462052347287806e-01
4.476386249163822328e-01
6.016105150816574154e-01
4.730143817532774797e-01
1.000000000000000000e+00
-1.000000000000000000e+00
-4.550766901948903875e-01
2.719154369590377485e-01
4.881269608911248947e-01
2.912780529468888546e-01
-3.578611819390399296e-01
-1.078562722489864734e-01
-4.687519436449587018e-01
4.033584791444710937e-01
-1.717046119199437670e-01
-3.489428081362040968e-01
-4.174021002685268655e-01
6.332710049486580672e-01
-9.169265601649490005e-02
-2.475653235083160042e-01
8.674053977044374197e-02
-1.000000000000000000e+00
8.286864381616599884e-01
2.303727192369972865e-01
-5.197175792347343837e-01
-2.721664250791441253e-01
2.001404673597638739e-01
5.871603646021613665e-01
5.683415553318100777e-01
1.000000000000000000e+00
1.040727316760267085e-01
-1.597945692269842621e-01
2.000097091265867766e-01
-6.441759129707061993e-01
1.000000000000000000e+00
-8.257891594059089124e-01
-1.000000000000000000e+00
4.287033192194242837e-01
4.531857994462569206e-01
8.657245926339375286e-01
-1.710649907902091482e-01
5.931606791105397125e-01
2.350726587039636550e-01
1.000000000000000000e+00
-3.991081193408485550e-02
3.827162255269396240e-01
7.508926013881760397e-01
3.455926761289954130e-01
-6.829002418579021016e-01
1.920153657280297688e-01
-3.790665919991475508e-01
-1.260964220451571416e-01
4.433411195738282684e-01
5.400097017720710824e-01
-2.460580919045128045e-01
-6.957436344562869524e-01
-3.094566879753073430e-01
3.287311197436857402e-01
3.652626245426111584e-01
-2.038115508951368615e-01
-5.130636267946264706e-01
-1.125292536988150016e-01
5.107010013208668209e-02
4.945306119159235680e-01
-5.368294697775508606e-01
3.704599207975364239e-01
6.519427878760281070e-02
-1.000000000000000000e+00
-1.608842091148193765e-01
-7.655186153345476807e-01
-8.076447142298898152e-02
1.075161996583166718e-01
2.813208235490695652e-01
7.055477369714072688e-01
7.876572330924432042e-03
-1.000000000000000000e+00
9.949366920117073965e-02
-2.451962637520996025e-01
-9.720617978669497949e-01
4.866145622742785726e-01
7.874720928277946230e-01
1.548450457376549516e-01
-7.377424781475809823e-01
-6.854169949107340454e-01
3.389323342478195444e-02
-6.412995715717868528e-01
3.359290395317325872e-01
-5.156074062370518130e-01
6.965695060128512806e-01
3.078345249745353951e-02
4.833013271169178116e-01
7.145403389457497534e-01
7.198274380308695708e-01
-8.766503997290957528e-01
-1.000000000000000000e+00
8.887580667815468960e-01
-9.718202378578477685e-01
9.022576079746210675e-01
1.034995143901993597e-01
-3.621548957259579371e-03
-3.568084229532874074e-01
-1.756179638530165343e-01
9.901456831790335367e-02
-6.913026089005743779e-01
-5.358136380522027231e-01
1.000000000000000000e+00
7.784260927391846163e-01
-7.803193123683019872e-01
1.000000000000000000e+00
-4.066912548128219784e-01
-8.055993859116222788e-01
1.000000000000000000e+00
1.532227202718699360e-02
-3.228202281276381647e-01
5.619779097008973379e-01
-5.732910901461553133e-01
-5.754395669556122694e-01
6.461354140669945956e-01
-5.186298320132940454e-01
-3.451523433561072274e-01
-4.965685207179091343e-01
3.606868313723384234e-01
-5.115468818702639808e-02
2.121542869066514181e-01
7.292196508683406186e-01
1.893927367430984499e-01
7.326201887542342917e-01
5.051515990431479919e-01
8.451839124580842189e-01
4.089746748641748253e-01
4.882048986213832764e-01
-4.501144342852336777e-01
-3.291320992789716904e-01
4.009401472613536854e-01
-6.116264307471743766e-01
-1.558557315365553808e-01
1.877506223879396585e-01
3.255783212876626198e-01
-3.185077660768249608e-01
-4.415146331682588410e-01
5.803075912884101406e-01
7.642658240733160024e-01
2.113046299013597029e-01
9.074889361599240978e-01
-8.740312162839831700e-01
-4.241433593041895045e-01
-4.238819324593912086e-02
1.000000000000000000e+00
7.011033517908099588e-01
-4.079495756887853153e-01
3.001060773342544841e-01
-6.571260284489363612e-02
9.964115187982749422e-01
-5.798327739577791018e-01
-1.952364638199510227e-01
1.747676603579052523e-01
-2.524958650158458662e-01
5.522148993349109691e-01
1.000000000000000000e+00
-1.000000000000000000e+00
2.082801845939914465e-01
1.000000000000000000e+00
-4.204255609894008705e-01
8.915204921441207686e-01
-5.694263106075680980e-01
2.946587324095117921e-01
1.685181908192304734e-01
8.768699428047088684e-03
3.563908913448030069e-01
-5.215536662514589847e-03
-6.555507437340378774e-01
9.168405877154496286e-01
4.321409072045104827e-01
-1.442056400736747568e-01
8.982639614735206113e-01
1.483373979477767834e-01
7.191968508936982252e-01
8.427338511343297478e-01
3.093660733124614093e-01
-1.755698061848342817e-01
-4.358998359178913318e-01
2.285274903067662233e-01
8.960781202477164920e-01
7.789288258587786506e-01
-1.624622211658077742e-01
-2.636575002358068076e-01
2.834039345167134738e-01
8.200474150327157208e-01
-3.778654320521060983e-01
