-3.829811254029914513e-01
-1.645269854051094587e-03
9.193420353573817927e-01
6.094058221355230787e-01
1.680618897314964943e-01
5.681103284091271188e-01
6.951223130534418537e-01
-9.971242019558855529e-02
7.017612410413873181e-02
5.920591834126202047e-01
-4.007812773322031452e-01
1.143144395538875091e-01
-1.134433189999832364e-01
2.262950722624551270e-01
-8.695561127295464710e-01
-2.327566581183871386e-01
-2.587425827093352559e-01
9.954458505583545502e-01
-1.124231405379808868e-01
2.766186006549982146e-01
-3.099374751092144331e-01
-1.636381336917736573e-01
9.080132339996300761e-01
1.826661870182498260e-01
6.817238780944760990e-01
4.473518475874623812e-01
-3.902047821008610140e-01
2.106462162659600290e-01
9.401245168373735250e-01
3.768383879781529444e-01
-3.171007284524104963e-01
-9.803198766056032687e-01
-1.000000000000000000e+00
-8.039028381557231651e-01
6.169275272309681091e-01
2.817655264828237138e-01
-6.358840530810102587e-01
4.822424499785561980e-01
9.070775780020885470e-01
8.077749554490869510e-01
-3.485136001521870752e-01
-8.939498044954097278e-01
3.232237662773236320e-01
3.754185791627950852e-01
2.585881517608795699e-01
-1.000000000000000000e+00
-4.967658825161581637e-01
-1.031389938539853390e-01
-3.443395962762967333e-01
6.077453394007010790e-01
-9.060104536930726482e-01
-4.258964564014038334e-01
-3.120053555105831156e-01
-2.487062747331127976e-01
-1.821346030874587407e-01
-2.528116030841739970e-01
-4.506267786334967607e-01
1.204625575696653267e-01
3.437811102314005107e-01
2.629995802300895413e-02
-1.108206431095332400e-01
-1.424971070577733534e-01
-9.031595550420871144e-01
-9.602641942858256563e-01
-8.397404762725695360e-01
-6.948430431067112445e-02
-5.660058301782798784e-01
7.769183270352495452e-01
2.490487625513497782e-01
4.528838667893422820e-01
3.450976498234969991e-01
-2.464957701846167692e-01
-5.286301144156105858e-01
-2.466803858846386976e-01
-8.656167283866771367e-01
-2.949392600507666495e-01
5.124624569355462622e-02
-4.079450442650995323e-01
-3.639753339961240841e-01
6.759868813714025038e-01
7.742253293604621778e-01
6.548909502371327851e-02
6.413624737212582083e-01
-6.153664148438739989e-01
-5.555432196444261006e-01
-4.836969413526526207e-02
4.312262465028049441e-01
8.764376331236983786e-02
-4.776642841386939398e-01
-9.808785902549070623e-02
-5.784791003428670919e-01
-2.651178968589870122e-01
5.199855860746619429e-01
3.185091421398604239e-01
-3.559775320001180160e-02
-1.113827589527946471e-01
5.949018310456963832e-01
-1.792715403723382228e-01
1.486740482895363979e-01
-9.433317916060537378e-01
-5.472618708240040153e-01
-7.912242772678471092e-02
5.408660213640897191e-02
1.823547684862004137e-01
-2.419792667100006955e-01
-6.717084153724912909e-02
8.715481546353487374e-02
2.557829206918049714e-01
2.514706376210925076e-01
5.983929617317977900e-01
1.124326970196175557e-01
1.905849999449116816e-01
4.279033481847129838e-01
-6.420512866598722113e-01
-1.429428863753748336e-02
4.435982224055726730e-01
5.129884069392958573e-02
-1.156901546539369496e-01
8.627830611286924078e-01
9.606362126819421032e-01
-3.526188196979991307e-01
5.988402007275146488e-01
-7.587265775559012826e-02
5.216108897766760233e-01
6.135122330153871539e-01
-8.374675921297045633e-01
-7.777021629114599932e-01
9.824760287996168184e-01
-7.402070451658079309e-01
-5.511167994856338570e-01
2.166327948748974497e-01
8.811757108527702442e-01
-1.327703347814043200e-01
-7.878380972816058370e-02
1.444900926392970186e-01
9.977345778975164059e-01
1.141109108029658009e-01
-8.524834164946778481e-01
-6.716104406861899134e-01
3.236103816016237533e-01
9.177108742611252978e-01
-1.976263989825488288e-01
7.761705016905048327e-01
2.432677858157926420e-01
5.920332940765253849e-01
1.000000000000000000e+00
5.332286567273090139e-01
2.794589929464621481e-01
-2.496728791882111831e-01
1.395506298542472656e-01
-6.598427855382370429e-03
6.128422722286352986e-01
-8.156287071725248916e-02
-9.602859757609331914e-02
-5.285996667817493000e-01
-9.805803392516174721e-01
7.752814819239519650e-01
-6.166799983917145012e-01
1.747811976357273311e-01
-4.390870036211124150e-01
1.224734881080114385e-01
-4.980582202808989667e-01
4.081734457029172480e-01
3.046724989288124852e-01
-3.888499865263572719e-01
1.306059794080029202e-01
4.819567054796101702e-01
-1.000000000000000000e+00
-9.954624422521454186e-01
7.146153129391753511e-01
8.546955368941380748e-02
-3.284624907543707284e-01
1.000000000000000000e+00
4.608795870199740019e-01
9.022968528261032795e-01
-1.006049662419924717e-01
5.922910151461653339e-01
5.990982704805803728e-03
-1.245234135520745800e-01
1.317829671428340232e-02
1.103094662988665375e-01
-4.898029567586548172e-01
-7.768720081799584953e-01
-2.269421370498060364e-01
3.063586756733401861e-01
-7.932224813146095954e-01
-1.546689257000362083e-01
2.109365603512671772e-01
2.745865644487821000e-01
1.127463749821105803e-03
-3.355748068306533584e-03
-1.595150689430180346e-01
-1.000000000000000000e+00
3.704311271272405781e-01
-6.881621739262490101e-01
-7.671456349641427863e-01
2.521185429121537980e-01
-3.267323040523038152e-02
-7.882597532234982829e-01
2.446230675354837958e-01
-8.776833158082875119e-01
-6.891820109835129771e-02
3.911874944524861009e-02
-5.376861210341343789e-01
-9.904281768775476114e-02
3.261214181811466495e-01
7.068207579863049483e-01
-1.752290200021114908e-01
8.129854677631498383e-02
-7.698844170535072973e-01
-9.400147134720794329e-01
-1.980791534808447052e-01
5.773633804250200008e-01
6.977719431314256537e-01
2.666867599902061348e-01
-3.077894525068979870e-01
6.561085297762440094e-01
-9.960518501085786625e-01
4.764594461868764119e-01
9.704569033459756744e-01
-9.537101472082114562e-01
9.605501811234828935e-02
4.667124191517466603e-01
1.413163829958162532e-01
1.000000000000000000e+00
-1.000000000000000000e+00
5.002478357715788304e-01
3.153410630034642059e-01
1.000000000000000000e+00
1.000000000000000000e+00
9.371112302435329333e-01
-5.310956779872477718e-01
-4.819229441160305383e-01
-1.935762848002386405e-01
-6.804854506911510725e-01
4.212580367511795654e-01
-7.565977694176572177e-01
6.969869720914654287e-01
-7.224133567893891161e-01
5.104067896043488206e-01
8.142812386191885521e-01
-4.161855925534692080e-01
-4.773347950840900467e-01
7.093607221550234099e-02
4.657991664191191150e-01
-8.724398912238613413e-01
-1.000000000000000000e+00
5.370671849374419882e-01
9.274252736016336263e-01
1.000000000000000000e+00
-1.071511040349116262e-01
4.272496869017288201e-01
7.466719324617440146e-01
3.312913581186592848e-01
8.912201054585916493e-01
-7.568942981951438664e-01
2.200050988297758137e-01
-2.676446661989965170e-01
6.121362289733528472e-01
2.659032558288266790e-01
5.416401024498148642e-01
9.446024519034477152e-01
-5.280254699075230818e-01
-1.000000000000000000e+00
-8.417320716232501443e-02
