8.910368279620490828e-01
3.441199705552955845e-01
1.655174524028500405e-01
2.776204246140917542e-01
-9.851506174439781383e-01
6.658115377048938743e-01
3.317509330454123662e-01
4.278115286796838057e-01
1.000000000000000000e+00
-2.948952288148643519e-01
6.176450966950146615e-01
-4.292085533774490091e-01
1.708314961292955458e-01
1.934340756478038492e-01
3.430188362936886781e-01
4.582553768041675024e-02
1.942373528925909476e-01
-3.710177749512743040e-01
1.000000000000000000e+00
-5.975487808046886506e-01
-4.912983450298251398e-02
8.657515258038638306e-01
-4.440466464263683188e-01
-9.242742472620663063e-01
-1.000000000000000000e+00
8.562940245191404953e-01
-1.625415556540412421e-01
8.052064534663545547e-01
-2.976765123921708001e-01
3.424706414759319251e-01
-1.820201329406787860e-01
-8.291808598889488513e-02
-2.253425547411957997e-01
-4.878134925532838784e-01
-3.426999467759749007e-02
-1.498161355028271857e-01
-2.862606807646921742e-02
-3.445663906375733276e-01
-5.420534497095613746e-01
-6.414303584425075366e-02
-8.722161453294330347e-01
-8.357875338244098382e-03
-4.294069728390216278e-01
3.087156991702192516e-02
2.938367585384391023e-01
7.517901251969759668e-01
-3.932860250037422123e-01
2.859554937743628567e-01
2.149272022953509775e-01
1.240279275305529033e-01
3.008944515490257279e-02
-1.625399326291727675e-01
-6.490479692373022358e-01
3.332567833741620911e-01
-6.205141467107692099e-01
3.519281717146357513e-01
2.440457017973575726e-01
-3.162416467328355019e-01
-4.593596737753571357e-01
-9.338213785829281299e-01
-6.024705553544329462e-01
-2.727277129736765393e-01
9.998277998962741275e-01
8.182197282145591277e-01
2.840901313395850503e-01
-7.243082725653000598e-01
-1.859093384961028328e-01
2.572134159876992565e-01
-4.340458937849418948e-03
2.166858988982215961e-01
3.797731614277775058e-01
-6.393817499135595606e-02
-7.661330906309600230e-01
-6.709675858670776094e-01
-2.588204621477804834e-01
-5.494691007668021099e-01
5.949203100463632543e-01
2.420615619662827567e-01
5.499824694938491021e-01
5.001461272044021023e-01
1.000000000000000000e+00
-9.738594743083256455e-01
-4.477537541625324913e-01
1.668514121048953747e-01
4.886205658985574574e-01
3.273189242219332051e-01
-4.841985780466195322e-01
-1.193886613226711885e-01
-4.688477933011592769e-01
4.041777981343303572e-01
-1.723236884485978559e-01
-3.511238841434620173e-01
-4.071263506430049528e-01
6.090109988423975107e-01
-8.660045615460487678e-02
-2.470194380894656927e-01
3.087260464388377201e-01
-1.000000000000000000e+00
8.259025663651103910e-01
2.222542411693335662e-01
-5.279948044615392355e-01
-2.769257889932489336e-01
4.169800515345366554e-01
5.287268612081135188e-01
5.438236398573084163e-01
1.000000000000000000e+00
-1.908675507306359376e-02
-1.913061881592528213e-01
2.158368015503362991e-01
-6.372723602861218861e-01
1.000000000000000000e+00
-8.027437253448042043e-01
-1.000000000000000000e+00
4.287032840030804981e-01
4.692035652537079882e-01
6.783193823721640481e-01
-1.735708678915451331e-01
4.487503372274774804e-01
2.330525616957428436e-01
1.000000000000000000e+00
-4.307516228855300805e-02
3.067991840539198711e-01
5.762182774885973302e-01
3.562190761284700358e-01
-5.543630291051023784e-01
1.879259761679329954e-01
-3.707387749786565934e-01
-1.264275607523333289e-01
4.295250380391405498e-01
5.849836013786232636e-01
-2.506208229760460982e-01
-6.819334747597224355e-01
-2.777424807394158202e-01
3.339026028082634490e-01
3.833932284638917332e-01
1.000000000000000000e+00
-5.273377882965721852e-01
-1.120736133128023976e-01
3.434863739477041489e-01
4.923890566897551890e-01
-5.167641717485524921e-01
3.541360683558736344e-01
6.527442467950846094e-02
-1.000000000000000000e+00
-1.216461659554690794e-01
-6.787099030193810556e-01
-8.246756666487867204e-02
-5.673063729484215112e-02
3.434227928820563491e-01
2.271623799462561821e-01
9.546606227245016396e-02
-1.000000000000000000e+00
9.743171364997599282e-02
-2.349963171813603813e-01
-9.816101931406933101e-01
4.214460359646809429e-01
7.902425479642191108e-01
1.554414409426595201e-01
-7.348966921271198327e-01
-6.853811127611526555e-01
-7.102351605284794311e-02
2.930333384375800043e-01
3.365831284164437776e-01
-5.275873904417678339e-01
6.954763988650873863e-01
3.131526310817421554e-02
4.833531559429156133e-01
2.969555687101986252e-01
7.144261372012203903e-01
-8.769629634234165083e-01
-1.000000000000000000e+00
9.339950464023252241e-01
-9.943084846301406543e-01
9.037204638275007085e-01
9.428378342310922422e-02
-6.243763483439425041e-04
-3.542936147940504710e-01
-1.752502821931637977e-01
1.069795092173084633e-01
-3.596248415348795024e-01
-4.956851875351654391e-01
1.000000000000000000e+00
7.759921565493346218e-01
-7.797135600952393997e-01
1.000000000000000000e+00
-4.366323357655879644e-01
-9.856411503671167473e-01
1.000000000000000000e+00
-1.309624667664275321e-01
-3.786404321929591199e-01
3.977878167186098546e-01
-8.463723534575842145e-01
-5.730120489140531070e-01
6.641660781896593369e-01
-1.000000000000000000e+00
-5.002905156667630804e-01
-4.945468150341430502e-01
3.606092529732287666e-01
-4.661479099142278731e-02
2.118585559391434892e-01
8.131499681888674225e-01
1.771361697655461920e-01
7.265553279276972809e-01
2.961861814075849031e-01
8.399278121716218237e-01
3.888885877218636322e-01
4.299226439750243323e-01
-4.562951278747635619e-01
-7.069605773262993553e-01
4.037337466155347387e-01
-6.142000570193357767e-01
-1.577112550165328808e-01
1.875913047811244572e-01
3.063174191282350689e-01
-7.178594976342433931e-02
-4.415194150514811788e-01
6.568087750790516655e-01
7.654777439286541973e-01
2.111876587811600814e-01
9.073185124904068477e-01
-8.742026316602844460e-01
-6.167457133603770902e-01
-1.392366514816685552e-01
9.997557084934129978e-01
6.941014323741363512e-01
-4.044648029628293839e-01
3.008538509919973514e-01
-6.210398897874385565e-02
-4.130822075330298909e-02
-5.805016081229776859e-01
-8.207994419317035661e-02
2.425528296635446612e-01
-2.976693440929506496e-01
5.486485936374577710e-01
1.000000000000000000e+00
-1.000000000000000000e+00
2.082221297503744906e-01
8.550329237773615088e-01
-4.592068122872959290e-01
9.278603752704226437e-01
-5.693603617289916263e-01
2.646646197778789178e-01
1.696762317858515889e-01
-1.249171606012283199e-03
3.514888237065423304e-01
-4.298926751657146036e-03
-6.602131379049058779e-01
9.176039025196733867e-01
4.264475119235519029e-01
-1.407262436941980055e-01
8.934018386302007286e-01
1.500172436953094435e-01
7.177963484739242617e-01
8.302559253562383779e-01
3.098721074342972726e-01
-1.841185601498320779e-01
-4.380389473856663995e-01
2.179536873785696827e-01
8.883013769127436898e-01
7.797707419438157928e-01
-1.651034688164316200e-01
-2.219701351104411413e-01
4.301624463681813504e-01
6.406422839239669376e-01
-3.691372149978592310e-01
