7.644655029426876691e-01
-9.859413879598897257e-01
-2.464088049278916337e-01
-7.535809087805456219e-01
2.027848502391871310e-01
3.508111178174808664e-01
-1.353192779684146974e-01
8.559019504882852125e-01
-9.634455792326688250e-01
8.530078826602078834e-01
-9.050679272195760738e-02
-1.461105498757704346e-01
-4.721266744648195957e-01
-7.355307519642801939e-01
4.354178239498025516e-01
7.785102032938298056e-01
8.356139978973902149e-01
-1.021463264605009247e-01
-4.729863370404474576e-01
-6.649993141432988253e-01
8.498371177270658272e-01
-5.836709209939492382e-01
7.811770450807711264e-01
-3.798043752682347396e-01
-2.503314217851948520e-02
-9.160552155517873718e-01
2.091193533966733131e-01
-6.138968885747209114e-01
-8.291166556990536840e-02
2.243610644585880554e-01
-8.274457971329935990e-01
-6.200805149313823872e-01
0.000000000000000000e+00
0.000000000000000000e+00
0.000000000000000000e+00
1.020349262948603286e-01
5.437821602468395632e-01
-9.403785650164555587e-01
8.927511031045944900e-01
-1.635472878372652428e-01
-4.922808752502774166e-01
-1.744303164165847964e-01
0.000000000000000000e+00
5.190024321005339836e-01
-3.147640799214970198e-01
-5.874097584726929444e-01
6.485398635464376671e-01
8.198402436353053879e-01
-8.282783429938995745e-01
-8.374511106874431565e-01
-9.716899964210794494e-01
-2.604690955040396272e-01
-2.592926841719249698e-01
1.596021502778199874e-02
3.728141273316609716e-01
-3.664814176503488063e-01
7.158924476053720731e-01
4.294869674862911157e-01
-3.922754910822556784e-01
9.059515487199660821e-01
8.285948866467984786e-02
-8.947061116748584730e-01
3.669683107470629313e-01
-1.404952087592110654e-01
2.327348183608488608e-01
-8.907318094858440727e-01
-5.679615295651114781e-01
-6.360405062756682160e-01
5.949010041735092180e-01
-1.807428005180258257e-01
1.877534585622719909e-01
-5.651210136288420394e-02
-6.814132077726027248e-01
-1.711551391524108734e-01
0.000000000000000000e+00
-9.291611966656938559e-01
-6.367025120778355696e-01
5.539859188670688273e-01
1.757674440831338281e-01
-1.230154836709709265e-01
3.361932440956800772e-01
7.767416882592068639e-01
-3.458210847648224284e-01
0.000000000000000000e+00
0.000000000000000000e+00
-7.727855066063069600e-01
-1.110565171702271314e-02
-9.260012735462397337e-01
-5.072401055239998957e-01
-9.904985941406261318e-01
4.237219693802669607e-01
3.559856481364569447e-01
-5.199956667576977054e-01
-3.429201583262317943e-01
-8.763987093909983983e-01
-3.210731128627004605e-01
2.337580527756117910e-01
6.568831854690853067e-01
7.123756285812736788e-01
0.000000000000000000e+00
9.444951318249670269e-01
2.613283311270160336e-01
-5.960415646758734365e-01
-1.046959344060729435e-01
1.386603865708928573e-01
9.922148339485956647e-01
-5.348496027484939130e-01
6.755373827542257015e-01
9.939404754645215778e-01
-1.098201452007419032e-01
8.631029735590265428e-01
-6.808521274177927740e-01
-6.498221450456285186e-01
4.228568477818146487e-01
8.505753508802715857e-01
-8.613925959239931984e-03
-4.183198142917980977e-01
8.257356790114411815e-02
-9.482875180268761639e-01
3.784486258443036100e-01
-5.176178720930750821e-01
-7.024443623799998537e-01
-9.970868481190597876e-02
4.452894457689913210e-01
9.904349421801932341e-01
8.313096805237409903e-01
-1.960359557683633014e-01
-5.580574829126818681e-01
8.699132902203567941e-01
-7.628039542578468613e-01
-1.223740567780864374e-01
8.372338946166844043e-01
-6.360228222886905591e-01
9.029233572783541550e-01
-3.832822006562619510e-01
-7.859843970571451788e-01
9.480535233959583863e-01
-4.256368033328934430e-01
2.571022680698185070e-01
-9.704710517237957745e-01
-7.473231225255161370e-01
-5.267228529869074638e-01
-8.669854960299714364e-01
-3.754149995082936009e-01
-2.980151713730017082e-01
5.345053004108459849e-01
-1.573887874141393084e-01
-3.264623782348901049e-01
-1.765763255446739510e-01
4.990571929581062438e-01
-3.701105945966176591e-01
1.995132145365641207e-02
-9.417588791334092768e-01
-3.336702023765718561e-01
-7.675368658595265181e-01
6.680347875714409689e-02
2.275945725079064896e-01
-8.610217820441516956e-01
3.807915283653249272e-01
-7.004202470989984164e-01
-5.680489672443045368e-01
-4.072271578893593702e-01
-3.822385134492065628e-01
-2.643587988318776283e-01
4.903013835496043971e-01
-9.306637538154267641e-01
6.831114232723143331e-01
-9.011310597533470634e-01
-5.190364665112494613e-01
2.729072979073510208e-01
-3.839445558904031053e-02
-2.037004358164422602e-01
-7.109504559807495738e-01
-6.144097889983921590e-01
-2.968739248041416534e-01
-2.037802839073166172e-01
-2.623586701908342533e-01
1.267445610385602439e-01
8.812276705476105310e-01
-4.163931844639696678e-01
5.079206190791274445e-01
6.626503273550703454e-01
-8.272976344188742726e-01
7.929967000095590191e-01
-4.341071196523382802e-01
-7.229052958705470822e-01
2.676990073731713160e-01
1.862793644547580119e-01
-3.622574488876657561e-01
-4.570816434323503596e-01
-8.438362436603175087e-01
9.968625415382359467e-01
4.689892267972997075e-01
-8.029901626260964598e-01
5.685892446559044355e-01
8.447432624669244383e-01
-1.562401922198544124e-01
5.527398300339614323e-02
4.008137761532959420e-01
-1.361765686549338827e-01
-7.511349776479616658e-01
-4.633917430025717987e-01
-6.893714226527805078e-01
1.149180176518489471e-01
-7.465024071803039174e-01
2.993151878554187739e-01
2.979555770929656067e-01
2.181789621742873386e-01
3.652128295881731379e-01
-3.996980401783070125e-01
3.850646005028153240e-01
4.150087567185363202e-01
2.744992628266729184e-02
2.006725640310251801e-01
-5.787811593385614461e-01
-8.595600735548407645e-01
8.384331418748038889e-01
4.674751372622680812e-01
8.869706533878916055e-01
-8.931124215295263014e-01
3.513146686288328713e-01
5.062896330416328805e-01
-8.296380837474064407e-01
9.896205940030451398e-01
-2.754957492865204305e-01
6.142438340054239276e-01
3.712938531211507076e-02
-9.185895558966692409e-01
4.473187030578895662e-01
-6.757912893427933110e-01
-2.847478890447650013e-01
5.512567611002869850e-01
3.351867643943371444e-01
-1.894499554075788073e-01
6.865727343850183129e-01
-7.159050748427706612e-01
7.079261836239780781e-01
-7.089861764925833310e-01
-3.902950393132815776e-01
2.232993289816307403e-01
-4.287802217463854149e-02
-4.463778011028451953e-01
8.039006162803725708e-01
-7.280916277823041849e-01
9.933544880380575925e-01
-8.065508131159238037e-01
6.790693307048998317e-01
4.446061375894378997e-01
-5.619809439451868283e-01
9.209460965887052986e-01
9.902505069116762648e-01
-2.838330970638525130e-02
2.050456856157234498e-02
6.742565589863849240e-01
-6.024139708025413320e-01
-1.390297427467563907e-01
8.435704620337161064e-01
-9.156820563951582059e-01
7.992120037531107446e-01
-3.710959833087839055e-01
8.834081855902284897e-01
-1.575947069817882351e-01
-6.010780449667574299e-01
-8.007132735611122154e-01
-4.436793257136226742e-01
