3.628772628818250912e-01
1.326096095902054017e-01
-6.552365600980551985e-01
9.827010930833963709e-01
7.229556586159524567e-01
7.040306362690200714e-01
-3.894664037445716431e-02
-1.286825949456840146e-01
-6.813604373997901309e-01
-8.623368952130832099e-01
1.358621139190627769e-01
-1.377437551247939762e-01
-3.297192389723064831e-01
5.479101182368628642e-02
5.552061326283610487e-01
-2.409747179655317151e-01
-1.593542024827230286e-01
9.508162128281694159e-02
-1.560468057621369198e-01
9.662598395888186698e-01
-9.034641464717021453e-01
8.638665589342233719e-01
-6.208322040529001828e-01
-7.626377080433299760e-02
-5.385570419276848320e-01
-7.134298577804261132e-01
-9.087148181368713828e-01
-6.775626874239473185e-01
-7.418491408861593861e-01
-1.219954071203783741e-01
-4.093803798087483070e-01
-6.626584808291560158e-01
7.071386478001269182e-01
6.134319897587976467e-01
9.657959523957817538e-01
-3.441003010693857167e-01
6.283215075771895197e-01
-3.022022669348181090e-01
-3.743385393861475841e-02
9.449994300708965955e-01
4.150799130425488759e-01
1.790274977619588093e-01
-5.739096037598945266e-02
-7.715091239848623772e-01
5.449176843670433534e-01
-8.788676623762363693e-01
-6.886019888654477672e-01
2.488824201562715999e-01
-5.744620782597404940e-01
-8.033321541252493869e-01
2.455822360291552986e-01
-2.422982883753219685e-01
5.736707783466548083e-01
6.303383638419297608e-01
8.305490939209163592e-01
-5.216670408633516942e-02
-4.106720814185298440e-01
7.170731401512231429e-02
-2.939783656743082396e-01
-9.707719042246243379e-01
-6.022246076146720029e-02
-8.748086268178734137e-02
2.351048403537319142e-01
8.919955869108939783e-01
-2.160180572545300492e-02
-6.891550054555231064e-01
3.269793282891924058e-01
-4.645449181651513104e-01
-7.272457848434239480e-01
-3.895842926565504794e-01
-2.450783877639342023e-01
-3.771215373766789725e-02
8.371939621098425377e-01
-4.599506793984189379e-01
8.557546079870372857e-01
-9.451772130003370798e-01
5.561222417469344759e-01
1.278556607792566968e-01
6.651066113491503895e-01
3.258069951708111311e-01
-7.124417269875307213e-01
4.485408952247551539e-01
-7.416709539098658155e-01
1.314768241849830765e-01
7.018828103364858073e-01
7.293529813918686600e-02
-6.737447103707763230e-01
-3.791489977499518105e-01
8.133615172526120762e-01
-6.490825100745205578e-01
6.388163040182113228e-01
8.847930369422334351e-01
5.721077719196676625e-01
6.418379841643089279e-01
1.982518226338847445e-01
1.580960315561230622e-01
-9.149248225830119985e-01
7.297155789720346508e-01
-8.996172072168286959e-01
-4.836153557147488957e-01
-5.313854661592709583e-01
5.376774341625978337e-01
3.095892425532678072e-01
-1.680343166042290726e-01
-1.455349677164008426e-02
-9.980436587585048702e-01
1.553215082516063994e-01
-5.481625971691095334e-01
6.251789768626521138e-01
-1.432194983431340773e-01
1.304462835528319431e-03
6.900540829455397152e-01
-1.412155429280941288e-01
-1.154618596604373160e-01
2.048274570980277431e-01
4.396364083834347625e-01
9.569138669173971046e-01
1.495798196800111057e-01
-3.907466208903134230e-01
-1.433819505625644197e-02
-3.858552456136399300e-02
-2.853693837187245563e-01
-4.778967384350003567e-01
2.819361014585639591e-01
-9.112522325742997698e-01
-2.968064851810348070e-01
-6.096484821873009441e-01
-1.685264534908963441e-01
-9.718667870989352586e-01
-7.151082600588631877e-02
6.036726930253226708e-01
3.663657156494148914e-02
-1.025290513152654626e-02
8.237370720340653207e-02
4.569243803733338272e-01
-1.161088964847436511e-01
2.994842595263971230e-01
-2.745827833780065674e-01
8.928820232367884469e-01
1.273190973643936186e-01
-5.151688110919403485e-01
7.321150346070277593e-01
-1.528069371599778403e-01
1.131669417967229307e-02
-3.749706936927268419e-01
-3.537901253832862469e-01
6.440439932038586335e-01
4.310254059905458401e-01
-1.682348991522504278e-01
-2.767856131299459843e-01
1.123015489643637288e-01
6.118035781129318451e-01
-2.947256205768415960e-01
-9.227539945642380115e-01
-4.027407135767815394e-01
9.146047994483839094e-01
-4.255857695565721244e-01
2.762358173113144133e-02
-6.463809960375419550e-01
4.300416676068548050e-01
8.079560092110917857e-01
6.750665852434982739e-01
2.109349829960365241e-01
5.031109078640934040e-01
-7.125776860952146574e-01
-5.736415050865595333e-01
-9.475832535641257603e-01
8.386286835571177267e-01
-6.930433055321860714e-02
-5.857301363017159979e-01
-9.616482517355238180e-01
-8.350858705677901561e-01
-4.671374766846754234e-01
5.454076082690995086e-01
-7.237429024638883934e-01
7.098963079826607903e-01
1.299720735864513532e-01
-9.877967579513589058e-01
-8.993675701054204552e-01
6.507583535069825231e-01
-5.288310375362779148e-01
2.632246549772454536e-01
-5.383457214508118316e-01
-1.979608338609284424e-02
-1.751662990683673371e-01
-4.847587620447499912e-01
-9.166662505810934114e-01
8.149210011197722814e-01
6.652229558703706136e-01
1.625367071139216524e-01
4.915231211374164744e-01
8.554878616240859657e-01
-6.657000791865099742e-01
-6.486942993458357787e-01
5.707718290429135699e-01
-4.422882625242310350e-01
1.010146918907419700e-01
4.508133892915053842e-01
7.318309212598954616e-01
8.820397644695978645e-01
-6.307250016826135841e-01
-9.393041481228270317e-01
5.479418174775767536e-01
-6.225987979940004191e-01
2.577583260782849717e-01
-1.850538242264794242e-01
5.408670009511860055e-01
-1.315269778869470052e-01
-3.389971330054231125e-01
-2.279638004696784570e-01
7.034180382590531355e-01
-3.838012871887761523e-01
-5.361581577273168975e-01
7.683359356354309000e-01
5.069060220940224681e-03
9.641763443533515332e-01
1.959937751994849098e-01
-6.221959867482358408e-01
-2.703330390797642480e-02
-1.353408084856355664e-02
-6.957883966659299535e-01
-8.399363548455742734e-01
-4.261638678340577968e-01
-3.535318699637748363e-01
4.191563140751863870e-03
-4.799850110229053612e-01
-6.898200473630060614e-01
-4.847470053980567073e-01
-5.221582886518703059e-01
-7.332630599621836609e-01
-3.352742765542153780e-01
9.022831470517846952e-01
1.167284914179811395e-02
8.191454883009718912e-01
4.326057867200350238e-02
-5.371735469587879397e-01
7.831736096830845817e-01
6.054352910401594734e-02
3.958135054132270181e-01
-4.116307418341342839e-01
2.439938681176214708e-01
-7.269817396588855729e-01
7.990625136007567519e-02
8.812866447013960602e-01
8.315148073582121491e-01
-7.135391298286157813e-01
-3.858393560866792971e-01
-6.940953101882740839e-02
3.897307710936992464e-02
5.875983245647657949e-01
3.130899896225729506e-01
5.592941487564273562e-01
-3.956301137769162590e-01
9.255778810537993451e-01
-8.718929273026068127e-01
1.599754352610216479e-02
2.430930290623889434e-02
-2.102616454969190585e-01
8.981445269703653977e-01
6.541372013373099037e-01
-4.171179883044902059e-01
5.004915306224788640e-01
4.509586312470881264e-01
1.776096857081204128e-01
9.856482759608276023e-01
