-9.342527061911682917e-01
-1.841296375852539136e-01
-4.067699862584870374e-01
9.705924256885278822e-01
5.904282568686551880e-01
4.549351805060832810e-01
-9.103593024911726950e-01
1.640953608162376565e-01
7.097026915715274331e-01
6.287395834367135450e-01
-3.023213645742546252e-01
0.000000000000000000e+00
-8.076411728880092955e-01
3.580450183384780161e-01
-1.086246886585811033e-01
0.000000000000000000e+00
-9.570868489328070439e-01
-6.940861651966589996e-01
-3.366136525720322403e-01
8.899937130428650089e-01
2.903389052721094821e-02
0.000000000000000000e+00
0.000000000000000000e+00
6.627641469168072952e-01
3.584559271711136308e-01
-7.754021492182161523e-01
-1.960828210935527949e-01
-4.007493992383392989e-01
0.000000000000000000e+00
0.000000000000000000e+00
9.426388220775923088e-01
-5.299334846785879183e-01
-9.719419079307536347e-01
0.000000000000000000e+00
8.780428952248335861e-01
-1.914863790080325590e-01
-7.530898366341729488e-01
-2.698484699075549553e-01
9.555725938814463305e-02
-1.471643947027194699e-01
-8.410009473565887017e-01
8.252980423260358744e-01
1.701416295841240434e-02
7.057248245541416498e-01
7.116779338334759952e-01
6.324629326910269356e-01
-6.306881756620839052e-01
9.766078494988073011e-01
-1.045639146694681276e-01
-3.614789858535638611e-01
2.246822187621575484e-01
0.000000000000000000e+00
2.470631768679600881e-01
8.200840489114893384e-01
-9.451664437295834720e-01
0.000000000000000000e+00
9.894775172671055330e-01
0.000000000000000000e+00
0.000000000000000000e+00
4.668716428625778736e-01
0.000000000000000000e+00
0.000000000000000000e+00
4.290663501021720894e-01
-8.928187832908289767e-01
5.019060309266896169e-01
-5.010126725514114643e-01
-2.142395825772962503e-01
-7.769276802010141036e-01
-9.040955585308527720e-01
-2.482836021040175645e-01
-9.321921677710143239e-01
-1.089377288543085243e-01
9.504269823022710728e-01
7.432894653527846174e-01
5.046912163966208453e-01
-3.231815860673545870e-01
9.211521482633373559e-01
-3.564053663855919485e-01
-9.205056752330562642e-01
-8.037926840102938009e-02
-5.489401268631575181e-01
-3.035648089935556460e-01
-8.053778057033282867e-01
-6.161465244633967941e-01
-5.539361812172363120e-01
8.676695402370897536e-01
-5.757269099485573527e-02
-1.167658436698937319e-01
-5.563113188009241039e-01
6.676516031385388850e-01
-5.667271257049661948e-01
-5.610040866007277582e-01
7.423515219907423912e-01
4.211797455553638603e-01
3.354669483422001441e-01
-9.742739877238726365e-04
3.575030248902406615e-01
5.593622044551229688e-01
8.882385232775680262e-01
7.179919788713107209e-01
-7.233417337840051253e-01
-7.053876395607123762e-01
-7.920583642095615495e-01
-4.980307581423404351e-01
3.393831497171839739e-01
6.239621503791119572e-01
-9.049409708700550947e-01
3.890097166346826452e-01
5.808445846460252859e-01
-1.679140248340142971e-01
-5.458684637000958961e-01
-7.700859706314191477e-01
-4.199704314610408495e-02
5.296512888643907235e-01
2.175395213463062749e-01
-1.521798442653117256e-01
-4.503077227539009630e-01
7.370552541398800450e-01
-2.606760281537248147e-01
8.688813612982040357e-01
8.395393289448440655e-01
7.022985974671560605e-01
2.226083575351427424e-01
7.677773521398694179e-01
7.719393875719853249e-01
9.288401961603593993e-01
3.972991211623224661e-01
-3.366851175855671841e-01
4.912513191420033731e-01
-9.056803206836172571e-02
7.601714512192758733e-01
-8.885672680710641202e-01
-7.971059726456526384e-01
6.266533335639774549e-01
2.256455546077051899e-01
3.247208914428683091e-01
-3.971744222365800603e-01
-5.134677650113852465e-01
-7.937056853865573913e-01
9.265709579120784412e-02
2.999384188798304152e-01
-3.085123788254438004e-01
1.390698865056139155e-01
7.909719496179004050e-01
-9.566566994174510175e-01
9.296965342806176036e-01
-8.784407872100714609e-01
4.520546554498041658e-01
5.486183211011019800e-01
-2.921505824798478201e-01
2.108667332809566197e-01
-2.185802567840715582e-01
-7.206175848961373642e-01
6.020847017023380765e-01
-1.658896018409103945e-01
9.286017560997488207e-01
-2.394790446087755598e-01
-6.916964419363180738e-01
-6.055434313260223966e-01
7.785362270173190602e-01
7.054293966022338047e-01
4.923290826229620443e-01
1.391223468030311494e-01
4.507051463362088395e-01
-8.336644193623936605e-01
9.430427597702641940e-01
9.913808149404828018e-01
5.630124533822824517e-01
-7.634341464511216202e-01
-2.661022243652617636e-01
-8.376197013164536909e-01
5.570241362399608320e-01
-5.298458309800959665e-01
8.517998419317647230e-01
-8.061849311895008530e-01
-3.800578567442551847e-01
-4.999231239576653607e-01
-7.569872399170118893e-01
7.749513148784537009e-01
-4.503931161140739547e-02
-6.458962036611528568e-01
0.000000000000000000e+00
0.000000000000000000e+00
-8.081743259206748409e-01
7.545111025198103505e-01
6.000446245716086757e-01
4.563984352411825096e-01
-1.238911218542770865e-01
3.775785189016620524e-01
0.000000000000000000e+00
0.000000000000000000e+00
1.257577095270152601e-01
-3.601311812407144153e-01
-7.092102477962223261e-01
-1.101552686456421792e-01
3.306807337990245177e-01
6.408433141385501131e-01
-3.411978633555883267e-01
-3.322797675124704586e-01
5.342870438640361375e-01
-4.040479645278907128e-01
-4.536817537237336495e-02
-6.790046029504146485e-01
-3.126739047463344967e-01
6.965003479883500326e-01
0.000000000000000000e+00
-8.775346111458930398e-01
0.000000000000000000e+00
0.000000000000000000e+00
0.000000000000000000e+00
0.000000000000000000e+00
-6.501771938906115711e-01
2.556880229045701558e-01
-1.366612852498627628e-01
-2.366639467344830994e-01
7.957905155221285387e-01
-5.295064179032644702e-01
4.587195038103233369e-01
0.000000000000000000e+00
9.160183075187762203e-01
-4.497126290440376373e-01
-9.889292525235049425e-01
-2.015183765032937391e-01
8.544849062999972933e-01
3.628289800384598696e-01
-9.476819585222948650e-01
-1.382954751999250220e-01
-5.343983885234597775e-01
0.000000000000000000e+00
-8.899783990643617138e-01
1.088517464597587026e-01
-3.458730623283263750e-01
-2.213410340327717218e-01
6.334085925967070096e-01
0.000000000000000000e+00
1.066119134286998005e-01
-5.051712947242270602e-03
1.273848881090187124e-01
0.000000000000000000e+00
-5.282346629961254258e-02
5.871257263820850447e-02
8.395639485708279448e-01
4.927376717247757831e-01
-2.716937235696585962e-01
-1.282979506687442761e-01
0.000000000000000000e+00
8.850901881466022303e-01
0.000000000000000000e+00
6.098383862396183908e-01
9.759284862777979352e-01
1.877650079715189602e-01
-5.198722486924944874e-01
-2.378700150745372000e-03
0.000000000000000000e+00
0.000000000000000000e+00
0.000000000000000000e+00
1.889021553307772550e-01
9.161626299655767358e-01
0.000000000000000000e+00
-1.019821370694606877e-02
-4.942455706311272845e-01
1.202771406468892135e-01
-2.120106358104703048e-01
0.000000000000000000e+00
1.037313806009902972e-01
