-7.950626536358799124e-01
7.490458297047950520e-01
-1.000000000000000000e+00
-3.806026741105393296e-01
3.706980298703747845e-02
1.932822848088068257e-01
-3.632990634361965565e-01
-2.551273982033462895e-01
4.804036359528068845e-01
2.478289834574348705e-01
5.283613373360839249e-01
5.334285454963390016e-01
-3.851442128219171868e-01
6.990571097347910712e-01
9.662310040577214432e-01
6.669971602039650449e-01
1.589477254518560645e-01
-6.512759151031306537e-01
-6.400791258887560398e-01
1.000000000000000000e+00
7.016614493891917270e-01
-1.975289510561732964e-01
6.451100025219543010e-02
-1.000000000000000000e+00
1.891386959340221052e-01
-1.000000000000000000e+00
1.071255795924112852e-01
2.223925374726931636e-01
4.807757079408520040e-01
-7.404932067494912618e-01
2.501066514702309784e-01
1.423855158149173183e-02
5.685082099147200640e-01
-2.778573374230985937e-01
-4.150238743735953917e-01
-8.664493657164298313e-01
-6.874979732958123035e-01
2.518250822075046580e-01
-6.601656171217793467e-01
5.363821070338440355e-01
7.715768808234919618e-01
7.706668305896119398e-02
1.874692102757085921e-01
1.118556646131365906e-01
-8.673109782199106554e-01
-1.534445009266851012e-01
1.000000000000000000e+00
4.730158952352130353e-01
-6.255626884821372524e-01
7.681699207294272469e-01
5.212932237580887307e-01
-5.477744772093945391e-01
-1.000000000000000000e+00
-7.951355644933608136e-02
-2.448415781842264161e-01
-5.531191716580583506e-01
1.344880162812622237e-01
-8.588973948409303616e-02
4.613825579984082714e-01
3.771144887104170840e-01
6.175631871029849673e-01
9.253108930573449298e-01
5.371812272170897185e-01
-7.640899437438009034e-03
-5.836286107107995225e-01
-3.276688443609594437e-01
-9.096136764325654656e-02
-8.276239955003837634e-03
-6.817405989593114946e-01
7.750766910461698300e-02
1.905221520794234125e-01
4.035404466605225227e-01
-3.417345935393361483e-02
2.027469601252142595e-01
4.802557253807904769e-01
-1.730858845298573756e-01
-6.738690723183876630e-01
-2.976889386713186259e-01
1.000000000000000000e+00
-8.281976571860584224e-01
1.000000000000000000e+00
5.240853664003791712e-01
-4.362292827544971274e-01
-2.892363140232201424e-01
-6.654659319038613852e-01
4.872076630565534971e-01
5.396532197386580965e-01
-8.572405096187880602e-01
5.484664697618948925e-02
-9.082439596566301843e-01
3.709727511368700048e-01
3.673593366168518837e-01
7.754292034945686751e-01
-2.901488304883776959e-01
-6.535535862441076427e-01
-3.075595238650193908e-01
-5.488074103510959256e-01
1.976183991131897077e-01
4.521402566733652151e-01
1.427291411224716478e-01
1.610419262951854336e-01
-9.892886692841486029e-01
6.157118695677210596e-01
-7.663183878945016847e-01
4.936667796351185133e-01
-8.654886799398739949e-01
8.917351395383636969e-01
3.625386847460728146e-01
1.000000000000000000e+00
-1.866007139623859501e-01
1.000000000000000000e+00
1.000000000000000000e+00
3.892275799076045928e-01
-6.839082646056248160e-01
4.917725363151865814e-01
-6.416054100943138216e-01
-5.251899534521208279e-01
-3.285949505691060368e-01
6.373596232007239237e-01
9.213828225120601623e-01
-3.981251348894975783e-01
-1.699590719677568085e-01
5.816582821417375371e-01
-4.649792643438416806e-01
-7.250616763423846090e-01
5.412112374162524331e-01
-4.783551557542981558e-01
-6.512549208170633763e-01
1.000000000000000000e+00
1.000000000000000000e+00
-6.008276797012397363e-01
9.538609423610220350e-01
-3.828218386240456184e-01
1.000000000000000000e+00
7.918449731075809517e-01
-3.753526708591940764e-02
5.339682409713671918e-01
2.462321323979032861e-01
-1.840215116526698613e-01
-5.961806217888604431e-01
9.673057049353286363e-01
5.006117199356112657e-01
-3.675190938258496298e-01
3.550283103925434003e-01
-5.925833777840657790e-01
2.493519084409742126e-01
7.540812637583723665e-01
-2.564603146078335838e-01
-3.781170884317280878e-01
-5.345037738834241825e-01
4.761345648752093318e-01
-3.629293155304638696e-01
5.792472021532681925e-01
7.499991671198134036e-01
2.599024767836974892e-01
6.662811276234492652e-01
1.000000000000000000e+00
-7.871692284526816685e-01
-4.553582950401638962e-01
6.408580068069011926e-01
4.096137891886401095e-01
-8.329953453005376485e-01
4.332000193942156518e-02
1.863463465819175380e-01
5.692322563995345641e-01
1.429603353208404037e-01
6.746334517409718901e-02
1.845699318238225861e-01
-1.587348694290360018e-01
-6.124047170221064151e-02
1.000000000000000000e+00
-5.614952708788230051e-01
2.502893600530435858e-01
4.582144783749083627e-01
3.991536539972013742e-01
2.795157657899363102e-01
-9.655979216392309716e-01
-4.913772493509010464e-01
-2.204008972646405717e-01
1.706847940935245569e-02
6.967512245823067607e-01
1.643763635058347605e-01
-1.092980874767578436e-01
-1.000000000000000000e+00
2.803913712070452702e-01
4.812157856958426683e-02
2.723293951989486095e-01
-9.470964023551406985e-01
-1.000000000000000000e+00
9.165368737686173661e-01
-1.808694289719372725e-02
-6.131337254703681516e-01
-7.091318227340593916e-01
2.527335290898372611e-01
1.000000000000000000e+00
6.462986889013773162e-01
-5.682486899038017292e-01
2.604300029843115150e-02
2.466670884925343810e-01
-8.410812273554590934e-01
-9.532309286196785081e-01
1.000000000000000000e+00
-7.698591750838965631e-01
3.892289918356584000e-01
1.319130396799149119e-01
-1.349338984573378031e-01
2.279831975299962121e-01
-4.872354074806979352e-01
9.957040760603356189e-01
4.629033790774670920e-01
-4.268325718431613403e-02
-9.936792046101474707e-01
7.108254347660274419e-01
-1.933098784213470034e-01
-5.516410014065865619e-01
-4.289238531345748173e-01
1.054011284729431883e-02
1.000000000000000000e+00
-5.415658905753615304e-01
-1.366848263073688341e-01
-4.694292100131342571e-01
4.640685099094797872e-01
3.663523401518322675e-01
5.678700519478319109e-01
2.649601475669337569e-01
-1.408277159521922339e-01
-9.069724660520114834e-02
3.771984520996849444e-01
-7.522776181694710296e-01
9.820242933740573887e-01
-2.268687381482962784e-01
-1.557660896077165680e-01
-3.360692298032612602e-01
-5.591868829323876078e-02
-2.811255110167896198e-01
-4.891559593450104382e-01
9.322297818159354099e-01
8.139297258133315616e-01
3.491984403819459737e-01
-1.000000000000000000e+00
-7.499036265262150058e-01
-6.262125615033672377e-01
3.424848127910094520e-01
-2.757378740571279074e-01
-9.504519424587443144e-01
4.284165767669298464e-02
-7.022697126340856633e-01
1.000000000000000000e+00
8.414036898506900286e-01
2.498463469028951445e-01
-1.000000000000000000e+00
-2.431068742752789391e-01
-1.632087085938752069e-01
1.000000000000000000e+00
-2.560045351511331946e-01
2.504836028159902750e-02
-6.660193212191809486e-01
1.671475813562381951e-01
-4.406688461829893488e-01
1.173410325582267266e-01
2.273421206158439574e-03
-1.897176867479748175e-01
2.308302192191664659e-01
2.778741939730688393e-01
7.383710032111457933e-01
