-9.881375715981217667e-01
-4.920659100986468637e-01
5.981174056533971051e-01
5.213468934183148606e-01
7.313399378179630261e-02
-8.242420080813577243e-01
-2.046981177914733163e-01
4.214193419248594696e-01
1.289853058115041362e-01
-8.323940885075313822e-01
5.645363969085400585e-02
-4.670254006266193469e-01
-5.450577737145347879e-01
-1.000000000000000000e+00
-1.894201688276437867e-01
-8.851707037087530594e-01
5.841543619266348353e-01
-5.459569698153295958e-01
-7.687042257759296726e-02
2.200777165624032694e-01
9.287080191678090957e-01
-1.000000000000000000e+00
1.000000000000000000e+00
7.976115231985299037e-01
3.161568487026358287e-01
5.620385650725162607e-01
2.912325463864646191e-01
9.063715195319890228e-01
7.164063520882468783e-01
1.805406398165661230e-01
2.845236579739250926e-01
8.636167142371910244e-02
-7.977236884828929897e-01
5.205097550981989674e-01
-6.570155281684989523e-01
-3.872344189128579250e-01
-8.770885563204551538e-03
1.946551152208678692e-01
1.000000000000000000e+00
6.974456583127031095e-02
7.216904250722495917e-02
-4.620382688876453758e-01
-3.948112520234053034e-03
-6.985135057458842223e-01
2.476287517511761571e-01
-3.594433379192209510e-01
1.000000000000000000e+00
1.154387560995056433e-02
4.547497658971900308e-02
2.332856080311020430e-01
3.439359891622870147e-01
-7.799717313513920836e-01
9.350614980733140680e-02
6.308733439751725847e-01
-2.864359532354655569e-01
-7.755271096755367299e-01
8.128331974255266212e-01
-3.638358715081418948e-02
3.000972962920331333e-01
-1.000000000000000000e+00
4.116448142374390384e-01
7.877355445438122272e-01
-4.266665007553011035e-01
7.663537464995676673e-01
-9.413075595011104468e-01
-2.483530193051943780e-01
6.823487376813506256e-01
-3.973500637635309363e-01
-6.678901770927337944e-01
-3.770327630340599145e-01
1.000000000000000000e+00
-3.855471638655633831e-02
-5.595700347172999356e-02
4.587960336601047406e-01
4.995667096891919234e-01
1.000000000000000000e+00
8.232714910962224408e-01
6.365300188719603680e-01
2.157617040220182747e-01
1.000000000000000000e+00
-4.372680103593734602e-02
-2.512333865961228208e-01
-7.085880102623323129e-01
-1.537486518603564667e-01
-1.027896104678571731e-02
8.488096056917491250e-01
-9.637235636702978780e-01
1.000000000000000000e+00
3.570965043076153311e-02
-4.990823158952997218e-01
-2.840382356227511007e-01
1.000000000000000000e+00
-3.212325252093830574e-01
-5.073831888014229685e-01
-2.526838673894614695e-01
2.073125457985734998e-01
-9.204060235634836662e-02
1.906699612107060626e-01
4.657513760421442273e-01
4.413265172738129460e-01
-1.418769233135894758e-01
-6.053291224975207441e-02
-7.134912866770996009e-01
-5.692187698238708737e-01
8.119702120757064101e-01
-2.000448466975045247e-01
4.677229991722899882e-01
-3.338564796393245770e-01
1.000000000000000000e+00
-3.430522256087640276e-01
-6.208067669150543200e-01
4.412681972805767572e-01
-4.246427627815999584e-01
-1.977143849903148787e-01
-2.996605963451111632e-01
4.173648395435703429e-01
3.469320591896908335e-01
-2.927070299341140158e-01
5.477712634742618603e-01
8.405595099966933770e-01
-5.264030941991498791e-02
-1.917299474829081418e-01
-8.557639884292694843e-02
-4.359917129966921490e-01
3.898240399813029389e-01
2.751045121181500686e-01
7.010212794584781693e-02
-6.608870111890339238e-01
-4.920772427745272459e-01
3.176785783753791614e-01
3.393221318274436404e-01
-6.026458611331236837e-01
-1.000000000000000000e+00
-4.720353012115798275e-01
8.551090475573710492e-01
9.244638896782696458e-01
-4.157355556842070587e-01
-4.352790162455240086e-01
-6.333071113763372173e-01
-4.299536296362072019e-01
-5.850651121070647998e-01
-9.052807090691233904e-01
3.741694799427516815e-02
8.854971895588820141e-01
3.268323701552463545e-01
1.080569401513968020e-01
-6.025033767313525690e-01
1.000000000000000000e+00
-1.047182586357169043e-01
3.388556561562854341e-01
2.068611333972263100e-01
1.000000000000000000e+00
-1.000000000000000000e+00
9.661431943711096260e-01
1.479783244199965320e-01
-4.686656635410596516e-01
9.809660726451653323e-01
-2.711637635892197307e-01
-3.442933684554115858e-01
-4.435528202020399546e-01
4.629131398874102854e-01
5.778817868310031081e-01
3.859932422277900788e-01
-1.126559715956775287e-01
-1.000000000000000000e+00
-6.927705811776881939e-01
-5.607288862117919548e-01
2.650996593464458595e-01
8.920404481652101092e-01
1.724254153552665370e-01
1.000000000000000000e+00
-4.740670314497859583e-01
-2.332922092514767565e-01
2.601651271247741870e-01
-8.436703820023702116e-01
1.460401420081697266e-01
1.000000000000000000e+00
6.755636677173132432e-01
-1.000000000000000000e+00
-6.379346446531783954e-01
-1.243049696060025550e-01
-2.386518776464686409e-01
1.786478774335577002e-01
-2.946145394316846966e-01
2.368217243728006904e-01
9.187492716033995865e-01
6.443696625026347213e-01
-1.562813068792992532e-01
-1.891345020748132488e-01
-1.000000000000000000e+00
6.678450983927608497e-01
-1.204383428704907943e-01
4.890295428724875798e-02
4.039103803803723580e-01
-1.852095836643013749e-01
5.165749913639903212e-01
-5.401845303023697920e-01
-8.825307955517276426e-01
-3.566336392724706594e-01
4.117121143655119164e-01
-1.000000000000000000e+00
6.345978202026525405e-01
8.845920743122933638e-01
3.263353813978301932e-01
6.691666852418753919e-01
-3.357697002442937007e-01
-1.000000000000000000e+00
-1.000000000000000000e+00
-6.292171665406977032e-01
-7.769065551226761457e-02
8.954697015089037038e-01
-1.000000000000000000e+00
-3.697335931942961063e-01
-4.589606894124949044e-01
1.537870761367865213e-01
-8.775345200238733601e-02
-4.212909151034300859e-01
-1.487781882906142605e-01
-4.684128297442216593e-01
7.368043958817341865e-01
-2.685003072579520422e-01
8.087699355108524113e-01
-8.568617173857122349e-02
6.276750697559190240e-01
-6.453717615095050375e-01
-7.581677917714527704e-01
3.464442549180452025e-01
-2.128233412607782316e-01
-2.879336933343470406e-01
-1.000000000000000000e+00
1.632814275378353108e-01
4.482105543944026049e-01
-5.969594558765055625e-01
1.726621554592895347e-01
1.734321099041539194e-01
-8.096359643276559437e-01
6.784139503393263326e-02
-2.434779328865477321e-01
7.181245296406424394e-01
7.983393061706054450e-01
2.827520900625981118e-02
6.950577996964212302e-01
-4.792868723926480001e-02
2.978676225840347636e-01
7.976720257328573371e-01
-1.000000000000000000e+00
1.217112487404369559e-01
5.513192349664877145e-01
6.304947007400021897e-02
5.028977832618455879e-02
6.854249615434357956e-01
-2.721756119999354517e-01
7.068694534408632713e-01
1.000000000000000000e+00
-1.225771778710421367e-01
5.699557666881167883e-02
2.913465788680942303e-01
4.051986938931824156e-01
1.623309413834394532e-01
-6.010900179139578858e-01
7.576303840766639430e-01
-1.377261211595077195e-01
1.000000000000000000e+00
9.334172187219069716e-02
3.917203907797708329e-01
