6.504266855161366934e-03
1.456858308369215482e-01
-2.278454700254985976e-01
-9.435082992706647076e-01
-2.379657428471453340e-01
-8.929204199928557628e-01
6.381633446217453987e-01
-7.108427797849894425e-01
-2.171695311625505553e-01
-9.672966695740530252e-01
-6.494203528333579722e-01
-6.921168035799207807e-02
2.863230611592511021e-01
2.986364405946497769e-01
-7.553139127758643490e-01
8.310151945120076711e-01
7.980124476323415816e-01
-7.907735267150399761e-01
-8.935074768330040218e-01
8.344173870959854522e-01
5.545881164480344072e-01
5.039670595255942853e-01
6.862039325167823556e-01
-4.016405505873432702e-01
-3.730352128376430709e-01
1.784555980483213400e-01
-2.372698773352091006e-01
5.252814372009457777e-01
-2.344041252249891016e-01
7.520257214621213215e-01
9.716199919597501289e-01
5.912405353350702608e-01
-9.068465137740657767e-01
1.303136071771198168e-01
7.487922679565262030e-02
-7.521250966011860939e-02
5.960439135138715372e-01
-4.351253224258608832e-01
5.573271271681921046e-01
8.557168057703381514e-01
9.613133563175813023e-01
-8.862756360546790724e-01
4.592298034649762162e-01
-1.061088263633236384e-01
9.246858747186317284e-01
8.458332765946028342e-01
-9.509114242053786636e-01
-6.265857077184813217e-01
3.706435564163146346e-01
1.529513412446439347e-01
8.607245100677485272e-01
6.592672043030447515e-01
-9.023562073285409380e-01
7.438361703234690481e-01
1.057798274968742014e-01
6.349310661845608550e-02
7.180526139584055834e-01
-3.006390439002504245e-01
6.482612713417910122e-01
5.955450655017986428e-01
-8.263748372423991295e-01
-6.899227057920842565e-01
2.036127375103280457e-02
-6.715043158186204675e-01
-5.514453894676198953e-01
-1.769518452256628738e-01
6.973665147673948628e-01
7.375093971912516366e-01
-2.048975659006215810e-01
-4.697525643978612830e-01
7.650555525706925764e-02
0.000000000000000000e+00
-8.874118638478911691e-02
-2.734995022187669544e-01
0.000000000000000000e+00
0.000000000000000000e+00
9.549585357587466738e-01
7.962267347415270535e-01
-4.265028927025460437e-01
0.000000000000000000e+00
9.117309641527884256e-01
6.226967517308747979e-01
1.549368029082476284e-02
-4.529442429687438043e-01
2.581508279015816143e-01
-2.019845338981200999e-01
1.368889460043569706e-01
1.585672451306685549e-01
-2.867933758562153379e-01
0.000000000000000000e+00
0.000000000000000000e+00
-7.726110422741356842e-01
-5.484181425887684203e-01
4.582736106862885794e-01
-1.097934901648056627e-01
-7.994507470723084541e-01
0.000000000000000000e+00
8.010078893157106528e-01
8.823081819535860681e-01
-2.745415240211428465e-01
4.096298926105390592e-02
2.064377425817298661e-01
0.000000000000000000e+00
-8.992720231575197509e-01
0.000000000000000000e+00
2.575748673236444297e-02
7.271623817345478358e-01
-4.209377334238779689e-01
-1.417502714023717303e-01
-6.381167920084711564e-01
3.488455280755011767e-01
-2.212498878463140528e-01
-8.933475770849619302e-01
-2.019899762421415446e-01
-4.866402999665278006e-01
5.391837233911584981e-01
-3.664711264587754425e-01
8.117320968425245642e-01
3.160036719614260914e-01
-9.814562389619816418e-01
4.190920507465689671e-01
6.240577735707131257e-01
6.553883107188651636e-02
-1.779056623199826159e-01
7.508390588446689495e-01
-3.164737117209597272e-01
-9.540022229191722491e-01
-6.403301742135836250e-02
8.560543361072823210e-01
4.135737171617368535e-01
-1.045064183924357959e-01
-3.717995526926349825e-01
8.486434977522585577e-01
2.148169560958324009e-01
4.737151186021759663e-02
5.605774258849938185e-02
2.378626372335117534e-01
8.477205454283536223e-01
4.986985131244168201e-01
6.979740687655515696e-01
-4.035186662135781255e-02
-8.756605950306326491e-01
1.647366550393358775e-01
-8.859018375268159495e-01
-2.882547463235511920e-01
6.892571815595733842e-01
-8.964267865130204349e-02
9.142702793842838460e-02
2.926902316178294772e-01
-7.163103323301580616e-01
7.419091030714595192e-01
6.390874425263231018e-01
-2.244165278928449414e-01
-9.671101076798549467e-01
6.219054198151356960e-01
5.448657677919099829e-01
1.825793417952523701e-01
-4.970751712615582019e-01
-7.549303739443764538e-01
6.524602919943565116e-01
5.843404390060948916e-01
-1.835155322964234781e-01
-9.986848019503107299e-01
2.134730317358712881e-02
-9.012860248396563634e-01
2.321282808993019309e-01
5.507071316609590816e-02
4.366472156553633521e-01
6.217009939230595528e-01
-6.116462290578605909e-02
-5.120445512735503080e-01
9.167481671240684804e-01
-8.411598463304492679e-01
8.590221090488423528e-01
-2.606989818403477877e-01
-8.696276256220250023e-01
-7.865585005144977160e-01
5.672388980951894588e-01
6.894290627721659792e-01
2.719782555402245894e-01
-5.080307258814358295e-01
-7.138857802451883394e-01
-7.703753024918458259e-02
-7.595060934989468215e-01
8.603098188250222211e-01
4.681505407531536544e-01
2.748636688554029206e-02
-1.844160427284047277e-01
6.199516605060602092e-01
-7.135133929244716899e-01
-4.134672686387308449e-01
9.768655343884080633e-01
8.739352899766681393e-01
6.835153544230032630e-01
-3.638997463807935873e-02
-8.010481659337864713e-01
-8.925912266074895740e-01
-6.653585979204839074e-01
-2.961199167789503317e-01
-8.412060215871548507e-01
2.353132260336654458e-01
-5.214720127942202854e-01
-2.650328591855355409e-01
7.879972396707479732e-01
-3.544183424580853448e-01
2.963140562083237395e-01
7.408109179369433139e-01
-1.681901562857683885e-01
1.477697695210413720e-01
-3.670533357881404779e-01
2.174469499900755221e-01
3.804403379796830187e-01
6.775414590424784222e-01
-1.725880724142261347e-01
7.815385462821844431e-01
-7.344645188552043624e-01
2.233991141646949341e-01
2.965268513827066243e-01
7.562973349843797877e-01
2.636750531758935701e-02
-9.985546992612093220e-01
-5.195096360686584092e-01
6.703270269544192583e-01
1.084385922218047416e-01
-8.155541856513013332e-01
1.618539385269024411e-01
5.267401246728642406e-02
-9.211723753879419441e-02
5.603796635831685968e-01
7.008874152776911615e-02
-1.861735853692980669e-02
-2.584357371320504804e-01
1.240142471322616124e-01
-8.747798657265015709e-01
1.475734591387518613e-01
-3.655419092859311103e-01
8.354008425378447456e-01
4.723555372304075739e-01
-5.253332411994948714e-01
9.487896271945970295e-01
-9.054648120637165398e-01
7.707603031428529317e-01
6.553975902497737316e-01
3.618717511155848943e-01
3.455623087073478317e-03
1.284153226131539149e-01
-9.439356540744721080e-01
3.093311457800298481e-01
3.710692847733025879e-01
-5.686001177866606415e-01
5.618372639293549575e-01
3.622348286267356166e-01
8.364674537788652220e-01
-3.196757609620728413e-01
-8.562187557656686376e-01
-8.010988248842934034e-01
-7.600372627111848800e-01
1.512612993696498265e-01
-2.731736896671961290e-01
-3.806323688982660158e-02
-4.610878213503375456e-01
-9.959348692917835422e-02
4.972404750964887210e-01
7.071201428821707324e-01
-1.481891150112801814e-01
