-2.241758497258627969e-01
7.863335306758965082e-01
3.783454731654338765e-01
3.235881387840742196e-01
-1.591495812393644016e-01
8.140811086200521185e-01
-7.765003837222768102e-01
-4.399324432086704206e-02
-5.282603890338930519e-01
8.914236434673130649e-01
2.588352472655264247e-01
6.925517642731426893e-01
8.451308883692316698e-01
3.468313766097086415e-02
-4.103056572780634514e-01
7.269937275063822479e-01
-1.211962022420645102e-01
-9.999717424668155275e-01
-2.369676013171475581e-01
2.551046366299936086e-01
-4.555467013078295935e-03
3.897059490707355245e-01
2.342227851199336630e-01
6.021498583288640294e-01
-4.337002786335071303e-01
1.377887891411260224e-01
3.823151613666486703e-02
-9.670662976471682271e-01
6.716202320175794771e-01
2.976289150282858120e-01
-3.532773986101820363e-01
-9.816273974532807589e-01
-3.594884487444867105e-01
2.472652846506662172e-02
-1.139249871428926753e-01
6.922369996837796080e-02
-5.205785493915682238e-02
1.831772412963967867e-01
1.079016831143593258e-01
-5.630434349527160265e-01
1.580422481026380055e-01
2.969951189696908855e-01
2.472029759730443033e-01
-4.701476543372498096e-01
4.055019033020910157e-01
-9.379377730992093376e-01
-2.522318918224388806e-01
1.603864283084566189e-02
1.273272948290800066e-01
9.609298974702336071e-01
-1.960310787841781366e-01
4.723363215382407887e-01
-8.268399912470962843e-01
8.558616083425039101e-01
-1.369745224763811997e-01
9.981277045662866332e-01
9.777929329921319912e-01
8.210768477560492773e-01
-7.113719398682045725e-01
-8.772635595068947190e-01
7.557289654802097356e-01
1.564283940903246073e-01
-2.757939482156901434e-01
-4.524539041610151635e-01
1.193594533468773644e-01
8.561172621368129398e-03
-3.256729113678582532e-01
-5.014513226641614807e-02
8.026934952751465513e-01
6.301204592264764148e-01
7.226474102400088917e-01
9.488611859418878414e-01
-1.563076433264762866e-01
8.010057069209228775e-01
-1.050151313316427526e-01
-4.168275164238308683e-01
-5.266223332722839157e-01
8.508375389070359507e-01
1.830702597406452803e-01
-2.389124500113670724e-01
-2.362312834749715762e-01
6.578919286087638874e-01
-2.401178070851988089e-01
8.333992275471138189e-01
6.565631384569894369e-01
5.116172123125675153e-01
9.282782685148374124e-01
1.876284658948339512e-01
1.171171526259422446e-01
2.996330780295277663e-01
-8.873960640481839413e-01
4.989984306366386235e-01
-6.547575458132648407e-02
-8.487927624276259131e-02
3.697385030035880149e-01
5.827575659223163118e-01
-4.814577297252833343e-01
-8.468297660049466380e-01
-1.481186813893602405e-01
7.461010361974129701e-02
1.586275272491284305e-01
3.129232811329134556e-01
7.266242451166384786e-01
-9.309766678871294054e-01
-2.135981964899884566e-01
-2.126242223160395017e-01
1.636942741625515563e-01
4.278257217071494978e-01
-3.090276132001952281e-01
6.916971150267396951e-01
-6.056798786921724354e-01
3.441338296104832217e-01
7.893716563372312756e-01
-7.220693477901831692e-01
-1.409498981433612297e-01
8.533398097435977991e-01
-4.706948674935647059e-01
-7.764821043955194568e-01
5.552163324941632450e-01
-2.436911077395458314e-01
4.796369428629414511e-01
-7.355671620970556379e-01
5.686089759359369555e-01
9.456212104630976611e-01
9.895058070714104481e-01
-9.950604813847621077e-01
8.370685235190304940e-01
-6.267553446640317105e-01
5.536945976828253624e-01
-3.839855656369144388e-01
5.033715642150078384e-01
-9.134700125173624841e-01
6.679611973750219089e-01
-6.263982805214183269e-01
6.332429898893399134e-02
8.514612573979980503e-01
3.756774623367480359e-01
1.933973538262470093e-01
-9.055158064340853574e-01
-1.396846299582574780e-01
-4.071457802845472873e-01
9.786706781087508578e-01
1.786327968071448336e-01
-5.100419846358377196e-01
-8.127347530464386072e-01
-3.750331602682939192e-01
-6.225618742227314595e-01
-9.601230685535124820e-01
1.052436567542713863e-01
-9.832603940995809921e-01
1.505437332060666211e-01
3.091912521365871580e-01
7.585115789763472449e-01
1.028469996616350191e-01
9.087027691795621642e-01
3.201098834746145538e-01
5.997543373875862116e-01
-9.982017676667465089e-01
-3.585220477193293842e-01
3.068727277588105817e-01
4.032631266379749224e-01
-7.786609818205154632e-01
6.738257530978719601e-02
3.329953534696863393e-01
-3.067675548590140799e-01
4.379457951221845668e-01
4.372981329583056631e-01
9.167169200629377013e-01
4.033977907660852846e-01
-2.670985166157440194e-01
-7.918929065731137307e-01
-4.058563559241397112e-01
-2.871123839720615134e-01
5.202345525297125128e-02
-8.001052304208231547e-01
4.943437832280084265e-02
-6.626862977042859981e-01
-9.524648065366776439e-01
3.113776378157735447e-01
-6.223968936869028745e-02
3.552687268486489636e-01
5.217752149540895168e-01
8.289620153558439064e-01
-9.745653523639909999e-01
-2.757751508133092777e-01
8.327987043161615421e-01
-2.933990686199450248e-01
-9.786795708149460538e-01
-9.146789166055691034e-02
-3.093044791116075221e-01
2.569056122394910435e-01
-1.754861503120381805e-01
-1.953483381423639642e-01
9.951248623653004000e-01
-4.118523923781793883e-01
8.616392141564119811e-01
4.483185981593491576e-01
-5.906478331948694649e-01
-7.033004281056294271e-01
3.362102764170427083e-01
3.625680451992729925e-01
2.431263264094651877e-01
2.360104667710576365e-01
-7.141640023890234446e-01
-8.331966964065189440e-01
2.906507344574906782e-01
-3.631085436702197189e-01
2.326421049940852193e-01
-6.579906081381521332e-01
6.113645960361466791e-01
-2.079664699124488259e-01
-7.047453150590787807e-01
8.388549902670130454e-01
-6.244634660677905735e-02
9.048998762058224621e-02
-7.112075349385453826e-01
3.993782031129156085e-01
-1.778573923758492992e-01
6.526478580044672295e-01
2.593554881028994341e-01
7.541266506525667879e-01
5.283609627759451310e-01
5.598400557460769811e-02
9.330805960890957707e-01
-2.523506122544705299e-02
-8.696597659601315033e-01
3.476816526010533259e-01
1.002735731441692923e-01
-5.226394047165845436e-01
-5.342163960111743215e-01
-9.721298669789746327e-01
4.071780647370071282e-01
6.339828022855076295e-01
6.699688198605564526e-01
-6.893795603534635941e-01
1.823633553127534945e-01
-7.821760248164701945e-01
-4.469562371360098485e-01
-8.776558370665599185e-01
-1.824907011004606172e-01
4.736634637560881433e-01
1.362104383442508393e-01
6.846218527961125400e-01
-4.826495787823239514e-01
1.729939968480544987e-01
1.765815995443473785e-01
-1.613741432947917165e-01
-1.002301205895026470e-01
7.120339460686393451e-01
8.444442560220277727e-02
4.136760305681119743e-01
-3.096586919732564613e-01
-9.938747174847297750e-01
-5.660682034649031635e-01
-2.092459757153315447e-01
-7.418235489420892392e-01
-5.359901391648671520e-01
-3.242125579998826890e-01
5.461059021361476251e-01
-6.158951424784835371e-01
-7.584340105136577748e-01
-7.471241198870000044e-01
-3.055088614860634877e-02
6.602304264929739208e-01
-8.449267669427338312e-01
