8.395402604437718352e-01
-9.847798371975213794e-01
-9.899688238171999721e-01
-9.616656342025817761e-01
5.354391990521720768e-01
0.000000000000000000e+00
-2.796298559685548302e-01
8.332882518673248029e-01
-4.546800693673564986e-01
-2.229751264923964804e-01
0.000000000000000000e+00
8.564510922442898355e-01
-7.410361691821787389e-01
-8.906482690923576140e-01
9.050692113124221283e-01
0.000000000000000000e+00
-7.040826891698221957e-01
-1.165648093919038342e-01
2.831168884768442418e-01
0.000000000000000000e+00
-9.174194851916739335e-01
-2.799397934878626870e-01
-6.266146290583816114e-01
-3.944709772653407498e-01
-1.689785778181169817e-01
-3.667781669128236111e-01
0.000000000000000000e+00
-3.067472469471343999e-02
6.986407340010512002e-01
-1.862820090542576246e-01
0.000000000000000000e+00
8.335574692976350786e-01
1.616866207547751344e-03
0.000000000000000000e+00
6.269660520004824988e-01
-9.764643860333745984e-01
5.836232341333140727e-01
-2.768994499065979831e-02
-5.863606232507982963e-01
1.938635554393486338e-02
-6.817908739576399313e-01
-9.534249056390367016e-01
-4.806891223815541458e-01
4.646205084878183289e-01
9.112041391735816731e-01
7.635365744697208967e-01
2.620686200824748902e-01
-7.541904685946170250e-01
5.718841829657419495e-01
-8.729683851744882706e-01
-7.092023614202525028e-01
-2.924432257074012220e-01
-2.937331808217913398e-02
-7.263385221526466040e-01
-9.767281835208256879e-01
5.101604653648752485e-01
4.991013711432652489e-01
-9.511784792169772906e-01
0.000000000000000000e+00
-5.081503270333769251e-01
-6.910283881853476196e-01
0.000000000000000000e+00
-5.288890361923632710e-01
0.000000000000000000e+00
-3.916004286546126423e-01
9.895380734894239083e-01
-9.388416003600050797e-01
9.988442841705651443e-01
4.850687871568901688e-01
-8.787524198853051693e-01
1.060115116498137056e-01
-7.068034896935933009e-01
9.376803479784101558e-01
5.107642640203329254e-01
2.623729498257370008e-01
-6.936763034153661245e-01
6.136866113877883500e-01
0.000000000000000000e+00
-5.922124814858509279e-01
5.875116860153284382e-01
8.175848243822183559e-01
0.000000000000000000e+00
0.000000000000000000e+00
2.130026938068101394e-01
0.000000000000000000e+00
5.854092882836949840e-01
9.448879955420834698e-01
7.208150755963194101e-02
-3.292813065487421031e-01
-3.596368494158839191e-01
0.000000000000000000e+00
0.000000000000000000e+00
-6.946985372831440131e-01
-5.540045790589847030e-01
8.027014653287403156e-01
5.287683081985574685e-01
2.601815069718389495e-01
6.022569400234929482e-01
-4.714086491649640553e-01
0.000000000000000000e+00
-9.169263608591893266e-02
0.000000000000000000e+00
-5.348277654347763921e-01
-3.828388693849364977e-01
4.465705637947350315e-01
4.572721401742436687e-01
6.049816505534215683e-01
3.523646238361874961e-01
-9.332758612497118467e-01
5.204369459695108446e-01
1.386795368880633372e-01
4.328972091906924113e-02
5.800437994030698263e-01
9.197964277100227903e-01
1.503722662515176722e-01
0.000000000000000000e+00
4.007058297205381425e-01
-7.873712752708112994e-01
-4.571767460254780868e-01
7.825156967812425535e-01
-6.108907318958123334e-02
-9.888794545316283990e-01
-8.735749730394872792e-01
0.000000000000000000e+00
-8.503848102728603919e-01
4.744135356009413496e-01
9.700682520056302938e-01
0.000000000000000000e+00
8.954326353821124851e-01
2.826486505337604260e-01
-3.754167636712968381e-01
-8.311463780094898723e-01
0.000000000000000000e+00
0.000000000000000000e+00
8.843784319070244759e-01
0.000000000000000000e+00
6.255181635175897092e-01
-6.521224898992976637e-01
-6.567584475123167120e-01
9.949961947951682095e-01
0.000000000000000000e+00
-1.240254793498780650e-01
-7.779804341803280288e-01
4.681447056543945884e-01
-2.790438039629772327e-01
-7.911023782958477302e-01
2.029466833730440012e-01
3.849306375632344235e-01
7.009570125702939691e-01
9.523246147935717776e-01
8.763627025473865739e-01
-2.379806080171864568e-01
9.922636966975395545e-02
0.000000000000000000e+00
0.000000000000000000e+00
6.281725831798372628e-01
-8.196345270176175202e-01
8.639809662322865957e-01
3.371704296098274600e-01
0.000000000000000000e+00
-3.152967461713234165e-01
3.567644090727093431e-01
-2.854155518136012315e-01
7.036738739149837052e-01
-8.679073606741498637e-01
7.118417188144063878e-01
-9.302436956522961431e-01
7.792408665163805814e-01
-8.851089636065865296e-01
1.087766534288960862e-01
0.000000000000000000e+00
8.925299200847982561e-01
-8.385487775840472224e-01
0.000000000000000000e+00
-9.963822845877781109e-01
0.000000000000000000e+00
8.667989531104078882e-01
6.195617447893642105e-01
0.000000000000000000e+00
0.000000000000000000e+00
-3.087593645995054814e-01
3.937312139847448655e-01
5.743197448525860782e-01
-7.493869621516648927e-01
9.690455285229016003e-01
-7.354928187370064485e-01
3.359658631023287878e-01
-5.033229182303606830e-01
-9.333726697667754646e-01
0.000000000000000000e+00
6.675224670230817114e-01
8.146903029307925870e-01
0.000000000000000000e+00
-6.470128289886829531e-01
-1.797959249343716870e-02
6.102538143217126620e-01
5.821518848000442059e-01
-1.732752676458229057e-01
-8.375518062746547532e-01
0.000000000000000000e+00
2.545040970702483474e-01
5.022758748557698549e-01
0.000000000000000000e+00
0.000000000000000000e+00
0.000000000000000000e+00
9.258452319224153015e-01
6.511654208391275400e-01
0.000000000000000000e+00
-1.018786383243350802e-01
6.084939438448389026e-01
4.105200763308041179e-01
0.000000000000000000e+00
2.291780118718844683e-01
5.901316366722082485e-01
2.207676314094408898e-01
4.728702222082081796e-01
8.444861074864074002e-01
1.403156733063437578e-02
-8.179982836371246790e-02
-3.234625497560870144e-01
0.000000000000000000e+00
8.971125675054372195e-01
3.599447482753010963e-01
0.000000000000000000e+00
-1.285033445923002837e-01
3.255004362923412664e-01
1.762260685007206451e-01
3.471732804948668427e-01
0.000000000000000000e+00
0.000000000000000000e+00
-7.085482948816457238e-01
8.638689941008632633e-01
0.000000000000000000e+00
-2.726511741837913672e-01
0.000000000000000000e+00
-8.929891629128827724e-01
-8.115003633991328957e-01
-2.066693171799636186e-01
-1.229197210754608971e-01
5.933391410268846755e-01
0.000000000000000000e+00
-7.550496512793833936e-01
3.389721406077099708e-01
4.322684984683413667e-01
4.774123581065297106e-01
-3.901268315610395554e-01
-1.053547858576588947e-01
5.268614236718436317e-01
6.998545660212207586e-01
0.000000000000000000e+00
0.000000000000000000e+00
0.000000000000000000e+00
3.550051339503961234e-01
-7.185661123052402566e-01
-3.613127313266548679e-01
7.165368704581525083e-01
-6.567859637718997945e-03
0.000000000000000000e+00
0.000000000000000000e+00
0.000000000000000000e+00
5.482970397329862688e-01
8.979287134427125228e-01
5.713939072232363525e-01
-2.284763910517519925e-01
-9.031251347698487919e-01
