-1.108044909453558269e-01
7.254100612272218473e-01
-1.827574405636849253e-01
-1.208725920000814913e-01
-7.108173102859656201e-01
-5.739627043718416033e-01
9.796351456420093751e-01
-1.869997905980862463e-01
5.135273744841852839e-01
-2.410026586888680544e-01
-6.313323867662514743e-01
-3.743956969600716889e-01
-1.210470643929471013e-01
-6.397254517987305267e-01
-6.922129123223910163e-01
6.016090261559594587e-01
-2.607030995030048537e-01
6.410143269913839426e-01
-8.225236316146915527e-01
-6.126271263672302680e-01
-3.305032220506782803e-01
1.630646169297931269e-01
-8.454453088488067536e-02
-4.784552549139404753e-01
-6.205398814080176351e-02
7.782895583961217945e-01
-8.003188265055660722e-01
1.649114494469623438e-01
-4.769592352830938076e-01
1.038801634123114326e-01
8.239739956173708357e-02
-7.020799738809966328e-01
-6.118060681885184593e-02
1.199788166386408506e-01
3.722527555029802038e-01
7.108260077899977158e-01
-7.944129389409479991e-01
2.754095502143469876e-01
4.091439689768727739e-02
-3.007067060341492848e-01
-7.891425871489805566e-01
6.566149124023610284e-01
-8.160631517469472129e-01
8.329825267912007725e-01
-6.923124021505708825e-01
-2.770252830101627151e-01
-6.947166584894475250e-01
-4.962026551448956990e-01
-4.745181879612665465e-01
-5.431457020615422238e-01
1.753382034579493709e-01
-8.760032803807378254e-01
-2.986135272352714587e-01
-4.065839496373917505e-01
-5.645042429318232191e-01
-5.414907870794138933e-01
-5.291392932043996744e-01
8.506269924459912701e-01
-5.805313345309039974e-01
4.989401473582797397e-01
-1.837811542632583617e-02
4.224740634009276352e-01
-1.957131482553879920e-01
-5.085252309677195104e-01
-2.018747425844251708e-01
3.974737668024119763e-01
2.070823463944897469e-01
7.884928507719122237e-01
4.522215887895437714e-01
-4.971030346758316121e-01
-1.265559753496665607e-01
3.040596545156502017e-01
5.310795211858938547e-01
2.088308396480611506e-01
5.210290365629965947e-02
8.054664716378763245e-01
6.662820352352039066e-02
7.336688203653176643e-01
-3.660479940125569431e-01
-5.551504564075520065e-01
5.704374738596158512e-01
9.653482259215180328e-01
8.586198953021124680e-01
-5.568727224963390121e-01
9.126983881685324373e-01
-7.975028230195624346e-01
6.955418690304178142e-01
-7.978510817825426038e-01
4.727633995549458401e-01
-7.729978701669473207e-01
-2.945439221778995975e-01
-2.168357033820211832e-02
8.814456077307060156e-01
9.897570170183938032e-01
4.307187632880027373e-02
9.674997644762339810e-01
-4.364507741696326271e-01
7.345535640462497184e-02
8.447466223732900126e-01
-4.403712626939104702e-01
6.725177898891681050e-01
-3.843126026193828260e-01
-6.398429705045480809e-01
3.240313004126009755e-01
-7.708393948584963962e-01
-7.967241376012192955e-01
-4.663324454520081375e-01
3.254162341313213691e-01
4.138829963737602480e-01
2.425844793620242079e-01
2.155555303566416558e-01
4.594619376659236920e-02
8.015435026640653771e-01
9.475107399639375316e-01
3.324433805834938749e-01
-6.786201650397016838e-01
8.877535154082643043e-01
8.639585486966403494e-01
-2.435437002972389298e-01
9.234342267492563483e-01
2.828042326829296460e-01
3.536742877882783631e-01
-8.110495787115077349e-01
1.772598207823132821e-01
-5.882859997782996508e-01
-4.626344924151668536e-01
8.764887733206352394e-01
-2.404540956548650854e-02
-9.845901657257232209e-01
9.600691229435203145e-01
-4.911506043867339688e-01
-4.092153955746660188e-01
8.646731460469569974e-01
8.225120381333588249e-01
4.772387385382357294e-01
-4.678776008171392498e-01
-5.280710472910439268e-01
7.723360236906409160e-01
3.578282217983554947e-01
-3.472878292023957592e-01
-9.361115030297997297e-01
-9.841652143890242677e-01
2.949214473535888281e-02
2.187146208512666945e-01
-9.768279877794223687e-01
-2.803346440140153106e-02
4.497900893354425111e-01
7.613432901863501634e-01
1.118492632799994446e-02
8.872415082997620051e-01
3.547991017196050478e-01
8.756669455336247854e-01
-4.682824294890117756e-01
8.231568418485835092e-01
6.357278556471142039e-01
-9.454951775751510024e-01
5.256519170925342266e-01
-3.829926800922009988e-01
2.308502572364707905e-01
-6.410024629087822667e-01
-6.216376231880400560e-01
-1.423578886769871765e-01
-4.877826260447553075e-01
-7.469650728209895618e-01
5.963588768063809997e-01
8.950198416017247638e-01
-4.236844396529722001e-01
4.085082853220041166e-01
5.760527986999102179e-01
1.613361388578260502e-03
-7.810730753432439943e-01
6.987826477333725084e-01
-2.663567791375776039e-03
4.493946223200568912e-01
5.603088167882566140e-01
4.803578674050579256e-01
7.866995183279450465e-01
4.654177344426042584e-01
-8.021674325419378970e-01
4.546111646387360761e-01
4.022815469114116027e-01
1.142882848395396778e-01
3.177430461425401198e-02
-8.988879372947198299e-01
1.377867494173263818e-01
-4.945113406201320227e-01
2.322622275036323458e-02
-2.590602907045003178e-02
2.848291334136801023e-01
9.132937913678900177e-01
6.896743326897714077e-02
7.753825733931132280e-01
-2.490880614310910790e-01
-8.330454672641742775e-01
2.287933820776966165e-01
3.812546406359424989e-01
-3.827067555053582648e-01
8.811240965445421569e-01
-2.487640874083096865e-01
2.142680767042126622e-01
4.422276903228274936e-01
8.223090398671075718e-01
-1.230099597673917078e-01
9.976261640771493244e-01
4.223889698699134776e-02
8.048747906868769508e-01
-7.492731825239511423e-01
7.078761277311844680e-01
-7.874219166004310377e-01
2.162191318362449710e-01
3.748502485935834017e-02
1.475196177762376770e-01
5.974372767408862028e-01
1.066134739601960479e-01
-6.924962863548285164e-01
8.774001641240150029e-01
2.292516824077930337e-01
5.187096558645838407e-01
6.982512049402189724e-01
-2.265476381937103767e-01
-7.202958896160636115e-01
-5.324030647867250554e-01
-6.910918554889322607e-01
-9.436460259812464724e-01
-9.583725511086294002e-01
-7.310634714161750036e-01
-4.811515525151137673e-01
6.876325163721881406e-01
-4.371540431591847131e-01
7.888793332047927542e-01
3.387528897929805716e-01
-7.984585718415586619e-01
-7.681661574175795426e-01
3.197093330746882955e-01
-9.528723332361228593e-01
-7.497117623679780962e-01
0.000000000000000000e+00
9.381345610372626709e-03
-4.759180221594050408e-02
0.000000000000000000e+00
-7.047351771274816823e-01
9.811091529604665240e-02
6.664307157976507856e-01
3.981916314472495610e-01
3.661084500252733687e-01
9.082602904049503767e-01
6.125480842153647743e-01
6.989995235502006743e-01
8.530682545443801779e-02
7.262734811696300863e-01
-8.938893571744312982e-01
-7.317069623735712458e-01
4.320124740469986069e-01
2.449095887428209828e-01
6.572994700810608215e-02
1.656225625290599357e-01
2.815012232667890579e-01
8.451912006858486315e-02
5.561298200760826926e-01
2.423342195398316967e-01
-1.810302052073413659e-01
-5.090284079592786171e-01
-9.939127927965201170e-01
8.225238654332560628e-01
5.635985999183568129e-01
