1.883778991835933780e-01
-2.817835885854522715e-01
1.008221370671260608e-01
3.619626464522405218e-01
2.242692301619106932e-01
5.901104760812150296e-01
-3.441753208450120116e-01
-8.603097097800420645e-01
4.467815958669489884e-01
7.760933289493494591e-01
8.899680249290717882e-01
-5.225890123911685059e-01
5.980254489022143183e-01
7.149631141688941316e-01
9.689394012642080778e-01
-7.971773272716025094e-01
-8.326748735604019291e-01
2.965668009427420149e-01
-3.370027984708612312e-01
7.349724394560992469e-01
3.151366737710104005e-02
-9.784872046401924539e-01
-6.548791722834310658e-01
-2.785271608864463566e-01
4.356793376981811239e-01
-3.125750640538962344e-01
6.021344790486533594e-01
-4.263150434256841592e-01
0.000000000000000000e+00
-4.712576205628873360e-01
-8.567293797687491885e-01
5.885606265790270797e-01
-8.359311981611625697e-01
9.529107221947672457e-01
0.000000000000000000e+00
3.763961259828239037e-01
-4.291993969381615592e-01
2.122995701688283887e-01
-7.860501340645154045e-01
-9.078054333049134783e-01
0.000000000000000000e+00
-3.719925745484475854e-01
9.720307498061386831e-01
0.000000000000000000e+00
0.000000000000000000e+00
4.999181650092576756e-01
-6.796837667980457631e-01
-1.495990983605361979e-01
7.496289314283730576e-01
-3.337678880393151193e-01
-1.496162580506545936e-01
9.278018791672868470e-01
2.886851859523971164e-01
-5.647138203330401840e-01
-7.138772871130731890e-01
7.257325379252095310e-01
-3.791049719714536526e-01
2.932878130318326004e-01
0.000000000000000000e+00
-8.999300423113565373e-02
-5.941725171677776363e-01
0.000000000000000000e+00
0.000000000000000000e+00
0.000000000000000000e+00
-1.383766990202639491e-01
-5.707981278830933647e-01
-3.327370983064876775e-01
0.000000000000000000e+00
-5.833911467971488740e-01
4.590386174149920784e-01
-7.129272711909884208e-01
0.000000000000000000e+00
1.140849714303031615e-01
6.047756855459107683e-02
4.385230379086144659e-01
7.357715108128397574e-01
0.000000000000000000e+00
-3.975824264460983137e-01
1.176785286982704459e-01
0.000000000000000000e+00
0.000000000000000000e+00
0.000000000000000000e+00
-7.926236554647236865e-01
6.237290605686713896e-01
6.084527052967225735e-01
0.000000000000000000e+00
0.000000000000000000e+00
4.043893992970524209e-01
0.000000000000000000e+00
0.000000000000000000e+00
-1.363450259790213170e-01
8.495276536612519358e-01
0.000000000000000000e+00
-3.548049264265700220e-01
-2.388286460733404226e-01
7.835222398323393733e-01
5.678202543821888604e-01
-4.014493984022740047e-01
2.972316930612655117e-01
5.313953474550543454e-01
-2.232098768330210703e-01
-8.485513025705055945e-01
0.000000000000000000e+00
5.047825720713470243e-01
-8.556113324196050751e-01
3.815626470559467798e-01
1.686285456049736453e-01
0.000000000000000000e+00
5.302235563958421771e-01
1.544744917067437662e-01
-4.883750505116908336e-01
0.000000000000000000e+00
5.762481677012571968e-01
-9.598150076984131029e-01
-6.980659518605336622e-02
-1.524888542012066139e-01
0.000000000000000000e+00
-6.075813704592298858e-01
-1.837382178398740962e-01
7.701392591454108150e-01
-9.405763222605090235e-01
8.484557879818721560e-03
-7.556028302308517297e-01
-1.957058226125116818e-01
-8.208131485320757648e-01
0.000000000000000000e+00
-7.831126981673517395e-01
2.411290283898339659e-01
-1.538099935591432654e-01
0.000000000000000000e+00
1.617348788247239266e-01
-2.833934273574341134e-01
0.000000000000000000e+00
-8.341142343002674320e-01
-4.416210455713809324e-01
-2.108413491390497274e-01
-4.880682907120748037e-01
9.400657882944403188e-01
-5.934827198859351505e-01
4.452587742268363513e-01
0.000000000000000000e+00
-3.311844804779837670e-01
5.340141366490946950e-01
6.497978172566833965e-01
6.236415020409113996e-01
5.498841033724082283e-01
9.726588647025948831e-01
6.123488325983867941e-01
1.190604603620923907e-01
0.000000000000000000e+00
-7.438203336228821350e-01
0.000000000000000000e+00
6.648675561590382532e-01
0.000000000000000000e+00
-2.141219047129871988e-02
2.244686164937377271e-01
-4.372987345197880682e-01
4.273130426046058972e-01
-1.584450677258684159e-01
-6.335286591751390084e-01
5.360962594254914393e-02
0.000000000000000000e+00
3.974098513564634505e-01
-2.344899186341840025e-01
0.000000000000000000e+00
0.000000000000000000e+00
7.555381251516584129e-01
5.287537785232307996e-01
9.740577215345846973e-01
-5.048242633516826228e-01
3.041772480074429463e-01
8.641783419539783573e-01
-3.615601980384339775e-01
-4.855080191074583329e-01
-6.905417182427728839e-01
-4.351753269986373684e-01
-8.147590149773757950e-01
3.747274959059967436e-01
1.198728203993575381e-01
9.987987267863625007e-01
-1.848720308557751935e-01
8.653868434423579448e-01
-6.555123989081295122e-01
0.000000000000000000e+00
6.495326821393889727e-01
0.000000000000000000e+00
-8.714608959682816902e-01
1.463239518785488524e-01
-3.731007785731179638e-01
5.553704203787384053e-01
0.000000000000000000e+00
0.000000000000000000e+00
-3.642698353467552774e-01
-3.375823094878649400e-01
-3.698433861802468137e-01
-1.613669733866651690e-01
-8.926045864341365377e-01
-1.873212996018314147e-01
0.000000000000000000e+00
0.000000000000000000e+00
2.062465319621797910e-01
8.809512467035296446e-01
-8.762531549444638745e-01
-6.098997529703775733e-01
-2.955548776113103848e-01
5.274914146789775327e-01
4.152087563036184203e-01
4.957167391252621513e-01
0.000000000000000000e+00
-3.347626354707733398e-01
-8.903391148742989536e-02
2.794367991366746296e-01
-1.805277498659974000e-01
-9.265626749979150034e-02
0.000000000000000000e+00
3.170588463007835145e-01
-4.423928805558141608e-01
6.544670781907115931e-01
5.078033354647455422e-01
-2.535076119763401969e-01
-9.614373577537294047e-01
-7.019338900687561722e-01
8.586322616746027148e-01
-2.983079773705132887e-02
2.649821881811098567e-01
-9.926238295602261008e-01
-9.846918374319346690e-02
-9.763947755543274098e-01
-4.033164831467530576e-01
-1.038154278406280273e-01
-9.501508757097030244e-01
2.215806308671126601e-01
-1.531239447602190662e-01
-7.663225078809150492e-01
-5.723868512241416795e-01
8.232756189320622475e-02
-3.523093241885086879e-01
1.509365306734122836e-01
6.067181939231891530e-01
-3.906204816640075350e-01
3.271371722433575879e-01
-4.947318987137816482e-01
-4.346355594891206930e-01
8.003958807684175003e-01
-3.301773560580856248e-01
-8.830477608219950980e-01
5.758073558317877705e-01
-9.994617904775597861e-01
-2.490050820313067792e-01
4.769134311008560445e-01
-1.717159054869930035e-01
-1.550863803319286749e-01
8.556352921060363936e-01
-5.040183773205784146e-01
-1.358518810212543393e-01
-8.592865317679021508e-01
-3.969668371760393111e-01
-1.715203997094632005e-01
-4.760939610108423370e-01
-3.062304775378370536e-01
-7.780315572106066835e-01
7.208926370564781028e-01
9.007704240508298543e-01
6.562002546601106712e-01
5.698135406875883824e-01
