7.644986990696345242e-01
3.961698898566381466e-01
7.852936862346184821e-01
-3.730744795074070197e-03
-5.845140425964243658e-01
6.666837545459214365e-01
1.044285098582211635e-01
-4.884279673185678572e-01
-6.386672702973106297e-01
-2.289768712731896638e-01
-7.489442229312404109e-02
5.000102822751339993e-02
8.967220035214928942e-01
9.101688145041508804e-02
-4.929907920475278260e-01
5.962000776053246742e-01
3.442194022050251156e-01
-8.335308136630827924e-01
-2.974331528018907544e-01
1.593316316380741782e-01
-9.890098646878162647e-01
-1.315013237772988397e-02
2.772983318778117212e-01
4.785125571525197241e-01
-8.329059104708154138e-01
4.221190781821348992e-02
4.888294831473838364e-01
-3.933591409480505785e-01
4.099314615835067954e-01
-7.308350539647414656e-01
-2.071665895409366964e-01
9.828259170326689720e-01
-7.783589332382512271e-01
-4.779514148567749476e-01
4.739865337670330359e-01
-6.254352094826709507e-01
5.643360220382174219e-01
4.829997405902635155e-01
-5.847598305903811688e-01
6.718617344017892012e-01
7.696622357411453397e-01
-4.978274721049316121e-01
2.227172460216908512e-01
-6.554599353374064297e-01
6.955884315547358199e-01
5.911795213554824624e-01
3.100274611232134436e-01
-9.241610003455389410e-01
-1.060037238632367540e-01
-8.158449111145069654e-01
8.374856265764365482e-01
-9.768826014999889562e-01
-6.991354415698673996e-01
8.703557079124966123e-01
-3.491874953781883839e-01
9.388438403733669890e-01
5.578412624497208760e-01
4.232580143338506851e-01
-8.761490013277639655e-02
-5.683264176635738352e-01
-3.474608796976008662e-02
-7.348501958965414360e-03
-1.840160703334281500e-02
3.519106145622226123e-01
1.971516277494451685e-01
4.803945661251027843e-01
4.878003027357633581e-01
9.987532810262360616e-01
-7.329564971267756857e-01
3.143005950908281942e-01
-1.288921708551187262e-01
6.398932486762689553e-01
3.318946281639674201e-01
2.482615394193155023e-01
3.388034609031616018e-01
-9.695956833380281470e-01
-2.273820133656456743e-01
5.572176394569887670e-01
-6.503039746309409175e-01
2.291035394414508986e-02
-3.262369717143522863e-01
3.450668407709982510e-01
-3.001753635662380848e-01
-3.044648718562270595e-01
-5.322975674067136342e-01
8.422691800156247854e-01
-7.349776377055496912e-01
-7.553376239494240529e-01
3.759401992875572862e-01
8.990561967856498526e-01
-8.684787274489265130e-01
7.838600772880794931e-01
3.454218555010466485e-01
1.443032076389534346e-01
6.477332936032726973e-01
-7.574768487664333971e-01
9.909914666286405716e-01
6.193240869912890467e-01
9.834542845118356968e-01
4.105998442756053635e-04
-4.614096428243488202e-01
8.339877699617281870e-01
4.772401506206624955e-01
-7.866007532564815996e-01
8.901510866715363068e-01
9.404442766912319840e-01
-6.983142240779092180e-01
9.429252948976607485e-01
5.198938511750035296e-01
5.536281776137552679e-01
-7.248185724634861327e-01
7.137373361464751653e-01
1.757337770049296477e-01
6.807180688681466751e-01
2.113196402306760646e-01
-2.841837296975018301e-01
-7.396083005806348698e-01
9.831193339856376667e-01
-8.267819151051831739e-01
-8.732634212947298913e-02
8.703890351851653051e-01
6.397883230211514061e-01
-8.393835223435193171e-01
5.868925097999455609e-01
-9.885079216928220891e-01
2.902835712676925528e-01
-3.935930365355140292e-01
4.461747250274701315e-01
-8.304980749360202363e-01
3.444468378977110223e-01
7.815789778172688163e-01
-6.728401629461935318e-01
4.677548980948296187e-01
-8.537035472006015979e-03
-5.907451542614610140e-01
-8.061790983498804408e-01
7.195287805869015063e-01
-5.149640620934192725e-02
3.290942973820314421e-01
-3.148836192912221055e-01
-8.139931058680294207e-01
-7.361982497891921273e-01
-1.791848134685307681e-01
-9.277660064551436214e-01
8.054700137939259097e-01
-4.045085403106893907e-01
4.021321994170901082e-01
2.484422306034732575e-01
3.902990893084616886e-01
-4.997596312694803089e-01
2.309241814802527326e-01
-4.749523560461113014e-01
-2.241173818230559611e-01
-6.531164493606889110e-01
-9.327115620934061102e-01
8.832660797605995651e-01
5.591287191632274833e-01
-7.024086599007159926e-01
-4.168145777555387621e-01
-3.930670634064681312e-01
-2.634758804708752233e-01
-3.184426876780666049e-03
-9.766642116190824563e-01
-1.667979959382941413e-01
1.430996355777391926e-01
-7.343083162139936171e-01
-5.815449446633857988e-02
7.779745986928672252e-01
-6.522525423124583277e-01
-7.460672621959776318e-01
1.001161288331033905e-01
-1.237446092552385579e-04
4.720852041664995724e-01
-3.194702632027808242e-01
-2.904541201930501693e-01
-6.271890657444736394e-01
4.949120516130762759e-01
7.869958035725601597e-01
8.666267434181178508e-01
-9.564472782899948733e-01
-1.742599163805391704e-02
3.066273630213498524e-01
4.685307202814412708e-01
-1.582407431085983696e-01
-1.038459151321979856e-01
4.541010054799672346e-01
8.425119740664419599e-01
3.303058547792669941e-02
4.035168050364787984e-01
9.663143175925019701e-01
-8.860381772178096416e-01
1.028551962151169619e-01
-5.509944301280957912e-01
3.909594143866104154e-01
-5.461356363967568850e-01
2.792996722387837139e-01
5.107061260688878779e-01
-3.003972912499046632e-01
-1.724487838078521129e-01
-4.011765602598351688e-01
7.674923521608907340e-01
-4.705755214815754428e-02
-8.203912212791242276e-02
-4.809716180774203931e-01
-9.470942598029170600e-01
-3.300937221677862077e-01
7.496251939507940776e-01
-3.176976775327551294e-01
7.139734738228833422e-01
9.620563312998164918e-02
3.163512621333754993e-01
3.569702815770521287e-01
-3.711677840258011951e-01
7.126278262363161531e-01
1.663878062033252725e-02
-9.987558652932535530e-01
6.594574542351683277e-02
-6.773760745966619368e-01
8.311337003677914392e-01
3.781714438184948790e-01
3.067124529560325552e-01
-1.886030844279749097e-01
-3.477240208113476783e-01
6.353901643517609887e-01
-1.886246717151340846e-01
8.394670821895151569e-01
6.416926091077981287e-01
-4.040098127559301755e-01
-5.237872895533173256e-01
-8.647848939642917010e-01
-7.239624749443811513e-01
8.855247317186272227e-01
-7.417428053411327937e-01
-1.630330567333870828e-01
1.084837355143457582e-01
-2.298931009290980931e-01
1.548952353357018197e-01
-2.194730848514743204e-01
6.109908474945378032e-01
-5.682876995495160788e-01
5.798234281202576668e-01
-7.871272297989060363e-01
5.948901293722690387e-01
6.703533055586923251e-01
-7.533927196184704300e-01
-9.930014160997546746e-01
8.919641038579368963e-01
3.252827209439612677e-01
6.159086714627992620e-01
-1.111331102527279846e-02
2.407275088845699518e-01
-7.400454714708204484e-01
8.015490750305969136e-01
6.158370175640286437e-01
2.097190088461209356e-03
-7.333175183936240238e-01
-5.291656889718512335e-01
-2.830400105109165398e-01
-2.099704492568550407e-01
-1.964240939905288474e-01
7.794481779947448619e-01
9.027230459898680781e-01
-5.497735880823124699e-01
7.248570231753181936e-02
4.430860304610106937e-02
