6.241352798921857570e-01
-4.947320870673188598e-01
-1.885373160188084096e-01
6.029787891789799570e-01
-5.120911662757883231e-01
6.281986741420315656e-01
5.288628886642094962e-01
7.060652967207583508e-01
0.000000000000000000e+00
8.104411527340777965e-01
7.990639302567423830e-01
0.000000000000000000e+00
3.978687702195335962e-01
-1.073366220962850281e-01
-4.382059474893782447e-01
0.000000000000000000e+00
-2.896913762736987863e-01
-5.954285202757927387e-01
-6.546456444024622012e-01
0.000000000000000000e+00
-3.093752936864724301e-01
0.000000000000000000e+00
-1.111653821807612186e-01
-6.509362624190264679e-01
0.000000000000000000e+00
-3.635645419249757815e-01
0.000000000000000000e+00
-3.990610180756375414e-01
5.776081810449509302e-01
-7.626017949701191512e-02
0.000000000000000000e+00
-9.943833919283380229e-01
0.000000000000000000e+00
3.369670165379270443e-01
-4.686552582577097059e-01
6.955448044113099471e-02
-1.867056253793593079e-01
-6.729520407238478441e-01
8.799423970469280043e-01
9.784495345128361166e-01
0.000000000000000000e+00
-5.272661849155355629e-01
-7.656740578976006795e-01
3.769899745201159558e-01
5.945846080533148115e-01
3.501455937564943444e-01
-3.554112341805359954e-02
1.914408946029928504e-01
-8.770489380415436020e-01
2.140528968571151491e-01
0.000000000000000000e+00
2.352901710959196535e-01
-8.649664488568349352e-01
-1.830595228098133020e-01
-9.371766501179301656e-01
9.202635284644749003e-01
7.264957583795796925e-01
1.593919734783981745e-01
1.576219608499218605e-01
0.000000000000000000e+00
2.793008658906170893e-01
-2.673236465294719366e-01
5.497199605613116713e-01
-9.470040629866598447e-01
7.052117575035234953e-01
0.000000000000000000e+00
-2.436791743574926450e-01
-5.943118529369417757e-02
-7.781998628899922110e-02
0.000000000000000000e+00
0.000000000000000000e+00
5.945110582624058004e-01
-7.628403898237205993e-01
0.000000000000000000e+00
0.000000000000000000e+00
-5.730797771682054620e-01
0.000000000000000000e+00
-8.072480003434316931e-01
0.000000000000000000e+00
1.613528445249727827e-01
-8.106230682944195465e-01
3.917997492653335634e-01
6.856659868893792975e-01
0.000000000000000000e+00
6.894130944198355593e-01
-7.395891012683257770e-01
5.675336235979484556e-01
-6.989390228940566274e-01
7.160553701905327806e-01
-9.611826683412316719e-01
-3.400399862094503067e-01
-3.613047972135570163e-01
8.763981051882612228e-01
-9.018108101229160845e-02
-1.047672747415182570e-01
-5.122107148968790824e-02
0.000000000000000000e+00
7.805468173555947242e-01
3.065473632349997590e-01
6.027644982867277346e-01
-3.839104949472122996e-01
1.973702905427690002e-01
-6.910995760008558086e-01
-8.899616504322966914e-01
8.264846329077935039e-01
-4.350088706414765305e-01
-3.197583956260636739e-01
-8.135310561705737520e-01
4.711179595758596683e-01
6.420625430982944692e-01
-5.092782597567486746e-01
-4.675316876770572172e-01
3.316545074211079136e-01
-2.184910733937628358e-01
-1.442597278710935349e-01
0.000000000000000000e+00
-3.672019367722554328e-01
0.000000000000000000e+00
0.000000000000000000e+00
0.000000000000000000e+00
0.000000000000000000e+00
-3.692389807846392369e-01
3.141825550012968815e-01
7.493714282739825094e-01
-6.317449245859623197e-01
7.629985541945962790e-01
0.000000000000000000e+00
0.000000000000000000e+00
0.000000000000000000e+00
-4.840496188023455382e-01
-3.178052194682003950e-01
8.251564952317989032e-01
8.486929484030674153e-01
-8.977543737540605306e-01
-3.079924122195949465e-01
-5.066561163280103308e-01
0.000000000000000000e+00
7.377045916302225059e-01
0.000000000000000000e+00
-4.794526199513937659e-01
-2.734922595747424356e-01
8.022460116712171185e-01
0.000000000000000000e+00
-4.892884357740634460e-01
-7.996911137420248394e-01
-2.399197836162234587e-01
0.000000000000000000e+00
-8.844837106578264940e-01
0.000000000000000000e+00
-5.327576612354845143e-01
-1.378315622986761024e-01
3.874025130851932452e-02
6.041507770277756428e-01
-7.585608884375962813e-01
5.543488110609364750e-01
6.448754225054904587e-01
-3.228811994008138342e-01
4.845356840392107678e-01
0.000000000000000000e+00
5.350664951054768803e-01
0.000000000000000000e+00
0.000000000000000000e+00
7.199817329467383953e-01
-4.769380640535423321e-01
-6.127788658352173456e-04
5.953078321507980775e-01
-4.120709447715136253e-01
-7.580688372886315030e-01
2.018836547326707809e-01
8.943391635950339591e-01
-4.049884852405107871e-01
4.185599748079242843e-01
6.854384599623701835e-01
1.324338830249351950e-01
4.070092752677405556e-01
-1.475933825764814689e-01
-6.679750765198400053e-02
-9.865580354211691549e-01
8.549173389216915275e-01
-7.567739015471053321e-02
-9.732701342938634426e-01
-7.300906026952778127e-01
-2.634988761235981247e-01
-2.932652361096428351e-01
0.000000000000000000e+00
1.734286636631343637e-01
3.314163903086178031e-01
-3.322531767590775065e-01
0.000000000000000000e+00
6.450953090612761009e-01
-2.250609699314116696e-01
0.000000000000000000e+00
-3.042827557900240620e-02
7.413154920090310185e-01
4.857328078026550422e-01
2.812166365260693190e-01
-3.942625402744888152e-01
0.000000000000000000e+00
7.612450600494331532e-01
-8.808350012277894603e-01
0.000000000000000000e+00
0.000000000000000000e+00
-4.411399427743629698e-01
7.963874350873016983e-01
6.223620986832976154e-01
2.469896790788095320e-01
-1.326057870331069921e-01
0.000000000000000000e+00
-6.347835125353706864e-02
-3.271038319933805560e-02
-9.722664478520977038e-01
1.674792190950171733e-01
1.189418011874088243e-01
0.000000000000000000e+00
-1.885656579121051113e-01
-4.193309823484627774e-01
0.000000000000000000e+00
4.964846006210503759e-01
0.000000000000000000e+00
9.956484302175563350e-01
-9.722477929995165802e-02
-8.676967532590726950e-01
2.330776448201841156e-01
6.045515850899483290e-01
-5.805386967828940481e-01
-1.472165980994781798e-01
4.633668241675306110e-01
5.321628254619537035e-01
0.000000000000000000e+00
-3.534717774714866145e-01
2.546232061889117659e-01
-9.496618493865602861e-01
8.634581812234560783e-01
-1.735340457505920586e-01
5.065992738887066249e-01
-2.829470950226082859e-01
2.943580879640261827e-02
8.569969015753338137e-01
5.849072984238454787e-01
4.046356933021288960e-01
-3.717088013840319505e-02
-1.614324099580808358e-01
0.000000000000000000e+00
0.000000000000000000e+00
-1.684193750909330767e-01
0.000000000000000000e+00
-2.386943515254336123e-01
1.815210299940339667e-02
-4.019953408197212141e-01
0.000000000000000000e+00
-3.315056198659187547e-01
-6.503409131441924007e-01
-8.833483682659706293e-01
0.000000000000000000e+00
6.750097250070854482e-01
0.000000000000000000e+00
7.505369726221369220e-01
6.788904349508493308e-01
1.098382936536070886e-01
0.000000000000000000e+00
-9.658016407038985118e-01
-7.972493938273983449e-01
-1.667507625538040550e-01
9.831300812124299515e-01
-1.728127296410761904e-01
