1.869348570169306889e-01
-2.370673534831289064e-01
-1.000000000000000000e+00
-3.951247569087265599e-02
2.178656759860920222e-01
-7.502100178652920670e-02
1.197102055362815054e-01
1.257805818104200390e-01
1.187988473525707911e-01
2.528985231862378447e-01
-7.694015671662024491e-02
7.943584959500885612e-01
3.068806768912428207e-01
-1.020668413101522565e-01
8.355670974619644475e-02
2.294616340709155350e-02
8.184771330163367331e-01
-6.070989051850939067e-01
4.340307715911456143e-01
-3.478036251039660631e-01
-4.550852351675536145e-01
-6.351312988879591337e-02
-7.477582505250016109e-02
9.885712306255993731e-01
-2.756930871055790488e-01
-3.095206260044800484e-01
-2.879757060434763871e-01
-3.032908081022313018e-01
-3.255951901581231045e-01
8.018588937607913636e-02
-1.481055193068577525e-01
9.165965333373971013e-01
-2.000532958931340310e-01
-3.607951112893377776e-01
-4.235669946995688356e-02
-1.549802133653093439e-01
-9.794840240690505517e-01
-1.000000000000000000e+00
1.000000000000000000e+00
9.876097307245874923e-02
7.144766620012771297e-01
-2.130531397736339372e-01
9.214579366796918913e-01
-9.495789377196615089e-01
-3.749945868979815966e-01
-9.001153608438399178e-01
-3.328736465114004450e-01
9.572904376774238333e-02
2.774711571852244221e-02
2.788384439235635504e-01
1.000000000000000000e+00
-4.693215103318786885e-01
-1.570655828435525980e-01
-3.456435300829109325e-01
-5.060810813168428179e-01
9.347402208570896320e-01
1.000000000000000000e+00
8.148853845599430823e-01
5.135413668696403588e-01
-6.646674052187606652e-03
-3.546583691847241537e-01
6.681218218288609290e-01
-1.830983774154448240e-01
6.431965329380354701e-01
-6.033495146802870801e-01
2.153542109518190029e-01
1.968312731788654513e-02
5.446640656318103568e-01
-1.570720910266013015e-01
9.663328853368607918e-01
7.374193808550641438e-02
-3.925644350830212459e-01
6.438583569563921527e-02
5.143500782661462045e-01
-1.555149330835768340e-01
-8.258351837539185114e-01
1.356267685018231473e-01
4.672024792364732892e-01
-9.220969583866468477e-01
8.867538194106776572e-01
-1.000000000000000000e+00
5.440013786723117972e-01
8.515188245836894376e-01
5.209051420280078615e-01
5.517347580629277104e-01
-4.337206347166994713e-01
-1.011837075761220020e-02
-4.551205868446775438e-01
3.348413633156673841e-01
-2.326552584911013022e-01
-2.713204287886382682e-01
9.700769604424258619e-02
9.170880101290483921e-01
-1.000000000000000000e+00
2.658945030414644473e-01
-1.000000000000000000e+00
4.362447834624578191e-01
-6.152796979356015550e-01
-9.355054927870827264e-01
-2.038094160831803725e-01
-4.297477280305852521e-01
3.828590764604022367e-01
-6.101546580500485373e-01
-6.273095818782093991e-01
-1.338194315308980364e-01
6.928621304655904201e-01
9.934369148805077820e-01
-3.978634612770593493e-01
-1.658028281976076102e-02
1.000000000000000000e+00
7.670273562397482703e-01
-2.096234910615330516e-01
-4.973416879144013092e-01
-5.837849429374324384e-01
5.493868585936246829e-01
9.991954036228893887e-01
7.404909646834028081e-01
-8.761708554812150940e-01
1.895504463460652711e-01
-3.637255543677243019e-01
-6.568964924399188499e-02
-6.778950571517730062e-01
-4.026658525942882622e-02
-1.000000000000000000e+00
-6.000431810293310741e-01
8.545569098743746594e-02
-3.510913823695116509e-01
-4.259832119344394985e-01
3.150765152707689087e-01
1.520517598296177997e-01
9.744413754767600189e-01
6.044009156561035156e-02
4.763703041304229169e-01
4.280196765023794869e-01
6.006618812831056031e-01
3.683210582433598113e-01
4.992584560446385322e-01
4.411999130546664927e-02
1.948819497411259372e-01
-5.421771909803084766e-01
-8.028800252570611473e-01
-5.106242332555854802e-01
-1.330395221598932864e-01
-6.050522292002080693e-01
6.266625850782697738e-01
-2.955117334988453526e-01
-9.359430915866794043e-02
-7.782887364631728699e-01
2.043021213361844168e-01
-1.000000000000000000e+00
-4.244543122678419711e-01
9.699938202027676981e-01
4.232247057018131420e-01
-3.070160570013890644e-01
2.335052108769062329e-01
3.585203458353719008e-01
-6.612715822495655038e-01
-1.000000000000000000e+00
-3.847001829355216340e-02
-8.022197737510197157e-01
-2.598716592859822150e-01
-1.000000000000000000e+00
6.198279786104774480e-01
4.769740399633684569e-01
1.529114895421305742e-01
-2.830404452286641726e-01
-3.207157476023794252e-04
2.984694846887163688e-01
-2.334346480914013533e-01
4.786189335212867602e-01
-3.498608132422008094e-03
3.649063068344970961e-01
6.362570596137669954e-01
-3.304214611194868922e-01
-8.546400135683438481e-01
6.629366116510629903e-01
9.837613158831430837e-01
-5.721097912798907004e-01
8.738083080844009920e-02
2.429210207978837743e-01
2.852971546005338421e-01
9.922984586215524150e-01
-3.643276217734666145e-01
8.844235587151260125e-01
6.063058650160071394e-01
-3.790538046592646371e-01
2.371011230761543576e-01
-2.746121039749336856e-01
4.753425320082690919e-01
-8.565927543673399480e-01
9.293683045149447874e-02
-2.269799310731292485e-01
3.588646086154504561e-02
2.148045148126303538e-01
4.865802170001639615e-01
8.839276170457702198e-02
2.995377824802443190e-01
3.119082057015604148e-01
-6.332932434234033181e-01
6.010740884150290730e-01
-4.597676817656206616e-01
-8.644620355671740475e-01
8.409621608805074588e-01
-9.967608523556026334e-01
-9.413748382573141615e-01
-9.984550293831723211e-01
8.237304885560321477e-01
7.364125348628175471e-01
-9.706261069515288442e-01
3.836011849897594805e-01
-6.084181291066588226e-01
-6.911766457097954230e-01
2.755224088345007982e-01
8.653499700531117611e-01
-5.919431136701078233e-02
-6.516296183548111465e-01
-6.553087102489367766e-01
5.144682347010949737e-03
9.998354835885259195e-01
3.934584955863827394e-01
-8.353344314134020232e-01
1.000000000000000000e+00
4.007309656620462457e-01
2.385669397639584854e-01
-4.458560824672849754e-01
-8.638197056761606762e-02
-9.052106581279248387e-02
2.114552435898854887e-01
-4.209605933517336362e-01
6.667542675646498385e-02
-1.056986844976758599e-01
8.875782348364716912e-01
5.364141756088505186e-01
8.889123047354330343e-01
3.699358968844412843e-01
-2.343628706030258801e-01
-8.919130636936372092e-01
8.968481160905410476e-01
9.044241327376996153e-01
5.982306488482637130e-01
-3.594404702249744121e-02
3.564603651121708849e-01
1.000000000000000000e+00
6.580170544577733649e-01
-2.131519736440529722e-01
3.214867917227371974e-01
5.466317010107835106e-01
-9.328184456203461594e-02
-2.334895896881304389e-01
7.004143911711266379e-02
-2.542162461443865373e-01
4.622817485357147427e-01
1.099498034933975854e-01
-8.115480609072533991e-01
5.026295093230088717e-01
-3.724769302753849209e-01
3.047354693408099724e-01
6.605561445987726543e-01
9.705339755374793320e-01
2.959917492730079758e-01
-4.522148189516582706e-01
-1.832130165890955009e-01
6.752968387047598720e-01
9.018643789795846022e-01
8.145686529138058685e-01
