1.874023585373071066e-01
-2.297142264559534630e-01
-9.788556648944194416e-01
-3.474790333567908535e-02
2.164414525993655913e-01
-4.097555125487840205e-02
1.217828042014289097e-01
-2.516162005136831636e-01
1.197990359364839996e-01
2.529829833771440328e-01
-9.766384345268812328e-02
7.883859795536221071e-01
3.072502250594353890e-01
-1.167753758577988465e-01
8.270215662903372678e-02
2.037717076122387908e-02
8.185111802161961769e-01
-6.960617179130397236e-01
4.337024485128520013e-01
-3.090347906438034586e-01
-4.628307168686571771e-01
-6.507595891594727955e-02
-7.156833358539788081e-02
1.000000000000000000e+00
-2.752978395773248987e-01
-3.094340549478691860e-01
-2.878626057794617665e-01
-3.035683097813621778e-01
-3.245490289226856118e-01
5.455426134568405749e-02
-1.392100274063508003e-01
8.666114463086052044e-01
-1.641900048309970772e-01
-3.630876798603275835e-01
2.787683917613765355e-03
-1.541060451246972218e-01
-9.792582444511394035e-01
-1.000000000000000000e+00
1.000000000000000000e+00
9.872216217867531285e-02
6.770001302032481183e-01
-2.130723056584778452e-01
9.214013414082025122e-01
-9.495242262578140746e-01
-3.653000486563037219e-01
-8.957837429051381806e-01
-3.304390920549941657e-01
9.574476455458387492e-02
2.817203186631152961e-02
2.790873891334645363e-01
1.000000000000000000e+00
-4.701536484480530187e-01
-1.206172412327275595e-01
-3.274637763563484349e-01
-5.451847309204915781e-01
9.347422127385911494e-01
1.000000000000000000e+00
8.243493378806268090e-01
5.135240797088952425e-01
-1.688005420846790811e-02
-3.504522476219470439e-01
6.723687581741116803e-01
2.697071473991618507e-01
4.223725199438075339e-01
-5.953737049362255451e-01
2.141170013018557361e-01
2.152729103067077543e-02
5.448753422683972891e-01
-1.524214894539702436e-01
9.663595735477938931e-01
7.228449266730212208e-02
-4.055048467188431260e-01
6.307666803133948896e-02
5.143441605800866956e-01
-1.754669137923266231e-01
-8.294179468013012091e-01
1.180671942091549576e-01
1.000000000000000000e+00
-9.339656427005779138e-01
8.799377375823165259e-01
-1.000000000000000000e+00
5.329812185019884296e-01
8.513855473276608077e-01
4.884311491283680473e-01
5.519358599120283149e-01
-4.358788413618441271e-01
-3.656932235887293964e-03
-4.613584466574082166e-01
1.692959797768181507e-01
-2.298048041520455720e-01
-2.770296318624241305e-01
9.705751141617662003e-02
9.200592825434766864e-01
-1.000000000000000000e+00
2.658697521391125140e-01
-1.000000000000000000e+00
4.363588261013220393e-01
-6.015428459070627509e-01
-8.367139993438715839e-01
-2.503521310740206007e-01
-4.284928184022476771e-01
3.662094872078199836e-01
-5.632758330044661532e-01
-6.277555778314005686e-01
-1.269893641893029834e-01
6.929504855347199399e-01
9.929840553648054957e-01
-3.997977374035609488e-01
-1.757681166038999043e-02
1.000000000000000000e+00
7.665037450627952831e-01
-2.100795716285324410e-01
-5.076877174017089267e-01
-5.834717863131783089e-01
5.355667783629399770e-01
9.991988666461092405e-01
7.430867141874168968e-01
-8.765991924501965737e-01
1.847569902170594081e-01
-3.637218405093852747e-01
-6.542724555862518276e-02
-6.778823659379542566e-01
-4.287551753465344839e-02
-1.000000000000000000e+00
-5.761427892342867452e-01
8.342428294388526400e-02
-3.506947613951312825e-01
-4.331406793299726887e-01
3.139914506657816573e-01
1.523420495380450324e-01
9.773434901833104593e-01
5.910460014359780745e-02
4.764639659842187513e-01
3.802546759948555177e-01
6.014518149078729170e-01
3.903482860875273630e-01
5.028897908282213836e-01
-2.124899275188357473e-01
1.806800592461184352e-01
-5.343396884477455977e-01
-8.028381408234069871e-01
-5.106846226252830245e-01
-1.309111469800082750e-01
-6.023552800798039897e-01
7.850579259946213195e-01
-2.955901787139346149e-01
-9.328714406532806480e-02
-7.634376777380740275e-01
2.043875862147137012e-01
-1.000000000000000000e+00
-4.185243886195121887e-01
9.927975888623026268e-01
4.237458737798118769e-01
-3.071459509935325349e-01
2.333963660395995676e-01
3.584675113176648553e-01
-6.463751663442873774e-01
-1.000000000000000000e+00
-3.950282382701293671e-02
-8.071044704543427484e-01
-2.593548418060637739e-01
-1.000000000000000000e+00
6.198470902228507828e-01
4.761889330897964845e-01
1.528325355510274097e-01
-2.712426410210246330e-01
-4.641867266492565036e-04
2.971748075834214631e-01
-4.063875405523552642e-01
4.772779245206287269e-01
2.054889545107673257e-02
3.712421378581285403e-01
6.393170542588337835e-01
-3.286624861538303688e-01
-8.568821133039813409e-01
6.238944420704546356e-01
-1.000000000000000000e+00
-5.694097689211091717e-01
1.320665137711860004e-01
2.466128101009324447e-01
2.852866398892568434e-01
9.916906973630329469e-01
-3.685255589332027126e-01
8.844232090666381829e-01
6.067298523902124874e-01
-3.771436446818155486e-01
2.371876257165466129e-01
-2.621052819738335371e-01
4.895889085011084219e-01
-8.638835097243955374e-01
9.273403808688313044e-02
-2.196176759349558749e-01
3.489319847657857548e-02
2.946101519791187728e-01
4.868389665267666144e-01
8.627932269160287770e-02
3.606328054054793730e-01
3.118706764937890230e-01
-6.364864544074395614e-01
2.651425210134601973e-01
-4.606408837116837685e-01
-6.877646214393523527e-01
8.407611850488603267e-01
-9.956005587817874369e-01
-1.000000000000000000e+00
-1.000000000000000000e+00
8.237213677313227622e-01
7.150031889274153230e-01
-9.973938578378629405e-01
3.836891342292416685e-01
-6.066674690768991685e-01
-6.764958077433999017e-01
2.757644043826191216e-01
8.656346704514503720e-01
-6.044999650870422347e-02
-6.518527324375812393e-01
-6.893269621519687584e-01
1.060653956594053045e-02
1.000000000000000000e+00
3.949257482963285937e-01
-8.263479840810956656e-01
1.000000000000000000e+00
5.352668055265186187e-01
2.385670588930715041e-01
-4.792860764114087457e-01
-8.635145399326248083e-02
-5.583289673619180188e-02
2.129725195436198426e-01
-4.234419613427816143e-01
6.713191046875881252e-02
-1.039622693594284136e-01
9.189094252227303361e-01
5.387765249178709803e-01
8.889932659649943947e-01
4.512266530877102055e-01
-2.393099824480623139e-01
-8.910398293410781712e-01
8.992882404564372933e-01
9.065555807004692657e-01
5.982373217760159623e-01
-8.101231574043073203e-02
3.564642211303272190e-01
1.000000000000000000e+00
6.573006292104623949e-01
-2.102051685821202109e-01
3.188845063950670466e-01
5.477083602081695979e-01
-8.503506833618550143e-02
-2.334825746379355360e-01
8.312066266315984442e-02
-2.516655990791915043e-01
4.942041846999235544e-01
4.807608721965245246e-01
-8.111019574740113702e-01
5.935267340055173646e-01
-3.657041868573956411e-01
2.958138390685853825e-01
6.597941440235157717e-01
9.719013153671118843e-01
2.960649142146888346e-01
-4.531459777767635200e-01
-1.587063833076552133e-01
6.750970703340023471e-01
9.031350702292326726e-01
8.302554132158015410e-01
