3.045499690372288071e-01
2.149125481211214272e-02
-7.226299082747771330e-01
-5.344196448284029843e-01
6.366906193158967664e-01
-5.777735078065288771e-02
-3.744416579886732099e-02
-1.827725832402130601e-01
-3.484198042136600337e-01
-6.477535369017861644e-01
-6.992485800418130060e-01
-7.199071473311535740e-01
-6.024109753667923339e-01
-9.965944567194893189e-01
-7.112287701463106959e-01
-4.140477237652604448e-01
6.886239071055892669e-02
4.667582818703884806e-01
1.000000000000000000e+00
4.879223232001368982e-01
1.000000000000000000e+00
-6.257035456316187849e-01
-1.000000000000000000e+00
9.415789720807747898e-01
-1.660850722119244505e-01
-4.069479561838111603e-02
-1.405933037565759991e-01
-2.021316425685583673e-01
-3.671667985995331618e-01
-4.708656072902343004e-01
6.314667213015336955e-01
7.477767573816885838e-01
7.852719282401257050e-01
-5.211246206005749892e-02
-1.197305102995034620e-01
-2.475234482136469683e-01
4.631823570576526494e-01
2.042183179200564580e-01
9.792883384737361974e-01
-7.117273286225668238e-01
9.612869275056041829e-01
3.192654042458581420e-01
-1.357826960799113358e-02
2.168213565537749077e-01
-4.423639865902931345e-01
6.276783555763989497e-01
-8.619427961466333832e-01
-1.737769349442180866e-01
-1.006715070530208866e-01
-7.395361629219948663e-02
2.949766340251679386e-01
1.495882911732814846e-01
-5.502233787299579681e-01
-9.616892052742576080e-04
-6.081455248366970379e-01
-7.711995094397978701e-01
4.479676958053419589e-01
5.299959097708079048e-02
-5.588483486559894797e-02
4.891471609191514469e-01
-1.000000000000000000e+00
-5.767982255461485686e-01
-9.252015488489284678e-02
-1.862724545310489033e-01
-6.424824564890641021e-01
-1.337229027940334547e-01
9.214290863093289596e-01
1.335316251607390481e-01
-5.690215706055637979e-01
1.000000000000000000e+00
1.000000000000000000e+00
-1.285770959385134637e-01
6.795271293444182792e-01
-3.341061316252943308e-02
-3.064984659476399087e-01
-2.259661188937966692e-01
-4.592091182567142327e-01
-8.098121526350469113e-01
8.264981028113332906e-01
3.892114080904485185e-01
6.239588311510074758e-02
2.637092219324043141e-01
3.182584369696055404e-01
3.818064845845786648e-01
1.736694667593499664e-01
-1.967303638218031725e-01
-3.612842409153823042e-01
-2.631143372377934830e-01
-4.471967178250297881e-01
-3.667355296255440100e-01
-1.933238555306144302e-01
-3.073155841119429299e-01
3.693381055500771781e-01
-1.000000000000000000e+00
3.308803921823194605e-02
-2.589392630311578292e-01
4.240322666065254875e-02
-2.824653427516883863e-01
-2.409610358037918287e-01
3.776961900380697013e-01
-1.289043730680669297e-01
-9.328790901624078868e-02
-2.145854088801778525e-01
7.927250711089208757e-01
-3.833974666585833468e-02
6.872783573198327778e-01
-6.838863620587279923e-01
2.797286354849050638e-01
4.149582782464917852e-01
-3.756683725761609804e-01
5.492091618752159565e-01
3.070266728290130254e-01
-6.290038481741228038e-01
1.958362067035953058e-01
2.993641851035500068e-01
2.335728365021828012e-01
-2.723945057294531735e-01
8.274193432738635723e-02
-1.390481201393856947e-01
1.533540626280631425e-01
3.665521323169296797e-01
-5.767326705467947789e-01
-5.071847272772140869e-01
4.245862971214695025e-02
6.601429716987426977e-01
3.470212620225524014e-01
-5.625142286751474430e-01
5.523913186814601861e-01
-7.111241145166001809e-01
3.340040198992133558e-01
-4.569560673476105173e-01
-4.306054755206595308e-02
4.017668254347288581e-01
-5.534607560583908459e-01
1.000000000000000000e+00
-5.168671069679789953e-01
9.703284983145252784e-01
2.862473215130352244e-01
-1.160026343575753793e-01
3.361206742245631540e-02
2.300601127135656343e-01
-5.016567071610653628e-01
-2.285733705697128304e-01
-2.956296314600540542e-01
-6.345221542540198101e-01
-6.190718438437887716e-01
6.472617456120679513e-01
-4.212536949065784353e-01
4.110564492363487643e-01
-4.569908415857780737e-01
2.186807296372355047e-01
-8.886212321247159984e-01
-2.273467888761052658e-01
-8.192463170741669520e-01
-1.000000000000000000e+00
3.490593106318103794e-02
5.949191469178471969e-01
-7.806731304051098275e-02
5.383831316816122259e-01
5.477795949920938323e-01
1.515173281190287935e-01
3.985799235749548641e-01
-4.276782298661007120e-01
4.777172422997053580e-01
1.000000000000000000e+00
8.417013387662106716e-01
3.688750276261347771e-01
-3.228906994725936341e-01
1.511512768208188029e-01
3.640196437118222716e-01
-9.727183651811265319e-01
-4.137641203558184433e-01
1.000000000000000000e+00
7.547100888382509698e-01
6.161994149920446695e-01
-7.444843012129911397e-01
-9.046494191646233807e-01
-6.771640015604175715e-03
4.682190016480985428e-01
3.727372989897287936e-01
-9.398156468546625675e-01
6.444888774877346460e-01
-8.039220942209377441e-01
3.616505377095929341e-01
3.425319974193870298e-02
-5.352452761758180744e-01
-7.958580250297857539e-01
8.746859980661063627e-01
-8.482216179086563002e-02
-4.872947636254193471e-02
-7.009654704963574900e-01
1.000000000000000000e+00
2.286992871215316192e-01
-1.449318649093738476e-01
-1.000000000000000000e+00
-6.261604903622584040e-01
-3.442611630715741722e-01
-1.364427578295020482e-01
3.867277110054457290e-01
8.972465222562592269e-01
4.983010002040752506e-01
-5.161332914636248548e-01
-5.510763468363144568e-01
1.362035873976476241e-01
-5.265124765267915619e-01
-3.006671142866151336e-01
-3.032053471640778763e-01
-1.116302705196015321e-01
1.000000000000000000e+00
-6.220088066229944035e-01
-8.251493156830393971e-01
-7.012044649796140838e-01
2.421297695451509746e-01
7.690901018444982196e-01
3.467897497933637441e-01
-5.906669941583114758e-01
-1.935419723304377393e-01
-9.519382845649468905e-01
2.091140022528223674e-01
6.673557135353214154e-01
-3.760707519276783595e-01
-3.203856040327904831e-01
7.162220119518956096e-01
7.052085817218206598e-01
-5.204175204483514339e-01
-4.611671688071716790e-01
-5.274676857135307539e-01
-4.725220479326320278e-01
6.399716283355937063e-02
-8.143810886995237475e-01
-4.744675948020047884e-01
1.000000000000000000e+00
1.000000000000000000e+00
1.057688300949117116e-01
-9.385420221341124192e-01
-4.408125307947704380e-02
-1.507299522109447308e-02
1.000000000000000000e+00
5.455627060135735951e-01
2.130775295088160187e-02
-2.338018887139356738e-01
6.592472602044097130e-01
9.772650209305607794e-01
5.776769154389957972e-01
1.000000000000000000e+00
9.101524135558149986e-01
-6.158516904279446313e-01
7.412755957241311533e-01
-2.334207264408010019e-02
3.804632086041563888e-01
8.751220823622665179e-01
3.391085320646489154e-02
-3.167636081625291311e-03
-4.398509560031767240e-02
-4.202611882535285948e-01
-6.423701752617880789e-01
9.072053344919739359e-01
-4.433305728662770284e-01
2.858156235133598733e-01
1.213907181381404382e-01
-7.484987527300294152e-01
-4.537489476773503561e-01
4.453031344965247551e-01
7.046875952144792121e-01
-2.141046685024544094e-01
