-4.690272642659979452e-01
-8.922945608030199427e-01
-8.063054603648425189e-01
-1.811643435252100268e-02
5.586786217894230688e-01
-9.737714588614125866e-01
7.734966221955645871e-01
6.594875249193256073e-01
4.131131459242660675e-01
4.637189638856499818e-01
-7.485710347412153354e-01
-7.940193381491583713e-01
7.214435785601571727e-01
-6.175455824249876935e-01
1.428117247709355664e-01
-3.797972223249318491e-01
-3.632906053189559614e-01
6.534338601170021077e-01
7.831569015504447062e-01
4.914143070818409731e-01
8.776175865346244054e-01
8.344195356727888147e-01
4.480910533961136588e-01
7.221288583775533620e-01
1.190877964453777249e+00
-2.821525108302493923e-01
-6.907648534545104413e-01
-9.829501385967082117e-01
-6.420492547075627998e-01
-4.740095590853148355e-01
4.619048744804962192e-01
-3.927576967382489515e-01
3.952410125277970865e-01
-8.468501935440284623e-01
1.873159439537473159e-01
6.232535594071707541e-01
5.852630194125673091e-01
1.555374566663210445e-01
8.777833721140209100e-01
-3.700811990228718429e-01
3.136250018133474038e-02
3.461815278387391781e-01
-2.290400062658203562e-01
9.485266744086525703e-01
4.415173353766506104e-01
-7.854830021521497230e-01
-3.444221009915367504e-01
-9.435790997693631332e-02
2.668435801121590289e-01
-4.364115289620240645e-01
-4.900039353486603799e-01
-9.392058818917300433e-01
-2.208279592272429093e-01
4.013744304117216055e-01
2.602784673369637480e-01
7.678308910601316928e-01
3.675032632349143485e-02
3.775363465702246124e-01
-8.307476930827540906e-01
-6.244660862418992958e-02
8.336684479577778362e-01
-6.368675481277602524e-01
9.729928601324319137e-01
5.243921289705796296e-01
1.085277897484489967e-01
-3.290660775181118991e-01
9.660492201082537811e-01
-7.359398898870244121e-01
-8.907349133010435960e-01
6.605562955518309298e-01
-9.544299028020248876e-01
-1.945958335486111523e-01
4.348684843002045136e-02
-3.702496292993066040e-01
-3.893979334125931002e-01
9.207572591553714325e-02
4.640517368651531638e-01
4.353798497351701879e-01
-8.789077649226936240e-01
-9.572893126622270543e-01
-1.993204009611376781e-01
2.075928450660273483e-01
6.060492515415397685e-01
-2.175525816946001501e-01
-5.047334633251310265e-01
4.330452472529823238e-01
4.377589888785816258e-02
-1.324106599831618991e-01
3.423157951903936791e-01
-1.353928240363272972e-01
-2.864141921354725895e-01
6.760119414330836296e-01
1.012207878101643033e+00
2.628568164438140897e-01
7.246578487711833327e-01
-9.259396666617443206e-01
9.644754626020384247e-01
7.216524205821592819e-01
-2.674827356595781969e-01
-1.611800260849389488e-01
-3.976494252014722841e-01
-1.359832553359178325e-02
-4.319195374255271891e-02
5.007312886608414892e-01
2.204767053712685665e-01
6.185024538625213397e-01
-5.952047369785626874e-01
4.642301469796709101e-01
-8.178639625946360070e-01
-4.362288045534735703e-01
-4.982045657151824569e-01
9.137941507340648917e-01
-7.136477155648947024e-01
-7.784122781629487786e-01
-6.086739180628397694e-01
-8.962931228548725038e-01
9.100725591098319800e-01
-1.083796357712186603e-01
-9.314339765672996485e-02
9.091403619084579280e-01
-4.414560543300242168e-01
-8.907008243515638357e-01
-7.687268832907111493e-01
-4.332092872300962183e-01
-5.210146044043304642e-02
6.954166221667623660e-01
-3.525458042283398652e-01
1.048368723182032447e+00
-6.231199245659623243e-01
6.807871582409626976e-01
3.494312578780124356e-01
-9.550802005260358163e-01
1.846349115259661167e-01
-5.546795865263947078e-01
2.243034605135540149e-01
8.249058224690618280e-02
-9.572520484093478554e-01
-6.081745806689324851e-01
-5.053161687143016279e-01
3.866387808351225419e-01
-5.393380853968847699e-01
9.349635681653509917e-03
4.212645510090846646e-01
-5.642309586982341418e-01
5.911595147898490721e-01
-6.505676774381478067e-01
-9.713992203995397423e-01
7.664561441107035078e-01
6.326648405116757079e-01
-4.003752352666811731e-03
-4.281402433532089935e-01
1.148265517104736372e-01
3.091968076613204053e-01
5.254777043842913109e-01
-5.988996747347958838e-01
-9.211803683246246877e-01
5.010913500792378850e-01
-9.630115250547408579e-01
-7.857985606389352728e-01
-5.607292739218223687e-01
2.213605134638483851e-01
1.675744738539836909e-01
-6.556594745668204993e-01
4.798291330919021158e-01
9.584119030068363743e-02
-1.919658561505313832e-01
-9.211360859880044494e-01
7.546336594471276804e-01
-9.896284411853351753e-03
-5.681603575403555428e-01
5.100776429516654664e-01
-4.872643897775008615e-01
3.232630921867447049e-01
-4.529566127282692589e-01
-7.407257150896708886e-01
-9.434284942349805414e-01
-7.133174901720588101e-01
6.100847075697812816e-01
3.889043627881820786e-01
9.531408922839135212e-02
2.387905397649062178e-01
6.060105196947782602e-01
-2.986229311614667647e-01
8.093341806457193810e-01
-1.074673264894926150e-01
9.635259906048262435e-01
-3.542585441888745912e-01
-8.680165705678060117e-01
3.681333143466580110e-02
1.018032732312524336e-01
-1.375417857014815670e-02
3.940961096863535573e-01
3.087345435627388834e-01
-3.434426213336249645e-01
3.059523546589552057e-01
-8.959721272215676047e-01
-7.507187351863133795e-01
-8.562826474055323933e-02
-1.549577951353870364e-03
7.815679576960166131e-02
4.766280265371874991e-01
6.205855599991057930e-02
8.670981007947873298e-01
3.257693868042512708e-01
-4.003088438062715748e-01
-1.663347971371697265e-01
1.893920148057275099e-01
7.291590767486122449e-01
1.404834779104285614e-01
8.913565823741678162e-01
8.258625738973532915e-01
-9.252255600178377337e-02
9.567159766758949468e-02
6.712062537169183329e-01
6.381634819865888986e-01
-8.787902526161479599e-01
1.092386140586342480e-01
9.884157508042059614e-01
9.341545032223208533e-01
8.128576803968272646e-01
-5.145453448606834845e-01
-3.480425309361439012e-01
-4.239627158809922136e-01
1.972306360473508602e-01
7.052966636881826679e-01
-4.457086897448874208e-01
9.907141845070861763e-02
8.001045334245165952e-01
-9.162448612762530420e-01
-5.860805692618821228e-01
9.572454545070040177e-02
-7.906114095567408073e-01
4.010125112708112227e-01
9.541205506073804354e-01
2.403245944277965784e-01
3.598035008059687068e-02
-8.318889829007339309e-02
6.798981500499570729e-02
9.460428114654202414e-01
-7.900179187798299640e-01
8.063503641323903626e-01
7.218106517395523891e-01
-5.607882875801004641e-01
-1.008053504414579304e+00
-3.026698750539567051e-01
7.795644173051187176e-01
-2.772882810690568967e-01
-8.569042620764558693e-01
3.970019511300182380e-01
7.602396423490755950e-01
-5.582465114068990708e-01
7.471007838369677634e-01
3.427629701439122711e-01
-2.531924524088050577e-01
-3.150093049074819129e-01
-3.952470185757701593e-01
4.703742409162311455e-01
2.414130262472023447e-01
-2.133856729192414731e-02
4.657192616568353594e-01
-2.484906196530581313e-01
-1.084133205116515342e-01
-7.033501761346918624e-01
-6.173746630231689153e-02
-3.167308749338720308e-01
