-4.532795080044631497e-01
7.223808814016778879e-01
8.115038976075688026e-01
5.416899969324522335e-01
3.359897126943649504e-01
7.883909432453737320e-01
5.789797486769415746e-01
-2.920684098362975600e-01
-9.985370120233409974e-01
-2.606479165398411027e-02
6.247883398535341026e-01
-7.513124755703459723e-01
-2.999360848373652105e-02
-3.946452014507675354e-01
2.765634529804510411e-01
-5.166763720110922886e-02
3.855881001435002009e-01
1.048779793318414200e+00
1.204558381566297742e-01
-1.726150201896228698e+00
-2.915676299767128166e-01
1.179724994448963837e+00
-1.068366716023425589e+00
-2.706431353047332733e-01
-2.669734111819480060e-02
-1.897269787835079713e-01
4.990498341654070469e-01
3.667672521233951155e-01
-9.286976508949180698e-01
-8.847528501714943538e-02
2.338120410376594904e+00
6.594790904329315140e-01
-4.677440510505114779e-01
-1.944016757589339672e-02
5.932360553133402270e-01
-1.377982083759090592e+00
3.332705270329091585e-01
2.108905592054036049e+00
2.567484750308599573e-01
4.254215007398115533e-02
3.559189141646943444e-01
3.322162783261433106e-01
-4.963858181396045843e-01
3.089226862627160175e-01
1.854165229525052971e-01
2.215312463033940749e-01
8.074622324409035379e-01
-2.455995199012473984e-01
5.043155184644584205e-02
-7.637210847472827857e-02
-1.650592170019725469e+00
6.138250469270400966e-01
7.624826304666429966e-01
1.118145837653091945e+00
-5.501298004364884031e-01
1.413955535191553925e-01
2.307423064598695284e+00
-1.763683261842686090e+00
9.222709983289369973e-01
4.183874211759844863e-01
-2.006481739134862607e+00
-3.445560869299639783e-01
-4.915964074165465325e-01
6.114959845709884156e-01
6.316656256277888293e-01
5.453434793275206971e-01
5.656208279649826975e-02
1.431226429751647711e+00
1.282531779746312495e+00
-8.789506618929805448e-01
-1.135889803099358886e-01
-8.631617274063815848e-02
-1.767944559063151955e+00
-2.454120899481462836e-01
2.530639918808708089e-01
-4.225384813552051089e-01
4.056453567841279417e-01
-1.479242913872573117e+00
9.440079269263526029e-01
1.948064352816234468e+00
-1.309544550422632847e+00
-6.448280904236546581e-06
-6.318129698402491501e-02
9.631837341368389982e-01
-3.791621013412382335e-01
2.427756752910669169e-01
2.796024742231393301e-01
-4.590704796716397196e-01
-1.113571926643794008e+00
-8.717393378217015432e-01
2.166609199323253354e-01
3.305529835246492909e-02
1.306307016138081867e+00
-1.001371275826231866e+00
1.772609269684550237e-01
4.734484272099294122e-01
1.596219468135185782e+00
-7.551506197552524391e-01
5.377510088279502387e-01
8.462380508386480038e-01
6.201814460803799500e-01
-9.181750249844214951e-01
9.199007967583139322e-01
-7.666791211861065936e-01
-4.120456421906387168e-01
4.049029728868645539e-01
5.931081473185960684e-01
-6.955893932390400103e-01
-6.462689977948232745e-01
7.294266473330386358e-01
1.891089713126626048e-01
6.824701533762136396e-01
-1.871740159413734839e+00
-7.594267928304625492e-01
-6.221520206892616756e-01
-4.698694318850989760e+00
-5.688002685196016373e-01
5.262778470254330099e-01
-5.152936509564916001e-01
1.961787302781443365e-01
-3.552943473848856060e-02
-3.778550918550341309e-02
1.426502700270593227e+00
6.868114238190850540e-02
3.101684260000334703e+00
6.535723305592888721e-01
5.786119147250907702e-01
4.258096575505767589e-01
6.934528739702860989e-01
-3.003772207155708807e-01
-1.727791656189142877e+00
-9.121687329502052854e-01
9.285154324976057083e-01
-1.772966111583867271e-02
1.093919225066235068e+00
1.708998951138867461e+00
2.208111224926900262e-01
-2.310596952445096441e-01
-8.844239100781945417e-01
-1.998734751420425115e-01
1.618241885406182856e+00
6.983399118744857414e-01
-5.293127656370077982e-01
8.801073479864456317e-01
-8.783413807736140111e-01
-6.990261778669746295e-01
-9.029619549620848673e-01
3.335621786389251220e-01
-2.547097850381528916e-01
-6.383001255172604527e-01
-6.585431695465995272e-01
2.773094141246431610e-01
4.987714445045736689e-01
-6.846048760860369287e-01
-1.167227790865615678e+00
1.779332375077372352e-01
2.015107825317071222e-01
6.269418115818812254e-01
-1.032407607305502850e+00
-1.105991808497914342e+00
3.544281563630182763e-01
-1.002252119003732123e+00
-1.359464339429871105e+00
-1.920885851092380969e-01
1.012173223589830362e-01
-3.246618320723927420e-01
-1.049300397350354658e-01
1.893990199299253607e-01
6.859671869061953475e-02
-5.670736293279061285e-02
6.473586661464882930e-01
1.609084412733820635e+00
3.320641500780487365e-01
3.551593979760391262e-01
-3.371433492829359890e-01
6.130476002189004792e-01
2.466985805441481577e-02
-4.401309676053033471e-01
1.327671873297819216e+00
-3.367864967820510813e-02
2.596112665067744629e-01
-1.370162779897689642e+00
-4.332005656988670017e-01
-5.758526671054835511e-01
9.729352973072464827e-01
3.146574853639217961e-01
-3.952025655767428258e-01
8.088291697132771185e-02
-1.155706340691453060e-01
-3.275845348970819471e-01
-1.095366411375884585e-01
6.822672480820570762e-01
9.729047188983774852e-01
8.409534652831041068e-01
-3.901845029806635945e-01
4.023894001087670036e-01
6.439563653146891387e-01
7.449788770439538244e-01
8.175058302128508370e-01
-5.222671595366985553e-01
1.217780394174681202e+00
-7.268967014654126313e-02
1.889633265070548518e+00
3.424234434191106846e-01
2.629171428284856615e-01
5.466074505424938224e-01
4.554106196292748154e-01
-4.731595262283342374e-01
-5.209841196292670507e-01
-1.204836881891072908e-01
5.688788027380239365e-01
-8.941293328980571831e-01
-9.386331235580694377e-02
1.066078596072432549e-01
1.850448267454876561e+00
-6.737400617058683094e-01
2.278645524226643460e-01
6.105075486264810447e-01
1.231709888958398835e+00
7.269524534681737205e-01
2.308177061816659714e-01
-9.217287981299418509e-02
1.784275061680518526e+00
2.038915190042396297e+00
7.659978044424728960e-01
-1.714427069474908194e+00
1.159385658653217521e-01
-4.125766882121175705e-01
-5.103462298275762699e-01
3.341001324051489085e-01
2.921560135503744604e-01
-1.367104852675528615e-01
-4.584930794328080927e-01
1.654893250354851630e-01
-7.336827929959932604e-01
-5.079132586893797541e-03
1.391426969517696843e+00
2.225448463071622918e+00
1.989301882966913571e+00
-1.137183087944462656e+00
-1.071541919202460280e-01
-4.043518247653660747e-01
7.588180313070185257e-01
-1.389703607930730112e-01
3.814435665031215561e-02
-4.009598737842032801e-01
-4.331576298082369103e-01
4.948744865967552586e-03
2.941236524439348798e+00
-7.129001785215247633e-01
9.639640640486191181e-02
4.801235363194193972e-01
4.558175319513078083e-01
1.235181163875187504e+00
3.214239002732449668e-02
1.292473601635840408e-01
-4.064081031708142722e-01
1.980278253041485859e-01
5.151977739789661559e-01
2.102481428593057089e-01
-9.994519321737782569e-01
2.147822617997255934e-01
4.745196392188134049e-01
5.250952946135428734e-01
2.170737408703392601e-01
