8.707134339911355436e-01
7.506979571044292143e-03
-4.927851724014118417e-01
-7.391194867021659842e-01
9.711500141470352787e-01
-6.767670858420460345e-01
-1.979693090350953533e-02
-8.542516338582921698e-01
6.213859543263209329e-01
-4.429231879104866820e-01
-4.157221451553090308e-01
-4.771502941870426895e-01
-8.130263445040597503e-02
5.393276382532363744e-01
6.569333429202961483e-01
5.894767785014121131e-01
3.950021030843788861e-01
-4.926487434780466579e-01
-5.960027830052856412e-01
-1.544759518331371151e-01
6.490913319706370643e-02
-9.101795538331214352e-01
2.702987453295349063e-01
-5.138288695878932000e-01
-7.796046566165411029e-01
-8.065375455296550644e-01
2.631231294363178819e-01
2.044555423241989356e-01
-7.294567472652673246e-01
6.315593615228092261e-01
5.618985842980062095e-02
-3.389508806985046530e-01
-5.199229359540007422e-01
-8.624069418966224809e-01
9.164155803994826766e-01
-1.040838938065755670e-01
5.092195847431846278e-01
-8.428487467888534646e-02
-5.455645590502100628e-01
-2.325270966649499726e-01
2.712233831584809352e-02
6.748987581557766013e-01
5.805759970528303615e-01
8.711586171791430022e-01
-2.214379466151226161e-01
3.851850041881528242e-01
3.332614258169219745e-02
-9.569524729417859810e-01
-9.933539050902338019e-01
-2.770469610719552556e-01
-4.782530961233650846e-01
-7.254328881104894489e-01
-7.487423841829019544e-01
-8.208787418155951698e-01
2.082537775340569386e-01
-6.423657352875857818e-01
-6.402182756870076208e-01
4.597307495773224062e-01
8.299991968378814811e-01
-1.443978051610224078e-01
9.990663874324692273e-01
6.850403331583567734e-01
3.607632274493677293e-01
-6.877676811606887597e-01
-9.690403834504917047e-01
8.797497399475444624e-01
1.008204637783736146e-01
9.867511438946081626e-01
-5.845930040843474451e-01
8.878223603015196197e-01
9.788702129081661152e-01
-1.089969870892564252e-01
-4.921332117060295275e-02
-3.693987021769025159e-01
-4.848058546447659989e-01
3.544491624196910440e-01
4.606465758791964404e-01
-9.314076378478697293e-01
-9.041430506672065714e-01
5.213135054414670400e-01
-9.584896538948657341e-01
4.447599883360631168e-03
-1.632911223653308319e-01
-9.250639752266731630e-01
-3.025462071555486965e-01
4.069496059523440845e-01
-5.698638983296051563e-01
-2.568832490663068846e-01
-1.903536675591896987e-01
2.188978511464001464e-01
-9.824355661679973206e-01
1.830353382194394030e-01
7.601654241663038380e-01
6.862811162851820690e-01
-9.891238524338092919e-01
4.312253979263862558e-01
-2.108308391397084591e-03
-8.691336968134477647e-01
4.135793231621298638e-02
6.788195265637202436e-01
-6.134022538321466378e-01
8.446572936713456770e-01
-4.071100035690591312e-01
-8.135520090308778762e-01
-5.858233695172136990e-01
-8.960007244059526865e-01
1.259154526196777368e-01
3.228168627476570851e-01
-9.341728341653783296e-01
2.309799075221894427e-01
1.316880909319866344e-01
8.426457323763019147e-01
9.552407827947235752e-01
3.198640098168643586e-01
6.060024110707178391e-01
2.291719042942101936e-01
2.581005774966045330e-01
2.706019348657107138e-02
7.370963389295326351e-03
-7.287774363039463132e-01
9.092665127952930249e-01
-2.603157572040517564e-01
-7.195454306889434992e-01
4.001953140961809208e-01
-6.407507266800844814e-01
-2.576875227125576817e-01
4.307086103469817129e-01
7.341941181669584537e-01
4.437845536015654346e-01
-1.732394027257773139e-01
-9.068151136060713657e-01
-2.016153354102121487e-01
8.606020139947114789e-01
-7.229776238366525387e-01
9.455032324715568759e-01
4.486786600625316535e-01
-4.009234786666411310e-01
3.620566784790566484e-01
-3.427475936816855029e-01
7.711973445477771083e-01
-7.241153499323296217e-01
1.548514217228831313e-01
8.209000626371312226e-01
7.467973729470569477e-01
-6.545168848066782452e-01
-2.971802505769871594e-02
3.030234437263161773e-01
3.278100817499558506e-01
6.275966527906939874e-02
3.800220870482009516e-01
9.428072271318379549e-01
5.366017852065896321e-01
2.002095189218007221e-01
3.794710558272162970e-02
-8.406000670548479103e-01
7.956349114148708601e-02
2.472375403485644885e-01
9.425092755956510082e-02
-7.023854432401339665e-01
-5.515298948367790555e-01
-2.498716640389226917e-01
9.677045091000968657e-01
1.706634030863483087e-01
6.852914893219033132e-01
7.628430819281901698e-01
4.407358964905150334e-01
-9.631772099931070752e-01
2.804384638716836964e-01
3.286928878820793987e-01
7.542947650066178511e-01
7.462678069886350407e-01
-8.076439633531058426e-01
-1.953786491277933468e-01
-8.250726874791980414e-02
-7.988912415652560384e-02
9.255607746341030229e-01
4.945219564784260058e-01
-9.274088382934393415e-01
2.306012647513442371e-01
1.577659383413221317e-01
-9.561923804773273528e-01
4.124939416732209541e-01
-7.864141063987135638e-01
-5.107376771344176447e-01
-8.894871219100275450e-01
-4.652249767861529328e-01
-2.181942377143835099e-01
3.553428594316392353e-01
4.657838494117356731e-01
-9.042135437929257336e-01
8.700512783245009096e-01
-4.315780228422467779e-01
-8.033204361916788105e-01
4.540980999014956332e-01
-6.190566687618348496e-01
-8.763957753391093952e-02
-6.176268494893668581e-01
-7.682794852071750391e-01
-7.268380427992631176e-01
5.237979513089465744e-01
1.803528617545493429e-01
-6.442062677312181407e-01
6.723914756636917289e-03
-1.359150600646563678e-01
7.585513315991874173e-01
1.092834552418824323e-01
-1.128887614095981373e-01
8.623410345585551529e-01
-8.253969165020493826e-01
8.826994722905947555e-01
1.662444979271893164e-01
6.524010971687179694e-01
1.965779771283260313e-01
5.687323518466083083e-01
-6.937616706508973330e-01
-5.408828445205307034e-01
-1.659705630984631419e-02
-1.062022138238252200e-01
3.187451255431779096e-01
4.896015052798310396e-01
-4.218004517179803070e-01
2.509899843982812406e-01
-5.952388313727943192e-01
5.171614065177410069e-01
-5.107743312084560561e-01
6.940389534439685981e-01
-9.269505881333555131e-01
-9.420005570369796022e-01
-4.546504900262682280e-01
-2.122695549160007467e-01
-1.538645611359534815e-01
-5.828289899239327276e-01
1.531490639678043664e-01
2.213298114369437464e-01
-9.817464416259404913e-01
1.925466385895424626e-01
9.954362376438978810e-01
1.834833333936098931e-01
-2.557607436698328129e-01
8.696398477970610497e-01
-1.118233573478717435e-01
4.805460338303526591e-01
2.406886471294633623e-01
1.078697379328710237e-01
-4.149276569307680518e-02
8.880662688565887919e-02
8.226318548319564439e-01
-6.530865120844497884e-01
9.909505183874034451e-01
-8.498819790742559999e-01
4.484684499952040770e-01
-1.235121245274406476e-01
8.819756653650956402e-02
-6.943931230781210662e-01
3.416411216227166481e-01
4.976955112337393405e-01
-8.518285510667917837e-01
3.904752706084311242e-01
-4.750300566794563029e-01
-8.892944045775525996e-01
-2.660315325621103177e-01
5.395197814473307041e-02
-9.394347224507715310e-03
3.142493547141760324e-01
8.802437595875247656e-01
