3.416486628078228560e-01
-4.723360393020935577e-01
9.371459785657114683e-01
3.738494617526695318e-01
2.852683607486519168e-01
-3.213041659506045145e-01
1.000000000000000000e+00
-8.801013293378304736e-01
5.776402464480415722e-01
-2.446478392206609120e-01
3.903701331229230131e-01
1.064952878796626354e-02
-3.829663010440136350e-01
-2.175991353027296182e-01
-7.922903010444311001e-01
-6.907340483853823265e-01
6.483833857242853327e-01
-9.130489643650939735e-01
6.636621523799861588e-01
-6.047356511912581611e-01
8.951536702689271152e-01
2.989587093400128404e-01
4.049591824472781876e-01
-2.260067426834004578e-01
3.903518883037134235e-01
-6.589959097644693120e-01
5.153822896435645839e-01
3.647967445403155762e-01
7.738020178786663150e-01
-1.000000000000000000e+00
8.375823120303809155e-01
5.804151102180825639e-01
-5.223070383204893030e-01
-5.524970398199279265e-01
1.000000000000000000e+00
8.892717876417057798e-01
4.932127312517635698e-01
3.199840560885746643e-01
1.000000000000000000e+00
-7.697391533278112874e-01
-5.018203009633881440e-01
-6.707176809367652037e-01
1.259319325357257102e-01
-4.991179368930320770e-01
-1.000000000000000000e+00
4.667374292087168031e-01
-3.352207917826902084e-01
1.000000000000000000e+00
3.850674646581986327e-01
3.457586887910638618e-01
7.772412092699576558e-02
1.002081842552898783e-01
2.792258432168912563e-01
-1.147244871933393862e-01
8.110965004651174981e-01
9.860441285634120590e-01
-1.000000000000000000e+00
-3.076810200835575770e-01
-3.982527334634121674e-01
8.123535745393208884e-01
8.072410269689268558e-01
-7.013539781709332566e-01
-7.237779952118853499e-01
4.546392811862963734e-01
3.533154657671028764e-01
-7.944425776493743152e-01
-1.000000000000000000e+00
-8.099621944630011061e-01
1.116802350519445486e-02
4.442482933724790639e-01
2.490501519264608221e-01
-1.047443876622491388e-01
-6.706752470710272140e-01
-3.912702955071787336e-01
-5.887024569227409243e-01
-1.000000000000000000e+00
1.136824732071064353e-01
4.086860201090736222e-01
1.000000000000000000e+00
-3.754246410906046938e-01
3.395572869755170697e-01
1.617313604091547008e-01
9.995804161931882703e-01
-1.827358547727860050e-01
7.264848813936792826e-01
9.344357006871244486e-01
1.000000000000000000e+00
6.262049653069916566e-01
1.228883464207892046e-01
-1.887714249555775270e-01
-1.148205494395046489e-01
1.148906739527941340e-01
5.546006470645714614e-01
3.090873308811259434e-02
4.667118840284071868e-01
-7.856267786726738311e-01
6.233607327254815367e-01
-3.650040927921559542e-01
1.000000000000000000e+00
2.163001512616345157e-01
-3.850431204963675191e-01
-6.285731972986022820e-01
-1.413045946280543363e-01
8.354791809583297368e-01
8.566345768775939992e-03
9.624443871035114340e-01
-3.426246073443791063e-01
-1.000000000000000000e+00
9.165893347778376887e-02
-8.552908704045278920e-01
-5.674600331465733394e-01
2.664700593458957933e-01
2.266547948784432553e-01
2.887050601565692431e-02
-1.000000000000000000e+00
8.385738988549777950e-01
-3.348624191044773379e-01
-3.056855264980064546e-01
-1.691732700751159002e-01
5.910362106623678891e-01
2.302877173900536728e-02
1.790035083581463238e-01
-1.000000000000000000e+00
6.117766772848197698e-01
-2.525936085572576539e-01
1.000000000000000000e+00
-1.885132139042591526e-01
-1.000000000000000000e+00
4.995689589668638186e-01
-6.958247675233231178e-02
-2.103944172748916652e-01
-1.000000000000000000e+00
-4.273785868881544436e-01
3.610715923541770733e-01
1.000000000000000000e+00
1.757821299248137903e-01
6.677048944376952067e-01
5.593615352843608335e-01
-7.476001782543325591e-01
-1.181762366505398759e-01
-6.150333689645859359e-01
8.827780430492535579e-01
-1.792512199485272184e-01
-3.591735897848070680e-01
4.848524505096280524e-01
9.632578698823330843e-01
8.541656074725036962e-01
-1.000000000000000000e+00
7.265004644121958455e-02
-2.826206733972920770e-01
-3.453026152424639728e-01
-1.000000000000000000e+00
-3.049176792856652662e-01
-4.044425177114312486e-01
-1.896035125901353313e-01
1.000000000000000000e+00
1.118181099301508163e-01
-2.467655080621010133e-01
2.290360640755040866e-01
-3.819873987354537315e-01
-1.547946659721561036e-01
-9.100240489517094633e-02
-3.338621798936355356e-01
1.000000000000000000e+00
6.607981080053142442e-01
3.576810434893454294e-02
4.728795257567779409e-01
2.436441819850054535e-01
-3.132886342110401123e-02
2.124330363794142695e-01
-1.000000000000000000e+00
4.248685467941075711e-01
-3.862940416189328818e-01
-8.976929834111737616e-01
-5.259718460900466575e-01
2.549560218261133215e-01
-2.809922323534309041e-01
-2.568820669710438764e-01
-4.897703529603267825e-01
-1.000000000000000000e+00
-9.977697683754150892e-01
3.084833878099337845e-01
-1.217214009164037103e-01
-1.532800364802405779e-01
-1.781350854853662735e-01
8.592867395660244156e-01
1.000000000000000000e+00
-8.498406194542988956e-01
-8.877704321380879282e-01
4.917897727044568956e-01
-2.232136656565900656e-01
-1.484698750842491921e-03
1.000000000000000000e+00
1.000000000000000000e+00
9.759084896881755622e-01
4.860527282348470202e-01
-6.581015191324226521e-01
8.725662034694284808e-01
8.411621066079508768e-01
-8.850257722710886954e-01
9.833938834724587075e-01
-1.269827370823905233e-01
-8.927513455409321619e-01
-2.328725145692606413e-01
6.967780502000727738e-01
-2.456596020990970408e-01
-4.024854218661486627e-01
5.639330272038039354e-02
2.514669555818860314e-01
1.000000000000000000e+00
-1.000000000000000000e+00
-7.568915008959814505e-01
3.846258245685627575e-01
-3.995460837891206402e-02
3.093638078503884170e-01
1.522490683388139088e-02
3.412485047968929486e-01
1.952987948875151702e-01
9.197738921019112945e-01
5.108474804296240235e-01
-4.035130683031670218e-01
-1.843177593130815861e-01
-1.999485104361699572e-01
-9.722741133122294599e-01
5.213325554864932654e-01
1.000000000000000000e+00
-1.000000000000000000e+00
-9.627279499871603807e-01
-3.590626634820184293e-01
-7.791644452831614220e-01
-1.775770173931699447e-01
3.308248526341390217e-01
-1.085315084485471704e-01
-2.437868839256596698e-01
1.000000000000000000e+00
-7.318013439575342671e-01
-1.000000000000000000e+00
1.000000000000000000e+00
6.650783536306901222e-01
2.319637183963901839e-02
-1.000000000000000000e+00
3.632967110463075633e-01
9.565818507087333611e-01
4.356707071290163436e-01
-1.000000000000000000e+00
-3.442788117918275104e-01
1.000000000000000000e+00
2.856544655305364722e-01
6.177926340180610598e-01
-9.311141690109481228e-01
5.396585491424458203e-01
-5.317793983934271385e-01
1.987985266878064816e-01
1.000000000000000000e+00
-3.654860741373573418e-01
-5.689681364119862916e-01
5.629529186285117115e-01
-1.298280746026220789e-01
-4.068692902043195558e-01
1.000000000000000000e+00
1.000000000000000000e+00
-6.354721159955818433e-01
6.386507915859372941e-01
5.843152506281059644e-01
9.036513146528484253e-01
