3.938757316087423410e-01
-1.107560809665344426e-01
-1.000000000000000000e+00
-8.741847612946245238e-01
-2.295001999361628298e-01
-9.945237712258414575e-03
1.000000000000000000e+00
-6.466550225318640210e-01
-3.866572855935945796e-01
-1.867118534034128419e-01
5.308580362234088801e-01
-1.795458859729384404e-01
1.748771787375122955e-01
-3.838936022817298066e-01
3.958051241177830137e-01
-3.754468852065925288e-01
-5.577259786032084943e-02
-8.686488926256877852e-01
4.150109706580389357e-01
3.725636243697623695e-01
9.439737886036809744e-01
3.304904289876954282e-01
1.000000000000000000e+00
5.732681528155014750e-02
1.731877591623609824e-01
-6.574207704321584356e-02
-1.000000000000000000e+00
3.456341049360904250e-01
8.758321318588617732e-01
-8.074542110687751295e-01
1.000000000000000000e+00
4.804527711092197451e-01
-7.639017320835389535e-01
-6.157828362035970837e-01
1.000000000000000000e+00
1.000000000000000000e+00
3.151850316351761383e-01
3.445268735160091911e-01
8.990817262566934698e-01
-1.692083995467156821e-01
-4.887154777302655795e-01
-4.933804922119789937e-01
-8.316688403349686842e-02
-5.061401469989278423e-01
-8.687990184712022224e-01
1.560821940521656126e-01
-1.000000000000000000e+00
9.726404359849660786e-01
-1.000000000000000000e+00
1.372446671609738322e-01
-3.688980180938286613e-01
8.355545665476714623e-01
2.772082029594697961e-01
-5.154465535718019131e-01
4.315149175467092313e-01
1.000000000000000000e+00
-6.488031147746953220e-01
-1.245834200588936125e-01
-6.139940629829037100e-01
3.459721284474616132e-01
2.514859286981663278e-01
-1.000000000000000000e+00
-2.447261639632467012e-01
5.283503464350535195e-01
8.842517536455090088e-01
-3.754553441352185272e-01
-7.684905412525796509e-01
2.187489994443745367e-01
-9.434889941739781349e-01
5.741202835121478332e-01
1.000000000000000000e+00
-3.478469427401115754e-01
-6.498092932333254801e-01
-1.799857125578378791e-01
8.255302071325424373e-01
-1.000000000000000000e+00
6.738533448278689886e-02
1.323602243704919967e-01
1.000000000000000000e+00
-1.000000000000000000e+00
1.000000000000000000e+00
5.870773449739716821e-01
8.848975414120976435e-01
6.839320148744177930e-01
1.000000000000000000e+00
2.381795151050382364e-02
1.000000000000000000e+00
4.317898341370738913e-01
1.424202199915590439e-01
-2.916790954454423490e-01
-1.640164753804199405e-01
1.921361077813429907e-01
6.547792157168877969e-01
2.809712554953948394e-02
2.945586279360908888e-01
7.118947475625279075e-01
7.184658997609876252e-01
-7.402770725876631208e-02
8.960625380415376817e-01
-1.000000000000000000e+00
-5.132396364150909607e-01
9.681044991378919828e-01
8.307151175213517424e-02
2.973334508599517756e-01
-2.629922047758431192e-01
1.000000000000000000e+00
-3.189155155648984441e-01
-1.286212223175716707e-01
-7.141360734943704713e-01
-9.490654996467526860e-01
-6.326654387111719791e-01
-3.466355839146467721e-01
-3.161452666383665067e-01
-3.213499362880355842e-02
-1.000000000000000000e+00
-5.039019777043136639e-01
-6.658518746839552360e-01
5.478241342371601430e-01
-2.094214023128982416e-01
7.981016130407171394e-01
-1.443633581649736083e-02
1.728275844146669737e-01
-1.000000000000000000e+00
7.962590997487309918e-01
-2.020409405395592883e-01
-3.009890070890327562e-01
-3.006430463583370516e-01
-1.000000000000000000e+00
5.030186966100823609e-01
-1.000000000000000000e+00
-1.488727742121634945e-01
-6.050841341846708854e-01
-5.304801031047575721e-01
-2.219760182595630627e-01
1.000000000000000000e+00
1.000000000000000000e+00
-5.500711491463712299e-01
-1.000000000000000000e+00
1.000000000000000000e+00
-3.685850318969472461e-01
-6.249197631777292372e-01
-3.461054473904606743e-01
-3.477681410753894475e-01
-3.468318537689538128e-01
4.988938548887927871e-01
1.000000000000000000e+00
1.000000000000000000e+00
7.427300442562393412e-01
1.000000000000000000e+00
-2.661850620580762938e-01
-1.377234772631719673e-01
-1.000000000000000000e+00
-2.989251547162805611e-01
-4.290652111713447181e-01
-2.017629788075125385e-01
1.000000000000000000e+00
7.645947538117517928e-01
2.906509344075924317e-01
1.000000000000000000e+00
-1.728372692857036430e-01
-9.816136614268644589e-01
-6.478540073500960172e-01
-3.554403308698828035e-01
1.000000000000000000e+00
1.000000000000000000e+00
4.008927779671689895e-01
3.706374826105057196e-01
-9.176161567542034936e-02
3.624184898899391882e-01
-4.899281320471333134e-01
-8.848528696063806542e-01
3.533074527905117335e-01
-7.582505288577090496e-01
-1.000000000000000000e+00
-5.330015855099370370e-01
2.208215824247077574e-01
-2.836279789320113043e-01
-3.726538477347695055e-01
-4.988096011428989618e-01
-1.000000000000000000e+00
-5.177196366428826746e-01
-1.000000000000000000e+00
5.408710035227781709e-01
-1.028529163874312286e-01
1.000000000000000000e+00
1.000000000000000000e+00
1.000000000000000000e+00
-8.801770858442192758e-01
-9.621044089591856974e-02
-6.745152488425272264e-01
-1.000000000000000000e+00
-1.000000000000000000e+00
-2.257832281689749199e-01
8.658382443463783495e-01
-1.001088216355962013e-01
1.000000000000000000e+00
-7.631816069003185543e-01
-1.000000000000000000e+00
1.000000000000000000e+00
-1.000000000000000000e+00
1.000000000000000000e+00
-1.177689423188828244e-01
-8.513951858290429442e-01
1.000000000000000000e+00
3.404224241884217794e-01
-1.903237506234905507e-01
-4.017251356004956087e-01
-6.921881781907014419e-01
2.517730914656822194e-01
5.758505572139127615e-01
-1.000000000000000000e+00
-9.176726063207836237e-01
2.744483410126117851e-01
2.355559702130819999e-01
4.709090288709871092e-02
1.141641804480325734e-01
1.948165319088115410e-01
1.994296208121798530e-01
9.038859724239369786e-01
5.393813129369471326e-01
2.417218488772329699e-01
-1.000000000000000000e+00
8.629854785032409215e-02
-9.662442954092749225e-01
5.351101678257209615e-01
7.099714031597503805e-02
-1.237944992607852845e-01
-5.226319596959005942e-01
-8.012305635838892770e-02
-8.349215875879412163e-01
-4.145079819852356962e-01
-1.607895319869928896e-01
-2.554480028620677579e-01
-6.888613021048594076e-01
-3.365458080428930798e-01
-6.650002084564121674e-01
-9.563322665916251797e-01
7.564736102589398881e-01
1.000000000000000000e+00
2.389874322146318120e-02
-1.000000000000000000e+00
1.000000000000000000e+00
9.452046273706279367e-01
4.908566649873338794e-01
1.000000000000000000e+00
-3.148662400732392674e-01
3.871109544478940623e-01
2.491908466966833713e-01
-1.153862845861995945e-01
5.483512457844291754e-02
8.812128294751991886e-01
-7.468837880930913053e-01
2.623260727871473685e-02
-6.620858312581835436e-01
-2.831161696347471723e-01
-5.863618670284180823e-01
3.289002721920983863e-01
-1.304584803051517805e-01
7.718622564263428742e-01
1.000000000000000000e+00
-3.205003136052643753e-01
8.458019404838579280e-02
5.242155790834271967e-01
-2.743502466611217327e-01
5.397260675606572189e-01
