-2.294737372544215226e-01
2.004383386576693848e-01
3.565066094755750536e-01
1.000000000000000000e+00
-7.943573607273677339e-01
5.332427116376666776e-01
2.345775924326327089e-01
-4.744246559927380869e-01
-1.000000000000000000e+00
9.921245448709496983e-01
-2.256411838639909018e-01
-4.582106256803360478e-01
8.994955166679674541e-01
1.540415725323348028e-01
1.000000000000000000e+00
-1.261614675890371240e-01
-5.819000091837838173e-01
7.658262300023308544e-01
-3.400692388526433407e-01
2.785277407880219491e-01
2.090198514570810739e-01
8.519887000033626867e-02
4.501466673925121897e-01
5.953809818982747082e-01
1.000000000000000000e+00
-4.503481104281624736e-01
3.115442156410443419e-01
-3.905772876510352210e-03
-4.857379344773329888e-01
6.252456534628360041e-01
-8.016644777028741897e-02
-2.838847460975446602e-01
5.777308825172419171e-01
-1.000000000000000000e+00
-9.097685893763582943e-01
4.659315485996350370e-01
3.360564603581800980e-01
-7.775514500903696335e-01
-8.628572923252611493e-02
-5.313937388746736712e-01
-5.158108801905436636e-01
1.848778735203074342e-01
-4.056697040745684824e-01
-7.851082029797056272e-01
-6.730466756487624158e-01
7.198478284378859726e-01
-1.006791035817792418e-01
-3.471790172795316542e-02
3.720019249248969206e-01
-9.706388937969160358e-01
1.000000000000000000e+00
5.199752445372929355e-01
8.630647820427609362e-01
-1.000000000000000000e+00
-5.250796092976931506e-01
-4.794985588806710552e-02
-1.000000000000000000e+00
2.499554936929674620e-01
4.995809023410944238e-01
-1.000000000000000000e+00
4.285618763092851058e-01
7.436782753381875333e-01
-4.107084929002060431e-02
-9.472570379489470005e-01
1.000000000000000000e+00
-6.429942872168289414e-01
1.468101834542460127e-01
4.273411759392318765e-01
-1.734305217438680824e-01
-6.172498198014775284e-01
9.520622010836840010e-01
7.674033731264968683e-01
-4.360688300646881066e-01
-7.155443806382004723e-01
1.000000000000000000e+00
3.288673464527656631e-01
1.000000000000000000e+00
-3.959639076846520056e-01
-6.578607394692029819e-01
-7.563826951601850812e-01
-7.030518366428503141e-01
-1.134484789464253740e-01
4.229887895442036583e-01
4.363248875577802055e-02
-2.361652881481883515e-02
-3.939410953173077545e-01
9.019310301067524627e-01
7.758278420485740234e-01
-5.922754670735039806e-01
-1.000000000000000000e+00
1.000000000000000000e+00
2.273662801608689055e-02
5.776113743314685856e-01
-4.276386166797554456e-01
-1.000000000000000000e+00
-7.113289524249685192e-01
-7.343304073488942096e-01
-1.536652436199258398e-01
4.520071301610678605e-01
6.421206176007541178e-01
-1.000000000000000000e+00
-1.000000000000000000e+00
-2.482654916762096903e-02
-1.010298768484357845e-01
-1.000000000000000000e+00
2.072576394881839867e-01
-9.646038946823449756e-01
2.488335426767920855e-01
7.887383437894450455e-02
-2.607823025924047022e-02
6.395959997194662350e-01
6.833482083548314545e-01
-1.000000000000000000e+00
-7.194274263622595089e-02
1.000000000000000000e+00
-3.080841703154807432e-02
7.636296485050444449e-01
8.640463165814850077e-01
5.868372766315465006e-01
8.990788853503245415e-01
-3.687959624462878727e-01
-1.000000000000000000e+00
-6.585008997116137408e-01
5.184553845290536256e-02
5.733823153439351339e-01
-8.957729488608973112e-01
-9.663378753084426176e-01
-3.953294226527552802e-01
9.873383082800448740e-01
-9.861346047122734326e-01
5.404447930384207455e-01
7.898867729241829672e-01
5.938892392652226349e-01
-9.496599467995964217e-02
-1.000000000000000000e+00
-1.854663236580254559e-01
6.112463509956214125e-01
-2.204935415163136458e-01
-4.026756775341111538e-01
-1.000000000000000000e+00
-1.000000000000000000e+00
-6.605812832217139441e-02
-9.961622271095167402e-01
5.536582227942798973e-01
4.740400727157775274e-01
9.800831315559355161e-01
-6.007279930506601584e-01
8.632088110799407410e-01
6.617021529457840501e-01
5.507802261660340593e-01
8.598347918545425905e-01
-4.135849663902423923e-01
4.796536870585459411e-01
-1.289567793313527999e-01
1.000000000000000000e+00
-7.591123825554251248e-01
-1.000000000000000000e+00
9.587861306425213281e-02
5.575890088981833026e-01
4.073620261612226345e-01
-5.939169232115973918e-01
1.075617553574340357e-01
6.369487889990975704e-01
8.074302364473814331e-01
-7.524780151942955797e-02
-3.496110274243060534e-01
-9.886810727956102385e-01
4.232595629414245830e-01
7.006108692816569172e-02
-7.131062020836823612e-01
-8.117108281636418177e-01
2.446221921593628723e-01
4.129304878590480121e-01
3.194926662924650607e-02
-9.214113310308045257e-01
-8.136670856401737040e-02
-8.063332691730812352e-01
2.160399448676882384e-01
-9.743415432929843911e-01
6.964516162650694620e-01
-2.001746973549188013e-01
-9.863825715681062700e-03
-4.776818736265717735e-01
1.000000000000000000e+00
6.266922691552198055e-01
-1.000000000000000000e+00
9.949527970693367029e-01
-3.020647372680202447e-01
-1.000000000000000000e+00
-6.414485344121404475e-01
-2.528968528287684481e-01
-9.565991877743225125e-01
-1.428197650197999824e-01
5.286465401003260789e-01
-1.000000000000000000e+00
-9.774598036493459263e-02
-9.711092283175279949e-01
-3.274845508849329456e-01
-7.869400291652084434e-01
1.628251972848461238e-01
-7.174031771929689771e-01
-9.924531465022183863e-01
4.542138987835610542e-01
-1.860297414364691371e-01
-2.542022593789725615e-01
-8.282495431383113393e-01
3.177763753990040518e-01
-3.357551941749266078e-01
-8.275372040125539286e-01
4.454658571078096152e-01
-1.701414694485771095e-01
1.544457539529237033e-02
1.000000000000000000e+00
1.335448913333821264e-01
-2.205478872542294688e-01
-1.000000000000000000e+00
-6.331381150341860442e-01
3.447476163175672292e-02
7.430664145886723970e-01
1.000000000000000000e+00
-4.409788958003308390e-01
-9.545354272201792556e-01
3.383367421386928031e-01
-3.755037915599610532e-01
5.902790210320894015e-01
-8.088970794486479710e-01
-4.554207827246719575e-01
7.514844164284018024e-01
6.232882738722083094e-01
8.380483702280344671e-01
-7.802366142348871048e-02
1.000000000000000000e+00
-5.314776885436233167e-01
5.888337480828691461e-01
1.969951749177997757e-01
1.079945145573534826e-01
-5.280073923080694787e-01
-1.000000000000000000e+00
-1.000000000000000000e+00
1.000000000000000000e+00
-1.000000000000000000e+00
-7.604662235555215144e-01
1.464458745671409767e-01
8.450392523865500882e-01
4.662788609215896551e-01
-7.075810673134086404e-02
-9.566963679847884094e-01
-6.400278003041630637e-01
-1.000000000000000000e+00
-3.963375788778100706e-01
-7.862208506046495238e-01
1.000000000000000000e+00
1.000000000000000000e+00
4.234657936653994925e-01
-1.147220693664421226e-01
-5.556924735995613096e-01
-1.000000000000000000e+00
3.686105693315884224e-01
-1.305433402009341937e-01
9.506935943035844661e-01
1.000000000000000000e+00
-5.171550864027414374e-01
5.873050185567064707e-01
7.692947903874063353e-01
-1.000000000000000000e+00
