-7.524738887288302536e-01
-9.962273909212830958e-01
8.141620913268727833e-01
3.585400205227295967e-01
-4.874424637587100317e-01
7.904208342589560399e-01
-1.000000000000000000e+00
1.540323353333746814e-01
-6.174082953651890415e-01
-9.945204895314548044e-02
2.055539126540642525e-01
5.128753943163886220e-01
-6.984752622119849708e-01
5.482238739476810174e-01
-8.575638683561930264e-01
8.908690425717853412e-01
1.783625065576092961e-01
-1.000000000000000000e+00
-9.567859158117497653e-01
-1.987605946327361539e-02
-3.189165152113713209e-01
3.565234677091154158e-01
2.561422640350955460e-01
1.594037722402785739e-01
-1.752497643536441996e-01
8.656174666222938852e-01
-1.000000000000000000e+00
-4.654035245977239388e-01
1.321929968958226453e-01
-1.799401666047739934e-01
-3.029322873225640533e-01
9.242054407599893662e-02
8.801719599122063142e-01
-3.863165678436494277e-01
7.888751732790980631e-01
-3.571455835417828434e-02
4.536355289029686544e-02
-3.642938675967226370e-02
6.574055807027632259e-01
7.588772961360545910e-02
-3.942601685941534706e-01
-3.353162322720696364e-01
-5.398862575772287453e-01
-2.848891692323869962e-01
-2.114697466899193579e-01
3.999766066210880266e-01
-7.221623389479780997e-01
-8.649935356296974132e-02
2.333283730127992950e-01
-4.675450588216270020e-01
2.209535021889959538e-01
-8.875397042020513050e-01
1.213067389943911917e-01
7.711859169271290115e-01
5.954127328116991524e-01
-6.988217356617973941e-01
8.707089957227495125e-01
-5.244812946471775206e-01
-5.414396189937227266e-01
1.638507859110940601e-01
5.581577808972211230e-01
-1.272749010663008495e-01
-2.121922607475527911e-01
-2.866054354315109576e-01
2.884251875021551781e-01
1.000000000000000000e+00
5.504358639759969751e-01
7.777352353948303598e-01
4.962555732416059073e-01
1.000000000000000000e+00
6.020068594843640541e-01
-2.851959670584802153e-01
-1.000000000000000000e+00
1.000000000000000000e+00
-2.637534819505263362e-02
-8.448885894148704390e-01
8.126720184106104305e-01
3.545119971751919952e-01
7.692987127576913498e-01
2.574344557953509582e-01
-6.540937696509332433e-01
-2.419848069818963665e-01
-9.331675764207042478e-01
-8.433937828283545324e-01
3.471480188046584953e-02
2.772040638758496156e-01
2.285722944580035471e-02
7.743369029152438188e-01
7.789137523842861732e-01
-2.714191621409253047e-02
-6.367665530422858544e-02
7.574619852897916950e-01
2.019590041977289974e-01
-9.314162715754306099e-01
-4.821491594921891166e-01
-9.897444031340210113e-01
-5.673115537301377520e-01
1.619161264150060231e-01
-9.212379510862167553e-02
7.299934306921068705e-01
6.607736186766652864e-01
1.985289675219385208e-01
-3.186772656808956050e-01
-1.456357598450841728e-01
-1.000000000000000000e+00
-8.178254685904122745e-01
2.671647265975726215e-01
-7.961623976988281559e-02
-5.431650568961308156e-01
-4.713569727280686461e-01
-5.443765978480039625e-01
2.264370295745402606e-01
9.883096429753283063e-01
-7.804769630918220180e-01
2.796726841783910289e-01
-7.301065997881281966e-01
-1.000000000000000000e+00
-2.187210249552253294e-01
3.214781778423275727e-02
2.192477063496555412e-01
-4.579558206125511344e-01
5.582783779367055388e-01
6.753106992867647929e-01
1.457328192894103147e-01
4.363314854469140247e-01
8.459925843249592459e-02
4.005369539146040880e-01
7.711334490263350716e-01
5.545173607739067867e-01
-9.341054354404774163e-01
1.000000000000000000e+00
8.047689251277465039e-02
-8.688473202097731773e-01
6.990215535674350056e-01
5.733223343366989910e-01
4.091612313325881933e-02
-1.000000000000000000e+00
-2.907241174801841188e-01
9.080360885825167205e-01
6.916204357059425600e-01
1.477482243993707978e-02
4.126455565974175288e-01
2.195257704073151350e-01
2.906967233573109488e-01
-1.000000000000000000e+00
-4.993406048904249217e-01
4.732655729981974924e-01
1.000000000000000000e+00
9.923026912865139382e-01
2.572890009625397600e-01
-7.642544840643120674e-01
6.279054438679910755e-01
-3.651963347112829883e-01
3.471957059695786052e-01
-7.284982166542280924e-01
7.750502324713109958e-01
9.330924287889803548e-01
7.857566216938719483e-01
-9.634292991267616735e-01
-7.742687923866558020e-01
-1.589528050774982326e-01
-6.452243302998543761e-01
8.982295369602586455e-01
-9.770202470259834460e-01
5.853639253434788081e-01
8.912348987109453002e-01
2.259454030479157161e-01
-8.286339406703118193e-01
-7.659359707373839532e-01
-9.168898027198709721e-01
-6.193518101696372513e-01
-2.746605446047570634e-02
-9.570828308514081617e-02
9.029189293567336794e-01
-6.800411783975341962e-01
2.483535687366140166e-01
-7.649360059768515185e-01
-2.092049835468372532e-01
5.917303624566747633e-01
-7.407639344806027371e-02
-4.298431854418086617e-01
6.187964666613504638e-01
-5.411178036947300596e-01
9.138461264966907249e-02
4.349243235334851465e-01
6.449663377705840972e-01
-9.208238843248787164e-01
-5.517077529435638894e-01
8.919522335099379085e-01
3.922287625341349671e-01
-8.913542888915977624e-02
7.745835123040614167e-01
4.305555601057250437e-01
-4.713332247449910639e-01
3.730146176766847010e-01
-2.500810456952304861e-01
1.000000000000000000e+00
7.352734145652047859e-01
-2.925136594112031085e-01
5.292386099737189653e-02
-2.376255465779581258e-02
-1.241819176321810325e-01
-5.072300483035504515e-01
1.242016129939670921e-01
-5.949205976636611215e-01
-4.977922113845950625e-01
-7.885546868844601764e-01
4.626025361393159424e-02
-6.991497564943001397e-03
9.214697204391286700e-01
-1.456479312741166821e-01
6.565011434129897072e-01
-8.742958468079269352e-01
3.278769454943420980e-01
4.233005055105119180e-02
9.812302140969960673e-01
7.629021284499546418e-01
9.736883729530729781e-01
-9.268079431508577937e-01
2.779912468604955195e-02
7.299282385795313743e-01
2.226824166308283004e-01
6.499565973453316214e-01
9.494951002855280819e-01
7.548350105352466533e-02
2.750765530836347672e-01
-5.489875077596819697e-01
2.840492054025091639e-01
1.000000000000000000e+00
6.838077695436298731e-01
4.550589690269623566e-01
9.471755676037902916e-01
1.000000000000000000e+00
-3.402506357783097179e-01
8.283192808058485734e-02
7.820213315068155202e-01
8.215577882011639022e-03
5.328494394223651787e-01
4.707904730960568718e-01
-3.170662297792116169e-01
-6.019909141435583200e-01
2.461663963372493491e-01
7.121578754505621944e-01
4.708808184863332302e-01
1.000000000000000000e+00
-3.749756706896313629e-02
-6.650047479416590912e-01
8.426771686364992187e-03
-1.120495063396942728e-02
1.715255600312975692e-01
-8.740074704735065758e-01
-8.266822753599070150e-01
-9.949318603602317346e-01
8.870948840604864216e-02
-7.142952873611845277e-01
-1.000000000000000000e+00
-1.939980242671978106e-01
7.322966114049966890e-01
9.013165626858017365e-01
-9.120645207739063176e-01
1.323045436388878560e-01
-7.765281434346122946e-01
7.168103318147296399e-01
-8.335709603740353302e-01
4.029556532049754503e-01
