9.703289445409325475e-01
7.165532585087698303e-01
-8.232735579932628500e-01
-5.022385308143195726e-01
-3.037799295249816733e-01
9.779670189779499090e-01
4.339976740273274874e-02
-6.048140115505621361e-01
-3.570999890387290265e-01
6.192992591028901872e-01
-5.189832026132226162e-01
-9.908886281248413530e-01
5.522906686867490311e-01
-9.962445327195489364e-01
7.231929916026438310e-01
-2.722747322258884939e-01
-3.144768004180149013e-01
5.736630811785619066e-01
4.983860276892070340e-01
-6.671960218841657686e-02
-3.605568721942646881e-01
1.000000000000000000e+00
8.646476947252617062e-01
-3.591515729453766959e-01
8.893805412978725289e-02
2.445466657957775514e-01
7.225078794820163908e-02
3.183006220226865246e-02
9.636551187049124945e-01
-7.877230167462386801e-01
9.635256128636952855e-02
4.812458162336898104e-02
-1.000000000000000000e+00
9.205581509694076292e-01
-5.667738473233763230e-01
-1.642949166260433413e-01
3.569950881580195856e-02
4.206411813402030075e-01
2.192835652524204593e-01
-1.903574106688880052e-01
9.615844144096596935e-01
-2.228925823079617730e-01
1.000000000000000000e+00
-1.000000000000000000e+00
9.339454596254533891e-01
-2.033392779814441886e-01
4.133524648181620131e-01
-7.800419924386615689e-01
3.822423980988994274e-01
6.016742783133566946e-02
-9.535109456651424953e-01
-2.352196067103465849e-01
-7.589244050960448629e-01
6.218470229918519193e-02
-4.876619250319149668e-01
-1.938588872052578460e-01
1.153146614346225868e-01
-6.126432520956699435e-01
3.589531256092519107e-01
1.433397588536950429e-01
4.757270843859183751e-01
6.702489067784626053e-01
-5.887985132231957630e-01
8.951709560031921864e-01
6.792040352186178298e-01
-1.730292146385096208e-01
-6.440006107900339005e-01
-1.213902759389127450e-01
6.233634215576717708e-01
-1.000000000000000000e+00
-5.939491791142623711e-01
-3.804734806959689242e-01
5.815822607241430409e-02
6.547983720224959114e-01
-2.371219770784894487e-01
-1.952871666648895999e-01
-4.869116025458871122e-01
-7.595940723657118587e-01
6.493486628386916371e-01
-6.569302678916237592e-02
5.555956793375476099e-01
8.527215203744459293e-01
-3.628817704282298884e-01
4.687256642195889444e-01
7.823747577713838219e-02
-9.566138926854523827e-01
-5.512091889332163541e-01
5.821619720654274133e-01
-8.841836920513106435e-01
5.267783812868783722e-01
8.876662046814642881e-01
-4.480891438035220498e-01
4.652274105352497413e-01
-2.329556238583123662e-01
-2.591566986541362083e-01
-1.000000000000000000e+00
6.560844539915651197e-01
-4.206358793692495102e-01
4.064430964020334658e-01
-3.779499074751587612e-02
-6.010722773481684822e-01
-2.057776943860584185e-01
-3.512476487711366224e-02
-7.034952725428897935e-01
3.695312104110840684e-03
-8.129176119450787219e-01
-2.065667399987373976e-02
-1.836553788280686494e-01
-2.647983288814254044e-02
-4.491719350689775125e-01
-1.997938632754263644e-01
3.665747747694407255e-01
4.862125382695776654e-01
1.462277792781914165e-01
1.104559245809217383e-01
4.030764705849197438e-01
-8.328672988954325396e-01
7.613604404129324932e-01
7.703302150248302060e-03
-8.187987986035845100e-01
-5.092390960135318584e-02
2.825558660753928475e-01
-1.293359366330937635e-02
-6.624760712461805756e-01
4.583351154479662348e-01
2.954395905348369822e-01
-3.170868274743364745e-01
6.056875355694173457e-01
-3.001418941393970696e-01
-4.331811549417905471e-01
5.180891474677516012e-03
-1.000000000000000000e+00
-3.584000007870875859e-02
1.706540747420379756e-01
-1.000000000000000000e+00
-2.911345735941037738e-01
5.102122306840366495e-01
1.000000000000000000e+00
-1.000000000000000000e+00
1.000000000000000000e+00
5.047725375535228043e-01
-6.047012277576438999e-01
1.646657667844166339e-01
-6.282163144934995724e-01
9.907049378789956062e-01
1.217008737967877757e-01
2.674719788514459337e-02
6.850593309523125285e-01
-6.383403456989442115e-03
9.869630070990262904e-01
-7.522256977990549043e-01
-5.497106179498023604e-01
3.309212968719585923e-01
-1.000000000000000000e+00
-2.381518401461312495e-01
-4.421860271013967614e-01
1.381739918835901693e-01
-8.546873940128699165e-02
1.459544637218660179e-01
-3.924175724864084058e-01
-2.912177879528580204e-01
-4.002962292461282878e-01
1.141495477099198075e-01
2.239635291407840456e-01
-1.187678823419512641e-01
1.887010218073383316e-01
7.863988060107673927e-01
6.286410671775342074e-01
-7.321022406470889532e-01
4.741355862359889484e-01
-1.579933175389655609e-01
5.447275109500504531e-01
-1.000000000000000000e+00
-1.178224130084776916e-01
-6.614386448246821759e-01
-2.392611037784133851e-02
4.875765803603404613e-01
1.000000000000000000e+00
-2.454589274014597478e-01
-1.000000000000000000e+00
-3.029097997496312256e-01
1.149919373990350158e-01
-1.565780022757548851e-01
-9.839080064135177217e-01
-2.030850974285369204e-01
-5.767060400962653599e-01
-1.705149367469856736e-01
4.363062827005882438e-01
-1.000000000000000000e+00
-6.271323192046972528e-01
2.847756411652301312e-01
-1.000000000000000000e+00
-3.463014670292876573e-01
1.925462110258902293e-01
7.812982930258476344e-01
-2.692072598962309549e-01
2.290114635562366385e-01
-1.000000000000000000e+00
7.750094350496126161e-01
8.601295556817477317e-02
-4.729208390486581148e-01
-2.526577734114017759e-01
-4.980038467889624787e-01
1.243234026815566162e-01
3.295028955545797889e-01
2.706332856896770389e-01
-1.806107393767417135e-01
-7.461001173405688025e-01
-1.344946378097490458e-01
8.079564001629022663e-01
-9.649252241587685797e-02
-6.575733136523871369e-01
2.130873563338945564e-01
2.377906657998660744e-01
-1.109641599936143086e-01
-5.915755624026022286e-01
-1.046309327784994414e-01
-2.487165849712068000e-01
1.174110543399578543e-01
9.963393179145682010e-01
1.170211509849330804e-02
-4.566628987684056007e-01
1.835365119417899094e-02
-1.996158798585359606e-01
9.717434769844405240e-01
8.320326620231142112e-01
2.150318299954380452e-01
-7.063381613082573285e-01
-1.000000000000000000e+00
8.458244649137200977e-01
6.011393400562801137e-01
4.782169086367664690e-01
-1.590718992917823649e-02
-9.004030157497343589e-01
-4.234273776903047515e-01
-6.528587663811397102e-03
-7.138412391009572033e-01
6.615524593511120655e-01
6.974288813070939064e-01
-5.458671341564164115e-02
-4.558179775429187508e-01
4.420095717653249601e-01
-1.833455370474116330e-01
4.054106598885782731e-01
-1.000000000000000000e+00
-4.118543819181613719e-01
5.029517321298845323e-01
-3.377584066949357866e-01
-3.414800370156746978e-01
-5.937227583483924848e-02
-3.656300924448459000e-01
7.662911166596072521e-01
8.834344833728087487e-02
-3.671737199766177961e-01
-3.968567809644261701e-01
5.479679119329779191e-02
-2.286748975265586459e-01
9.828069447524607760e-01
-9.761947681177648994e-02
-1.000000000000000000e+00
6.636553180839517285e-01
2.854330300043794733e-01
9.967963308198108940e-01
2.648735244808272382e-01
2.725146915004634796e-01
