-7.524738887288302536e-01
-9.962273909212830958e-01
8.141620913268727833e-01
3.575859820619809448e-01
-4.874424637587100873e-01
7.904208342589560399e-01
-1.000000000000000000e+00
3.375304847300510946e-01
-6.174082953651888195e-01
-9.945204895314548044e-02
1.243051728455315669e-01
5.145792109530263891e-01
-7.114791129951950621e-01
5.482238739476810174e-01
-8.575638683561925824e-01
8.908690425717853412e-01
1.783625065576092961e-01
-1.000000000000000000e+00
-9.567859158117497653e-01
-1.987605946327361539e-02
-3.189165152113713209e-01
3.565234677091154158e-01
7.016919466978597253e-01
1.594037722402785739e-01
1.178393864288843629e-01
4.566265633612657249e-01
-1.000000000000000000e+00
-4.654035245977239388e-01
-2.997755110119316169e-01
-1.799401666047740211e-01
-3.029322873225640533e-01
9.242054407599892274e-02
8.801719599122062032e-01
-3.863165678436494277e-01
7.119206750160860242e-01
-3.571455835417828434e-02
-9.859466638407379802e-03
-3.642938675967226370e-02
6.574055807027632259e-01
7.588772961360545910e-02
-3.942601685941534706e-01
-3.353162322720696364e-01
-5.398862575772287453e-01
-2.848891692323869962e-01
-1.943195163353669541e-01
3.999766066210880266e-01
-7.221623389479780997e-01
-8.649935356296975519e-02
-1.589464825638214895e-01
-4.675450588216270020e-01
2.209535021889959261e-01
-8.875397042020505278e-01
-2.669973950024803755e-01
7.711859169271291226e-01
5.954127328116991524e-01
-6.988217356617973941e-01
8.707089957227495125e-01
-5.244812946471775206e-01
-5.414396189937227266e-01
1.638507859110940323e-01
3.244038425450856966e-01
-1.272749010663008495e-01
-2.121922607475527633e-01
-2.933684343762091862e-01
2.884251875021551781e-01
1.000000000000000000e+00
5.504358639759969751e-01
7.777352353948303598e-01
4.962555732416058518e-01
1.000000000000000000e+00
6.020068594843641652e-01
-2.851959670584802709e-01
-1.000000000000000000e+00
1.000000000000000000e+00
-2.637534819505263708e-02
-8.448885894148703279e-01
8.126720184106104305e-01
3.545119971751919952e-01
7.692987127576913498e-01
2.574344557953509582e-01
-6.485224926895163389e-01
-2.419848069818962832e-01
-9.331675764207039148e-01
-8.433937828283545324e-01
3.471480188046584953e-02
2.394972500882932009e-01
2.285722944580035471e-02
7.730915420262339799e-01
7.789137523842861732e-01
-2.714191621409253047e-02
-6.367665530422858544e-02
7.574619852897916950e-01
2.019590041977289974e-01
-9.314162715754306099e-01
-1.933918967416084489e-02
-9.897444031340210113e-01
-5.289119358145610850e-01
1.619161264150060231e-01
-8.496994251457475056e-02
7.299934306921067595e-01
6.607736186766652864e-01
9.929581417740401816e-01
-4.091863014834641876e-01
-1.456357598450841728e-01
-1.000000000000000000e+00
-8.178254685904122745e-01
2.671647265975726215e-01
-8.326619305591834164e-02
-5.431650568961308156e-01
-6.492106925822596075e-01
-5.443765978480039625e-01
1.989351075408629932e-01
9.883096429753286394e-01
-7.804769630918220180e-01
2.796726841783910844e-01
-7.301065997881281966e-01
-1.000000000000000000e+00
-2.187210249552253294e-01
3.214781778423275727e-02
2.192477063496555134e-01
-4.579558206125513009e-01
5.582783779367055388e-01
6.753106992867647929e-01
1.457328192894102870e-01
4.363314854469140247e-01
8.459925843249591071e-02
4.005369539146040880e-01
7.711334490263350716e-01
5.545173607739067867e-01
-9.341054354404773052e-01
7.371013105863257753e-01
8.047689251277465039e-02
-8.688473202097732884e-01
7.492527702825748648e-01
5.733223343366988800e-01
4.091612313325881933e-02
-1.000000000000000000e+00
-2.857411746390148277e-01
8.507783481380475354e-01
1.000000000000000000e+00
1.477482243993707978e-02
4.126455565974175288e-01
2.195257704073151073e-01
1.363636610863230847e-01
-1.000000000000000000e+00
-4.993406048904249772e-01
4.732655729981974924e-01
1.000000000000000000e+00
9.923026912865142712e-01
2.620019173536140000e-01
-1.000000000000000000e+00
6.279054438679911865e-01
-3.651963347112829883e-01
3.471957059695786052e-01
-1.000000000000000000e+00
7.750502324713109958e-01
9.330924287889802438e-01
9.830490633462649619e-01
-9.634292991267616735e-01
-7.742687923866560240e-01
-1.589528050774982604e-01
-6.452243302998543761e-01
8.982295369602585344e-01
-9.770202470259836680e-01
5.853639253434788081e-01
8.912348987109453002e-01
3.352325986941293579e-01
-8.286339406703117083e-01
-7.659359707373840642e-01
-9.168898027198713052e-01
-8.263294892889501142e-01
-2.746605446047570981e-02
-1.641524716083295754e-01
9.029189293567336794e-01
-6.800411783975341962e-01
2.483535687366139888e-01
-7.649360059768515185e-01
-2.194618585630745133e-01
1.075633182849504710e-01
-1.130447762622338176e-01
-4.298431854418086617e-01
6.187964666613504638e-01
-5.411178036947299486e-01
9.138461264966907249e-02
4.349243235334851465e-01
6.449663377705840972e-01
-9.208238843248787164e-01
-5.517077529435638894e-01
8.919522335099377974e-01
3.984680626842252438e-01
-8.913542888915977624e-02
7.745835123040614167e-01
4.305555601057250437e-01
-4.713332247449910639e-01
4.860293256312915866e-01
-2.500810456952304861e-01
1.000000000000000000e+00
-1.000000000000000000e+00
-4.347628911122132234e-01
5.292386099737190347e-02
-2.376255465779581605e-02
-1.241819176321810186e-01
-5.072300483035505625e-01
1.242016129939671198e-01
-5.949205976636611215e-01
-4.977922113845949514e-01
-7.885546868844601764e-01
4.626025361393158730e-02
-3.697936516492194431e-02
9.145685730512386202e-01
-1.456479312741166821e-01
6.565011434129897072e-01
-8.742958468079271572e-01
3.278769454943420980e-01
4.233005055105118486e-02
9.812302140969961783e-01
7.629021284499546418e-01
9.736883729530729781e-01
-9.268079431508580157e-01
2.779912468604955195e-02
7.299282385795313743e-01
2.226824166308282726e-01
6.499565973453316214e-01
9.494951002855280819e-01
7.548350105352466533e-02
4.430041621330280122e-01
-5.489875077596819697e-01
2.840492054025091639e-01
1.000000000000000000e+00
6.838077695436297621e-01
4.550589690269621901e-01
9.471755676037902916e-01
1.000000000000000000e+00
-3.402506357783097179e-01
-7.605910131811098873e-01
7.629914344896527867e-01
8.215577882011639022e-03
5.328494394223651787e-01
4.707904730960568163e-01
-3.170662297792116169e-01
-6.019909141435584310e-01
2.461663963372493491e-01
7.121578754505621944e-01
4.708808184863332302e-01
1.000000000000000000e+00
-3.749756706896313629e-02
-6.979163839063208252e-01
8.426771686364992187e-03
-1.120495063396942728e-02
1.715255600312975970e-01
-8.740074704735065758e-01
-8.266822753599072371e-01
-1.000000000000000000e+00
8.870948840604864216e-02
-7.142952873611845277e-01
-1.000000000000000000e+00
-1.939980242671978106e-01
7.119758823005344350e-01
9.013165626858018475e-01
-9.120645207739062066e-01
1.323045436388878560e-01
-7.765281434346122946e-01
7.168103318147296399e-01
-8.335709603740353302e-01
4.029556532049753947e-01
