7.972794799357956208e-01
2.991494337982282814e-01
4.460785054735465494e-01
-3.464577897269979223e-01
8.975843763983692991e-01
8.835064363655130704e-01
-8.785695407167713744e-02
-2.663748261614052870e-01
4.553713587719904893e-02
-2.081153826940059653e-02
-1.220414201567254081e-01
-9.999770719083038717e-01
6.055024528949426443e-01
-2.791464503477005671e-02
4.621751508119002483e-01
-3.297115423760020869e-01
4.699160634616278975e-01
-9.304818826791174669e-01
-7.478875491781613594e-01
-1.307042372281404519e-01
9.347793900155818569e-01
6.650881326351010259e-01
-9.237717298179536352e-01
-8.925843740891998834e-01
-9.354251254048552289e-01
2.026668826931604106e-01
-7.297077833302146876e-01
8.536327914849844989e-03
-2.542042818209532817e-01
-4.883847680203059483e-01
-5.459639813016852194e-01
1.000000000000000000e+00
1.000000000000000000e+00
1.834774030462214822e-01
-6.379348256917107829e-01
4.297511021656562069e-01
4.581789337098192694e-01
4.256900595590302760e-01
-4.702982103798529212e-01
-1.929042274130018664e-01
-6.727397926929430394e-01
-1.000000000000000000e+00
-1.000000000000000000e+00
4.668527737931673083e-01
2.555389051157292424e-01
-7.656233153679282699e-01
-1.469634083920529632e-01
-4.987367493289357467e-01
-3.605950136360063230e-01
-7.013976767483824648e-02
-5.634842083746001151e-01
-6.336691844507111870e-01
-4.033326897798799049e-01
6.644909031611578865e-02
-1.000000000000000000e+00
-4.199704354936578676e-01
2.316848494618020116e-01
4.794788682167241446e-03
1.965738389836497457e-01
9.990611431471477788e-01
-3.510522421563805340e-01
2.305767204056042297e-01
9.658085048800663097e-01
8.202753572526785275e-01
6.018037250460154253e-01
-1.352290684538448029e-01
5.860228931661319862e-01
3.566894891294528636e-01
3.844127519243977220e-01
1.000000000000000000e+00
7.381694418925963674e-01
7.321189489397553762e-01
1.225159637006953406e-01
4.925494026628626787e-01
7.880979120369048518e-02
4.012302844096322652e-01
3.195338148157866320e-01
-2.245934396584432780e-01
2.756670838432373483e-01
-2.240004953088084449e-01
8.277247770076396893e-01
-2.201761264519638550e-01
-3.717865317039206752e-01
-8.816322431934395798e-01
-3.616538805528936029e-01
4.947429192470185755e-01
2.385562888444002771e-01
6.181068882933619113e-01
7.728496578970943665e-01
5.627362685106117590e-01
-3.737127714257951761e-01
-3.225249147620748991e-01
-3.792803990607900855e-01
6.776228969079653441e-02
3.438298764832757592e-02
-5.149734407599464436e-01
1.000000000000000000e+00
-3.301015689563672750e-01
-4.009066028893600864e-01
-7.999704808188260463e-01
-6.503499313207029564e-01
-1.000000000000000000e+00
-8.739758185711064831e-02
2.751152900972685389e-01
1.000000000000000000e+00
-7.092834036145187482e-02
-7.721160545305540968e-01
9.808172335872353820e-01
-8.119037579035779384e-01
3.058472854694166410e-01
-6.005701674070172968e-01
-3.764324933975534138e-01
1.739797721185367685e-01
4.660964072102601330e-01
3.954679635760036671e-01
1.653222831062422515e-01
-3.814965823210233475e-01
-3.711546190612057816e-01
5.525275417753197638e-02
4.663709347128981442e-01
5.006228787449473056e-02
6.176952237359104592e-01
-3.521628339383004458e-01
2.933865375824273314e-01
5.344669634939882424e-02
-3.045332845149505419e-01
-5.707284706928265894e-02
5.510549653703209483e-01
4.135543987044705272e-01
-1.000000000000000000e+00
9.998971546826035395e-01
3.607863847087348641e-01
-6.402026566224392479e-01
-2.190832526452683726e-01
-4.584093319433042713e-02
4.061050563994594853e-01
7.985806005598486759e-03
-8.469251013950962470e-01
2.511755803265379450e-02
-9.440245857573786870e-01
4.681774955571475771e-02
2.829387831740259873e-01
-1.000000000000000000e+00
2.314806143182823184e-01
4.564242778190618632e-01
-6.464907154355332697e-01
4.652982142963096313e-01
1.000000000000000000e+00
2.914659497039716607e-01
-8.012443454431487089e-01
4.416194030821520844e-01
-1.000000000000000000e+00
-2.067910698173076600e-01
-2.061545750481931505e-01
-8.740970297544805589e-01
6.256238118726772379e-01
-3.783924105967704371e-02
7.380428567768015924e-02
2.451580526089822132e-01
-2.607339777423406391e-01
4.482870744831358722e-01
-3.895449532154134087e-02
8.697616918463565439e-01
-2.634774924059141155e-01
9.245511235087408575e-02
2.531480814361573017e-01
3.112589278308405261e-01
-2.967105212448413187e-01
2.762856666380565929e-01
5.268987195713457083e-01
1.925842438685629598e-01
2.623632263280462618e-01
8.750216612427141882e-01
-4.313327284794582495e-01
-5.044327123709050342e-01
5.472933803097903560e-01
1.000000000000000000e+00
3.116962632751539841e-01
6.963047752533872981e-01
4.964818805179656014e-01
5.156878072646351452e-01
-6.214500572276672186e-01
2.345476925076362962e-01
2.837347021076718212e-01
-2.639086094966561769e-01
7.679735598203358826e-01
-6.922872105034691970e-01
8.060884222475186434e-01
5.748438237500365089e-01
-4.325914508187411744e-01
-1.000000000000000000e+00
-7.249552639702193657e-01
-7.742259858797191363e-01
7.252074588639176866e-01
6.629494377648374737e-02
-1.069884117332759038e-01
7.345333415138655120e-01
7.305409029663781917e-01
1.838034322413361343e-01
-5.081797214733062562e-01
2.477635391866433168e-01
-1.994136008404158722e-01
-8.463964978253406268e-03
-1.821612818778167442e-01
8.045765923586200019e-01
-4.762325889041935656e-01
1.787273942603735954e-01
-9.075385704136377241e-01
2.841971854620305993e-01
-4.056399923206034375e-01
-5.303596273775017522e-01
1.000000000000000000e+00
8.982368403312774863e-01
-1.688870512166126825e-01
2.712126307158787553e-01
7.869011075254741527e-01
-6.587350904696257503e-01
8.858318638273104950e-01
2.897027176362019230e-01
6.947758287910711372e-01
-3.065538433562148279e-02
-1.951180810783812170e-01
5.285354386859747455e-01
4.406079920313626941e-01
1.000000000000000000e+00
-1.000000000000000000e+00
-8.744161383111132002e-01
9.300927696439480474e-01
3.348324374192618302e-01
-2.501015704616365021e-01
-4.373485117100102126e-01
1.000000000000000000e+00
2.212791684190629771e-01
-1.839109232347037048e-01
8.395337853322433208e-01
-3.926516061159224247e-01
-7.638463792092964333e-01
-1.447655858146355279e-01
-1.650457028649376379e-01
5.644316097543597976e-01
2.588332003470096288e-01
-8.291747952963095525e-01
4.694865470184732548e-01
3.548670292391613024e-01
-8.124115394993758343e-01
-8.203111828011979689e-01
9.584360870764465634e-01
9.951694663580251676e-01
5.601651130858850136e-01
1.202080069379256599e-01
3.678841685917434434e-01
-5.225323453940217133e-01
-1.795294413935223654e-02
1.479213817115559160e-01
9.281155869478152631e-01
-2.005392925268152660e-02
-1.606775915020800527e-01
1.000000000000000000e+00
6.997035793813488613e-01
-1.440282316007670538e-01
-2.507513572562467541e-01
-1.000000000000000000e+00
-7.558248837648042784e-01
1.836798374559677205e-01
3.150087456325800783e-01
