7.958038035026139267e-01
2.990969283244181987e-01
4.460787690615834467e-01
-3.431578004752028899e-01
8.897803324411864834e-01
8.835473631527258620e-01
-8.766680029172693733e-02
-2.663756677717759591e-01
3.214736934659672557e-02
1.015842191103136227e-02
-1.220413573892805553e-01
-1.000000000000000000e+00
5.481879603740178464e-01
-2.784171778066059366e-02
3.757543071135774904e-01
-3.309033871081119571e-01
4.675811221528282102e-01
-9.306938616822271193e-01
-7.473903216754802514e-01
-1.301234832674469100e-01
9.348329036535825143e-01
6.650951238527246234e-01
-7.994433281211632547e-01
-8.922720806970382279e-01
-9.354248585993902854e-01
1.971876244688788582e-01
-7.296743540887610235e-01
1.467181721395607874e-03
-2.939829820646636671e-01
-4.890202363559683629e-01
-5.458373324684558936e-01
1.000000000000000000e+00
1.000000000000000000e+00
2.015840370349490096e-01
-6.386246662956062137e-01
4.280989302374874628e-01
4.582627017136726710e-01
4.253928701726529260e-01
-4.702971969303980093e-01
-1.595746863171872421e-01
-6.732443900422577787e-01
-1.000000000000000000e+00
-1.000000000000000000e+00
-1.005423683047331346e-01
2.555389133739406904e-01
-7.584285843073153011e-01
-1.472808774618069860e-01
-4.987426238300548542e-01
-3.606634988249713958e-01
-7.413239708814302331e-02
-5.634579672252892912e-01
-5.896335252352220557e-01
-4.053428838988134553e-01
5.993945150991397686e-02
-1.000000000000000000e+00
-4.223484598508668864e-01
2.310070576302457046e-01
4.795289050991385915e-03
1.856476176506241249e-01
9.990576828650568064e-01
-3.510361785104778032e-01
2.315659318232909381e-01
9.475473619783830737e-01
8.206907484732514080e-01
5.712735088101239533e-01
-1.360135085950500144e-01
5.859674709511800694e-01
3.566961737010729827e-01
4.037370667470217556e-01
1.000000000000000000e+00
7.383892880060860531e-01
7.318431467845022409e-01
1.225089207829771487e-01
4.925475449531812044e-01
-1.825838492616638220e-02
4.026545722314298636e-01
3.195331789968913205e-01
-2.228182509399362354e-01
2.754992925673013238e-01
-2.214345189573835027e-01
8.275271943654155526e-01
-2.201766134790630325e-01
-3.715537891799007841e-01
-8.839972922610412898e-01
-2.859059113318913603e-01
4.958725992052139264e-01
2.980643863046176234e-01
5.651597646648724993e-01
7.960259622651602029e-01
5.463793340827354239e-01
-3.711764233482868214e-01
-3.225217875182755378e-01
-3.670945413671495294e-01
3.310889810996398008e-01
3.445495262996420283e-02
-5.148564176232549583e-01
1.000000000000000000e+00
-3.284159218427579741e-01
-4.848689367234712000e-01
-6.360684943752146214e-01
-6.211463265622700902e-01
-1.000000000000000000e+00
-8.638175879659756862e-02
2.744748795950711084e-01
1.000000000000000000e+00
-5.880890392694507196e-02
-7.723439024825128341e-01
9.801470652496996339e-01
-8.355951223870510258e-01
3.058448916776822513e-01
-5.992008370118092619e-01
-3.793479176490802129e-01
1.739805509758676483e-01
4.658698233070195371e-01
1.548517087839970108e-01
1.653227105671124519e-01
-3.816329679363038019e-01
-3.703127459688287382e-01
1.977203599307038040e-01
4.665320583230171958e-01
5.006226619446851878e-02
6.176777679855122161e-01
-3.446339791521182416e-01
2.933863281401980494e-01
5.346738915454410379e-02
-4.096279773448203154e-01
-5.756243865377172475e-02
5.508785950619924376e-01
4.247224536978053688e-01
-1.000000000000000000e+00
9.998968235205468735e-01
3.605896931340909495e-01
-6.404774053926434174e-01
-2.192111867136839476e-01
-4.581825550470379482e-02
4.061509565801485477e-01
9.135180513503857180e-03
-8.470082394263677150e-01
2.511417833281018308e-02
-9.491754736691057071e-01
4.679197845611861306e-02
2.783689655559385967e-01
-1.000000000000000000e+00
2.314644832715371248e-01
5.740603322448594170e-01
-6.246926102852716767e-01
4.631867310593161813e-01
1.000000000000000000e+00
2.880172403482316179e-01
-8.012451848621282569e-01
4.741832118105929750e-01
-1.000000000000000000e+00
-2.067908999028647554e-01
-2.061740372687785872e-01
-8.628729633337387517e-01
6.258026740491066109e-01
8.639197559311384556e-02
-7.526457221678048426e-02
2.450380853939103099e-01
-2.607337644813954580e-01
4.485603847025260160e-01
-3.959792791980473042e-02
8.181138422139141442e-01
-2.634140752213143810e-01
9.221708456632074502e-02
2.531429484354165149e-01
3.112541689575765158e-01
-2.923898979812483145e-01
2.762855045046886393e-01
7.028445380489337646e-01
1.949312548386441246e-01
2.622911779181281156e-01
8.595071002444050201e-01
-4.313327248563845751e-01
-5.043891266651869820e-01
5.837755093403226292e-01
1.000000000000000000e+00
3.117528573035005524e-01
6.965154273378550975e-01
4.936332704868816590e-01
5.184624026474531355e-01
-6.181390265907289461e-01
2.359341902204289687e-01
3.297224241442488907e-02
-2.639058867106157114e-01
7.864346125139435317e-01
-6.922913201438722908e-01
8.003036487282232381e-01
5.748438354767358982e-01
-4.325903287637427597e-01
-1.000000000000000000e+00
-7.256994680286578125e-01
-7.729891163302343715e-01
7.252076285440631764e-01
6.630666572324922514e-02
-1.071678544787896398e-01
7.349427989628352087e-01
7.313838756668665786e-01
1.858371456833833313e-01
-5.081843842502247188e-01
2.464191454965689032e-01
-1.993869104725619346e-01
-7.753132849274022020e-03
-1.761846638339449878e-01
8.046175326569613429e-01
-4.761379448277482940e-01
1.788801551011621194e-01
-8.079535647757964956e-01
2.842348544068372673e-01
-3.452589663403453635e-01
-5.373041143960428645e-01
1.000000000000000000e+00
8.990344517077666353e-01
-9.388679230508555074e-02
2.731826912215021830e-01
7.879392953592203597e-01
-6.588240133431561008e-01
8.858337562209543936e-01
2.899670596678946555e-01
6.947777676097786070e-01
-3.078211444527375468e-02
-1.937690206714165198e-01
5.316959282900977080e-01
4.422129909396071423e-01
1.000000000000000000e+00
-1.000000000000000000e+00
-8.744167753852717384e-01
9.300994337440560145e-01
3.349978386392453711e-01
-2.511746301836832451e-01
-4.373761237124051959e-01
1.000000000000000000e+00
2.214414689057029872e-01
-1.839098121370200678e-01
8.395847414276206289e-01
-3.926506234152580266e-01
-7.638680942213638136e-01
-1.276276089583693596e-01
-1.642038998467470201e-01
5.646266889090475471e-01
2.588320701581196537e-01
-8.300151674180304973e-01
4.700924202971819010e-01
3.548612113488308628e-01
-8.124143174222938635e-01
-8.202588909347663382e-01
9.585128535993192589e-01
9.954763380149675989e-01
4.698507656695661838e-01
1.200691007231024926e-01
2.970846920698064220e-01
-5.225782857505391066e-01
-1.804403743849086750e-02
1.417757386918848950e-01
9.272067770964698141e-01
-2.003630622810102790e-02
-1.623035173800433384e-01
1.000000000000000000e+00
6.997130380910372427e-01
-1.452049048386043484e-01
-2.506514047105946608e-01
-1.000000000000000000e+00
-7.558589818862568865e-01
1.836948445676241382e-01
3.126915086345666839e-01
