6.616838414324658357e-01
9.632055473698636350e-02
3.689208213789988422e-01
-6.047699126118064594e-01
7.846956703644425435e-01
7.477874978430769648e-01
1.563672520159722912e-01
3.686845375171270422e-01
-4.241392989589247708e-01
7.725890768662595498e-01
2.921650598235634444e-01
8.825245361399773891e-01
-2.771141233745349486e-01
-8.473759356087686712e-01
1.881020690518689364e-02
-9.823663755352024518e-01
-7.695993442648559058e-02
8.354741747084006853e-01
1.171048026427761735e-01
-8.528693782931056067e-01
8.492728131086019205e-02
-3.458275506954184841e-01
-6.433241698669760478e-01
3.831824825347699554e-02
4.140336044632924040e-01
9.629821426300260168e-01
5.668415694502142166e-02
-7.355549314169460562e-01
-6.051505956160149191e-01
-9.245621811332069839e-01
4.883426634455889648e-01
-3.238419333047315996e-01
-6.950963379602819181e-01
3.181283551396369425e-01
-3.839424246595686818e-01
-1.715638946072499949e-01
8.304976549374591954e-01
9.245596754153235786e-01
2.804542453561360560e-01
6.395565729887688067e-02
-3.657072106048521454e-03
-1.000000000000000000e+00
7.497971900802276046e-01
4.901203749173252966e-01
3.994658062277505195e-01
-1.000000000000000000e+00
3.632167738064072671e-01
-1.000000000000000000e+00
-7.135436885776325067e-01
4.932806042829702697e-01
2.445821841963802257e-01
-1.057315964337346842e-01
1.625900231514779137e-01
3.751540968750612937e-01
-4.331209105355375844e-01
-7.086748429790055148e-01
4.861713441011990544e-01
-4.543201905489703367e-03
-2.114154483762848979e-01
1.000000000000000000e+00
3.606607630217815719e-01
-1.000000000000000000e+00
-3.238522877145770806e-01
-5.433633012832922438e-01
2.527167936227313616e-01
-5.611414048273879324e-02
1.000000000000000000e+00
7.003932087936533268e-02
-5.245992077747456683e-01
-9.344456146496649129e-01
1.000000000000000000e+00
-2.540209604212249617e-01
5.828530978495080062e-01
5.821628590005016868e-01
-5.499672827043938783e-02
-5.920604212564930524e-01
4.672290359264761328e-01
8.352810937676523606e-01
-2.733378357140696102e-01
9.987141397301215751e-01
-3.340820596980146329e-01
-5.267560814098307675e-01
-2.076338500837389134e-01
7.980341383995143145e-01
8.690219294080743229e-01
-1.930911003922361133e-02
1.620841852335508093e-01
-4.457355466015582302e-01
3.624763186374655444e-01
2.712294522194904633e-01
-3.028123045802209035e-01
1.027382862418874665e-01
-1.611294326276355438e-01
8.003993157857370866e-01
-5.513978458556689777e-01
-1.000000000000000000e+00
-7.797734504752461548e-01
8.532339224325493632e-01
-9.474325683484408067e-01
1.000000000000000000e+00
-1.000000000000000000e+00
-8.539213015219377922e-01
6.644685549891781173e-01
-9.952660680000684490e-01
3.572283787532496424e-01
4.325445760656289051e-01
-5.826219046274986324e-01
5.307897941692966276e-02
-3.472421414730422207e-01
4.011083722956043651e-01
7.143106359196339794e-02
-5.813066199882289675e-01
-4.937560056137644815e-01
-5.637043817425680947e-01
-2.976573716225982547e-01
4.597476144106655838e-01
-1.864532466403467578e-02
5.732790021672240499e-01
4.244822285952040142e-01
6.282232824567565155e-01
2.519934875528837548e-01
3.480215726878636007e-01
-6.586861549803232352e-01
6.931003626705931620e-01
1.000000000000000000e+00
-2.705334939181536780e-01
2.953949134662773313e-01
-3.591866747042282149e-01
6.940375325191504574e-01
-3.054145689006665387e-01
-4.561913571446530868e-01
-9.207586920846306811e-01
5.536242429249409458e-01
2.045960004447084646e-01
7.329537724005523724e-01
3.394358938809819426e-01
-1.000000000000000000e+00
7.414254760056332438e-01
-3.037067881697891880e-01
3.847264329953002382e-01
-2.318765846618591475e-01
4.684629974471837821e-01
3.657546159516502637e-01
-4.568013819471692383e-01
1.000000000000000000e+00
-4.300898095094696783e-01
9.350118172225886370e-01
1.923052845972688663e-01
1.220200545138001441e-01
2.920536664140564453e-01
-1.225567098224265850e-01
-1.848419717101755788e-01
2.623496615144914335e-02
-9.565315737199103774e-01
4.390608716290441138e-01
4.606952230551818461e-01
-1.000000000000000000e+00
2.432326990276187928e-01
3.428285721851224710e-01
-3.923981146859549796e-01
-3.569202651365629281e-02
7.408940113027431273e-01
7.124849816564018390e-01
4.847257999953197977e-02
2.124553293551130831e-02
-6.552036851282232455e-01
-5.611208031344725455e-01
2.877367044186054379e-01
-1.767898282884279859e-01
-3.907866720534706323e-02
1.897250621792153091e-01
6.985925311045511066e-01
1.000000000000000000e+00
-7.191215435405373668e-01
-1.696470414534314852e-01
-1.000000000000000000e+00
1.924027167849652609e-02
2.606170506184115609e-01
1.000000000000000000e+00
-1.000000000000000000e+00
4.276936505107513664e-01
-2.393734329242381831e-01
-4.341530995374933699e-01
7.570983760265102003e-01
3.656168588542053205e-02
1.000000000000000000e+00
9.999950717933567823e-01
-6.352239634920422429e-01
-8.748220863036202388e-01
-1.000000000000000000e+00
-9.996258241664581767e-01
-5.495102515338126103e-01
1.537741868940720735e-01
-1.388490028098100237e-01
-9.321527886023427412e-01
-2.113896916447316199e-01
8.809074672545841311e-01
1.000000000000000000e+00
4.631012609675120295e-01
-2.448325560056383021e-01
1.000000000000000000e+00
-9.148192060613618004e-01
-2.327983641381002333e-01
-9.205714051127391606e-01
-3.399544522078216113e-01
-1.000000000000000000e+00
-1.081856104822145337e-01
-2.862397135702542950e-01
-6.857089751442622116e-01
4.413267157155437159e-01
-8.561500601008827926e-01
6.867429052983052840e-01
5.296597589319096411e-01
2.771251262167186424e-01
4.932484716899784294e-01
-1.438521258410747627e-01
1.129028297551621929e-01
6.083869742208959375e-01
2.655705611582085401e-01
7.605906903361560056e-01
8.610850857755228405e-02
-3.805479441639593174e-01
4.123481011121360451e-01
3.186889504019591590e-01
-4.455876444647277612e-01
-1.406414596679399567e-02
-3.835974499592680331e-01
4.912957124510817231e-01
-1.184542119859428033e-01
6.024621389258337789e-01
6.277724218134744794e-01
-5.292797044209343049e-01
-8.997506974052450479e-01
1.000000000000000000e+00
-1.000000000000000000e+00
-7.878775713037300399e-01
-6.226345668407426981e-01
-7.296894563684097612e-01
2.059038961043870020e-01
-2.838748227429684357e-01
7.973053096289645092e-01
-2.397337211029585413e-01
-1.519262346027168142e-01
8.541865143713051056e-01
4.902940396463670303e-01
3.412537648244678423e-01
7.087808070867789301e-01
2.669448247851324285e-01
-2.359852101775643252e-02
2.093065666225872867e-01
-5.222588472952769401e-01
-7.717181593573422226e-03
7.697126672587396579e-01
-3.069104239535636568e-03
1.024007460618254067e-01
-4.185064532208402355e-01
-3.905479953286122297e-01
-8.311949510042944134e-01
1.280105288321622681e-01
1.207988310504773954e-01
4.918552411081701381e-01
-3.544760781352281898e-01
-6.081725807877883527e-01
4.454034803437777468e-01
2.636474956732771657e-01
