-7.841917245398351000e-01
-5.256471419842980719e-01
-6.891235812178162501e-01
2.750735204707099868e-02
8.559105494383834056e-02
-9.723159171936428535e-01
-1.965657097554149857e-01
-6.921774102781055316e-01
-5.632131930748693893e-01
-8.670358880024631176e-01
-6.204212703700937581e-01
-4.270321251013211583e-01
-3.314348520916556851e-01
-1.549920576108450021e-01
4.963392666160038047e-02
-8.286701039490924625e-01
5.771005411050560419e-01
8.206721756080461727e-01
3.598765853718588481e-02
-1.082102855570152844e-01
-9.168168679526733644e-01
-6.753955353065055345e-01
-1.942093464102490064e-01
-4.906518758131839242e-02
6.132595338648920702e-01
1.631975353703256637e-01
8.106151542251829323e-01
-7.127524967109495346e-01
5.103931431723600642e-01
-1.998009912837270807e-01
-1.551792354993470902e-01
-4.437852052851019025e-01
-9.203278392353162474e-01
-2.267777041236240798e-01
5.951842784787342300e-01
9.501271754599212027e-01
7.554924765238153483e-01
-2.280906994253659725e-01
-2.903529082922389204e-01
6.304612159901414881e-01
-2.584242725488805625e-01
-2.010312625871661929e-01
2.665678953100005799e-01
-2.103436246916592367e-01
2.677154969101060988e-01
-6.721462137107681034e-01
6.181429373142341976e-01
2.146845367190675091e-02
2.229259587242558016e-01
6.720794383230734859e-01
9.820887018254689238e-01
1.311174103247392253e-01
4.265513841051387089e-01
-7.672409233649866156e-01
6.996119133696285797e-01
-5.222258808968434085e-01
-4.517473100887843263e-01
4.429271518137067876e-01
9.356441576364193935e-01
-7.575012240478451453e-02
6.480862936573468236e-01
-1.047747246796968401e-01
-6.026363717669402931e-02
7.772473712027867521e-01
5.754508079641238449e-01
3.065378269834573288e-02
2.834950440586008202e-01
4.300190808931771969e-01
1.021483531010090040e-01
-8.425782220882640505e-01
7.368686515297104833e-01
6.530228316862589644e-01
-2.633707735055590415e-01
2.605893639829948150e-02
1.745881696077782319e-01
-9.865031672563242537e-01
2.441589283720135839e-01
7.867156278542930536e-01
1.043020586122156423e-01
2.127280670015161412e-01
1.241082504107744455e-01
1.823807725091608489e-03
7.028363130472474740e-01
-2.533854123770122868e-01
6.339704286557175106e-01
-9.075146044863571237e-01
-6.330257074172480625e-01
-6.737756627635222983e-01
3.693994445656723080e-01
2.889072565892356614e-01
7.867101895527865985e-01
-8.622751849471679275e-01
-1.669750695429983445e-01
-3.593583844916217185e-01
-5.682584995935606731e-01
-6.491034123906016529e-01
-5.816445188602461513e-01
-6.620349292274507746e-04
4.575330314979857427e-01
-5.126779511437493664e-01
-2.772791568982277965e-01
2.015534140510335526e-01
5.376815602213520506e-01
9.234349563460013677e-01
8.213703729089083527e-01
8.590115580845909538e-01
4.463935888061076884e-01
-3.513100489336593579e-01
-2.611706876269102029e-01
1.785962813086288126e-01
3.477902490789386292e-03
6.979953188650080964e-01
-2.999929041254076889e-01
-3.942801781387823556e-01
7.024316046927636670e-01
4.533244553489745865e-01
3.393966224543147892e-01
2.377091486604692161e-01
4.402906683414129496e-01
8.778997714665333074e-01
-8.729820431912482803e-02
-4.825182564553376352e-02
7.928058424071373622e-01
3.991594563060358869e-01
1.754194150363532767e-01
5.659779930949364601e-01
-7.005414633173896455e-01
6.059423259573308851e-01
-8.822114648537098258e-01
-6.397648110483233896e-01
-6.521708122232030558e-01
-1.628248494893820286e-01
7.644938640137617369e-01
-2.262078817077419757e-01
-9.734495326478542765e-01
-8.289260581839390518e-01
2.262292202317677248e-01
-6.639999460760681593e-01
6.011204283611588650e-01
-9.957809442602421068e-01
3.164155761734934735e-01
-9.801648931975537327e-01
-7.355507005281378685e-01
3.104544927931351950e-02
5.612571766208267476e-01
-9.514937179399753919e-01
-1.309806942279714281e-01
-7.251908585899213833e-02
1.587456058313172491e-01
-4.954369073113167321e-01
7.748286395769921064e-01
-7.728212974402124402e-01
4.780774610821809656e-01
-1.381177975709801942e-03
-5.543756332674210086e-02
2.250471021052828924e-01
-5.511871562576451389e-01
3.058964120832752265e-02
-9.766664837811080968e-01
-5.643527250546591656e-01
-8.203747804023648893e-01
3.174992614720757445e-01
3.854744645742251841e-01
3.349615531852285777e-01
-1.762969676819963194e-01
9.513633510549996952e-01
-9.930630125660739882e-01
-1.756252700067844064e-01
-3.291089435277101405e-01
4.133035911872349200e-01
7.875791908351594817e-01
3.951406750738775120e-01
-5.245404080636666411e-01
-2.485164189117823330e-01
9.286018299081653105e-01
-9.687667073554049324e-01
-1.807726822277471168e-01
7.035699250220968093e-01
-2.499946747608154940e-01
-8.407129342372243741e-02
-1.558305047029864276e-01
-5.591404113548661403e-01
-6.873971574563517706e-01
-8.798750572440197093e-01
-5.480644708658937159e-01
-1.543325021350181459e-01
-2.597241099063962722e-02
-1.531896402164467652e-02
6.246596717562675760e-01
5.192270095445143951e-01
8.461642338258723584e-02
-7.196749641408999310e-01
8.136531775824762391e-01
2.713866091960772664e-01
-5.249935310762459117e-01
3.708265308290716877e-01
9.333066718575653287e-01
-6.210223094206734906e-02
-7.240367160106411237e-01
9.559643850617893790e-02
7.558151105027306471e-01
7.506308763417943730e-01
2.107788951665752197e-01
-4.213867718258259565e-01
2.151631275483478767e-02
-2.715622889034952081e-02
-1.021608513449452360e-01
-2.970785651717475773e-01
2.312111036966266742e-01
-9.856095876528188082e-01
2.782017667617562307e-01
-9.994262389414267922e-01
-4.378091783853330643e-01
5.251927946790271307e-01
-4.258692506565571190e-01
5.168291209718329782e-01
3.016538704503934909e-01
-2.715653776402859876e-02
9.372794740561096738e-02
4.068069342125251175e-01
9.073687116748845316e-01
8.923255912918026667e-02
-1.337662553742657856e-01
-1.669475386769136982e-01
3.902850724217763467e-01
1.118580254378782612e-01
5.181743794412543291e-01
-5.887018166463884317e-01
-7.315337722196768588e-02
-4.826429635414284380e-01
5.072757587812899427e-01
8.741250751121565354e-01
-2.031279850318357116e-01
-7.146760387066648512e-01
-6.195713648489438174e-01
-8.234185510990321699e-01
9.670825733274772684e-01
7.403998797213298122e-01
-2.641785371216467393e-01
-6.625667940826385216e-01
2.188370624299864620e-01
9.282907971950560277e-01
3.984466379566424798e-01
9.897256497473270187e-01
-5.299443983968092908e-01
-4.033497025096970390e-01
8.751081302106933357e-02
-3.649182147175429325e-01
4.499164747155972588e-01
-9.180582520142726022e-01
5.351192082694411489e-02
-5.264130205523265271e-01
8.384449206712660807e-01
3.363615747107597809e-01
1.060438870749946805e-01
-3.426955348132869617e-01
-6.418132364494699704e-01
-8.320241438891786689e-01
5.445598284448873727e-01
-5.862608269176172726e-01
-4.646865975383673852e-01
-7.924942143555564478e-01
3.522652194992310637e-01
-3.244038958024226815e-01
-4.542698240338400861e-01
