1.455661225363940048e-01
-8.861721762674428238e-01
9.830254026956066760e-01
-6.155284663174303006e-01
-9.077281942081600885e-01
-1.721955055478352481e-01
3.239733152352628487e-01
-9.947232844121469686e-01
6.480732047865549461e-01
-2.196446201020740840e-01
-4.707959203706035822e-02
-4.389240051822300703e-01
7.058698191452410509e-01
-5.502445484355484862e-01
3.583510051451255229e-01
-1.451799291737931874e-02
-9.348696598564616433e-01
6.885168926271716394e-01
-1.295384670554777795e-01
-1.716772647872950586e-01
-7.766010701269494554e-01
6.705441940098673115e-01
-1.974100741283837390e-01
-1.754504472240281387e-01
-3.697390520611827380e-01
1.786194789849349096e-01
-5.628208793301476831e-01
-8.938565669343114806e-01
6.522194581497851029e-01
-1.016603382940555189e-01
-4.053005742485700225e-01
-3.520238008742160307e-01
-5.402660188992840506e-01
1.695048946301760395e-01
1.088296238618766676e-01
4.586512951257575299e-01
4.561445181791823344e-01
5.090583435977984461e-01
2.958553945763080506e-01
-8.101645593522244226e-01
8.983875718290419421e-01
8.864410638950470656e-01
1.592608136357553938e-01
3.989562729272724262e-01
-8.004757837822999988e-01
-4.223436468190784332e-01
-7.830442212305579464e-01
-9.370216985763322182e-01
-5.440865287602938416e-01
7.173713782123600780e-01
8.025240942979077197e-01
-1.831087401827684591e-01
3.794515423015947242e-01
5.398107886438634484e-01
-6.989959889355001899e-02
3.310293170311684463e-01
1.698471745184488846e-01
-9.468317341373291285e-01
-8.195312773014786778e-01
-4.403897266677319067e-01
5.324068664572174647e-01
-2.928284664674372095e-01
9.518556648436322654e-01
-6.661646187316196954e-01
4.577568703419316876e-01
4.999630446073592971e-01
-9.426476404270565101e-01
-6.111612846721141690e-01
2.699475815710887794e-01
-3.805071439405236511e-01
9.940292532850625307e-01
5.728509206638552342e-01
-5.104480558223252196e-01
-8.744033640432313792e-01
-5.766228115399087972e-01
-4.775986748784200042e-01
7.470922335565293171e-01
1.474311159438679297e-02
-9.525388638787066764e-01
-8.416370230238272576e-01
-3.487947249038667596e-01
3.967331909491549347e-01
6.304169390412965868e-01
3.483039290976495117e-01
6.206786867824847231e-01
-2.700161806906875572e-01
-1.513651632461823215e-01
-3.996381340175545471e-01
-9.050902296341702957e-01
3.991456329779332624e-01
9.616880942406487165e-01
7.883934630816464839e-01
4.288076047085525033e-01
3.635594448356687103e-01
-4.279156968835908792e-01
-5.473073213625567757e-01
9.473767025004966591e-01
6.686855596647272026e-01
5.000621967034322157e-01
5.073870433758147502e-01
8.440323044642381589e-01
9.407588205585335484e-01
-6.771427247059744747e-01
-3.989776984112820557e-01
9.455640514936924923e-02
-7.186904270756420132e-01
-2.454764179172999050e-01
-8.043667683328368234e-01
6.120143238549520248e-01
-8.573767632508189074e-02
-6.570525372268363196e-01
-1.040222752532753425e-01
-5.250456347597747264e-01
-6.632331238305668730e-01
9.592326484521993546e-01
-7.124838174240770705e-01
6.576190059773801000e-01
2.559336356032904103e-01
-7.858806775230260389e-01
-3.350749409382551836e-01
-2.553485587671591173e-01
5.693091619330779007e-01
7.303525591209489853e-01
-7.692280640383633017e-01
-5.286597863509649997e-01
4.739059292353147157e-01
-9.429522326109940344e-01
-8.110360768256006381e-01
-8.440958670642992878e-01
2.440482117171662857e-01
-8.926321853276788509e-01
5.301868095387689550e-01
6.939494691855174757e-01
4.501814453021595330e-01
-1.821645172729953188e-01
-9.860459994366774783e-01
-6.202752854289028672e-01
-4.710296082636329373e-01
6.509158342956724574e-01
-8.803129739932531450e-01
1.699901904294562893e-01
-9.844695797416349592e-01
-5.882475937151121492e-01
8.461665874879236160e-01
-5.782384171168040154e-01
6.860258030364090320e-01
-5.416732786940579025e-01
4.633668189028514739e-01
9.540105603263755452e-01
-3.622840489014400589e-01
4.631017602539255762e-01
-4.931705004095998657e-01
-7.867138298685389941e-01
8.688481364963485110e-01
-3.134961638576796439e-01
7.950827149339418920e-01
6.415616632098277705e-01
5.294311283762476172e-02
-5.858112193985849370e-01
7.906849800280215668e-01
7.122686541452516451e-02
2.778470605367056034e-01
2.382639548384721806e-01
-4.263804119821046346e-01
5.165656737071775417e-01
-7.870203722540658475e-03
-6.807176422084226797e-01
6.823630133853348934e-01
-2.564098839556525622e-01
-8.031380409108754836e-01
-5.846568212703622258e-01
-5.529245147390697834e-01
6.821800133452537995e-01
-6.126021857571948281e-01
-2.792013313810985942e-01
-5.824904534363404274e-01
-7.691923959285107415e-02
-3.342001839812955843e-01
-5.217554628932428162e-01
8.604440753383961749e-01
3.215239450860640780e-01
-6.415226408746343978e-01
-6.807550282816898779e-02
9.142896904548341031e-01
6.218546907186046635e-01
-7.556412290740970317e-01
1.695773397217319456e-01
-3.533016989661814655e-01
2.387220321838068315e-01
-9.030670071435944468e-01
-6.829504708928126888e-01
9.417556080904159188e-01
6.520459006911338840e-01
2.625356392775963776e-01
3.438790192797203105e-01
8.701755678158229479e-01
-5.444455009558635261e-01
-1.195238056857352849e-01
8.928655785501526942e-02
-2.891398154045676794e-01
-1.065440099938625984e-01
7.345454542053886371e-02
5.339175515440075515e-01
4.688011516039698456e-01
8.862828350092510910e-01
-5.026032080286353398e-01
6.286272352995987411e-01
7.623318917714818621e-01
7.171498793942201466e-01
7.043169122386374603e-01
-8.619091156803695419e-01
-9.706648356869620464e-01
6.760417049442042359e-01
6.882588783066632132e-01
-3.527929211492806250e-01
-5.869797209083160716e-01
5.426670856460242831e-01
-5.259807078246550027e-01
8.404774818107845213e-01
-8.795372586487752997e-01
-2.930695803291558654e-01
-8.584459716282768493e-01
-3.868114956760879686e-01
9.376177672762180393e-01
-9.376895055686205183e-01
-6.353543182076677454e-01
9.580374406759011308e-01
-1.835822104017115208e-03
5.099837301423342240e-01
-3.046709910459535209e-01
7.157025922662674233e-01
3.761734849102422729e-01
-9.544969092454747006e-01
5.416028958373453328e-02
2.935033513406413164e-01
-1.508530704598891603e-01
-4.599447493395483200e-01
-3.929987013919866712e-02
6.215797881790148249e-01
-3.880555684745259359e-01
-7.993511947673033191e-01
-4.268020642675751652e-02
-1.028790735569322656e-01
8.761733570531460291e-01
-8.013748988679694207e-01
6.288641669962100611e-01
6.651947272163345470e-01
-5.691390917463907684e-01
-2.718862668315515929e-01
6.928217953452864286e-01
5.411521857302223903e-01
-5.521667347465806230e-01
6.997884776940732632e-01
-9.143936602648261580e-01
8.297003354033225531e-01
4.634708918389933707e-01
-5.467834568810707729e-01
9.134947905196335594e-01
4.451656802757746334e-01
5.332508771658712732e-01
-3.368754089556158515e-01
6.620041265319662749e-01
1.223468598460319967e-01
-6.760608932548002326e-01
-9.591941732286006772e-01
