1.389237347824150426e-01
7.716130056011105687e-02
7.981113594715618653e-01
-6.181448981418899979e-01
-1.553699621704904832e-01
3.810024917689491808e-02
-5.738259360848063650e-02
-3.904395096681532173e-01
-2.597698361584468429e-01
2.507959235421102218e-01
1.790909751096871894e-01
9.410053641097380073e-01
9.644375338052912916e-02
-6.160278335722766396e-01
-6.145276031903870173e-01
-5.105327332937497076e-01
-5.104599055968339627e-02
3.976367426925706550e-01
5.326131245548038073e-02
-5.591726292414311850e-01
-6.319544383587782921e-01
8.276408294047166159e-02
-9.622076844918108218e-01
-7.997760952799877199e-01
-5.714421754809961840e-03
-1.308004747720847849e-01
9.974679100734871184e-01
4.739121683708049648e-01
-2.999219007917868218e-01
-7.889542034459959829e-01
-1.566543736078578331e-01
3.786255111101208826e-01
8.516891958836181331e-01
2.017872847429691419e-01
-7.935172380271187098e-01
-8.788588768727603195e-01
1.422504510340436568e-01
4.938163303294254014e-01
3.347200957103881880e-01
-5.180869334456128517e-01
-9.240757551860572239e-01
1.604141474868110429e-01
-8.894908260890106444e-01
5.453809869474048888e-01
4.951557683783900377e-01
7.364429556579965563e-02
-9.724713510382887449e-01
-9.818389968591585415e-01
5.596928641185647813e-01
-3.770316634792445498e-01
9.614641201880971266e-01
-5.114389423975000959e-01
5.331073494490954356e-01
-2.281442060479346168e-01
3.569542725731975619e-01
7.600279530526983240e-01
-9.299296063376998323e-01
-8.891294962971669769e-01
-9.054881467920157245e-01
6.394765764783549855e-02
-8.546786705609419332e-01
8.616027701187622956e-01
-9.935731259963207496e-01
-7.125286411459492708e-01
-7.809092739531775518e-01
-5.290928748998176001e-01
4.574260049664027328e-01
-1.734113941222041877e-01
-3.554614419216273191e-02
1.086485194496449314e-01
2.087141799795579900e-01
-8.192892988263775766e-01
2.569439940619615559e-01
-4.575515219850481152e-01
-2.623403988902102135e-01
3.820464100191962586e-01
6.564502541583459028e-01
3.634054439521670066e-01
1.908019785437564675e-01
-5.967903842609727505e-01
-7.359916727359463451e-01
-1.601733693671556491e-01
-1.940544705364353195e-01
-3.593828543483117421e-01
-1.216564902848820129e-01
-7.843897261940953047e-01
-5.312481739764152167e-02
7.748355473411623340e-01
1.443469319333654521e-01
6.752560602062640527e-03
-1.189806588573891766e-01
-4.058279607915320497e-01
-3.919135417680803535e-01
2.373469092208919662e-01
2.304793626043057930e-01
7.370032381183693193e-01
-1.434819333100638694e-01
7.325400313844345757e-01
3.587516830709478466e-01
-3.220463703498328556e-01
2.368515491183127430e-01
-6.956164055169624660e-01
1.284732212154959807e-01
-9.638025012018491822e-02
-9.886150893551297614e-01
-7.590122046099478936e-01
-4.373772280205059371e-01
6.045949916277444380e-01
-9.469322105780011434e-01
5.179737407771796143e-01
6.542151247176959394e-01
8.191274479666759145e-01
8.829707586074866388e-01
2.360235192726285458e-01
6.353161607940123190e-01
-6.683242301034808541e-02
4.335909525583034885e-01
-8.611924173865068699e-01
2.392457621882499996e-01
7.839245349028729493e-01
-8.191735842812741808e-02
-9.256384894301494803e-02
6.265218060870187955e-01
9.862420665868953940e-01
6.265433112492178047e-01
-3.644588930761183398e-01
3.362136402468862695e-01
1.225517809758114307e-01
-9.744963436417521940e-01
8.232735657982210853e-01
9.317090836251018526e-01
8.201687852151540170e-01
4.143891024284562796e-02
-8.212093988245849907e-01
7.044250036280153004e-01
4.396868395256967599e-01
-9.163555825865303817e-01
-8.798404908098811372e-01
6.275727985349603966e-01
6.694916678162239343e-01
-8.492909194488043045e-01
-2.064733025305796055e-01
9.338193009833868352e-01
2.522078990480824956e-01
6.585928040141006967e-01
-2.543002046510902669e-01
2.694625900252558548e-01
-6.341148366719497886e-01
-8.700523028673849968e-01
-5.513725916848399855e-01
-4.016394501033064834e-01
9.869240659001221605e-01
-5.052074637170496096e-01
8.076197539261447123e-01
8.271004050133652363e-01
3.806006742905552187e-01
8.964407658061470663e-01
-9.675469938737890629e-01
2.804315780064441377e-01
7.726817921180981763e-01
1.570524486213897841e-01
-9.200012191294826280e-01
1.656052795709839209e-02
-5.978286498154330442e-01
8.275407530635359166e-01
-6.256461284783858545e-01
-9.559619316619085705e-01
9.282201393462286010e-01
9.469748599933280886e-01
5.102269545770947712e-01
-3.261362718050286880e-01
-8.055600353955625348e-01
6.008198119005616622e-01
-2.653710736793839509e-01
2.109658836247536584e-01
4.658633648398886606e-01
8.182282837478500603e-01
7.313227261778514343e-01
6.221270500285376315e-01
-1.941332071098516021e-01
1.266740560303551977e-01
-8.302135192754200865e-01
4.257813009077371369e-01
2.490349782497758291e-01
3.688632443825878848e-01
-9.870060601103398668e-01
-4.666244066650626632e-01
3.516260378578184298e-01
7.387269746620910293e-01
2.639127908788707622e-02
-4.202655540922528576e-01
-7.661149890777507743e-01
3.559748222215353142e-01
-7.559713369153111540e-01
-2.248826787232809377e-01
4.717641115899131599e-01
9.572326334885883359e-01
2.931944565853608076e-01
-7.878843974831875041e-01
3.894722452143317692e-01
9.595018758178750495e-01
-3.765643232820432562e-01
-4.222155261606377330e-01
-7.384978516980775787e-01
-1.284265637655555015e-01
-7.643050209739694623e-01
-3.453913555432703841e-01
7.451902608216949275e-01
-3.684892286509902082e-01
-2.499094616256725132e-02
3.300997544533559314e-01
4.877765644262264111e-01
5.689369235795580515e-01
6.141422357096042450e-01
9.888182060547467955e-01
-5.760539265250732566e-01
-8.016127754098987257e-01
8.159848523916868324e-02
5.653828074617235355e-01
4.315880685554018825e-01
3.574702137272069979e-01
-1.301401318648494065e-01
-1.116257357108356718e-01
7.761392489505052339e-01
-2.751998702767715077e-01
6.639621668763975304e-01
1.511692957774553037e-01
-7.789935231867266552e-01
9.552184182586118677e-01
3.595086484216014622e-01
4.583407353954735974e-01
-2.269786026284521530e-01
2.986892486491536935e-01
7.533561885112125545e-01
3.507951802520778983e-01
2.244993569266107158e-03
-2.361748859421641811e-03
7.663206337517469713e-01
-1.852954192725273508e-01
-9.224240183193559428e-01
3.933224743220380404e-01
-9.366222537787489699e-01
4.756918344408902488e-01
-3.666341365203362734e-01
-1.692302273430517090e-01
-2.598847536378274814e-01
4.102721935336910430e-01
7.319003825270267161e-01
8.251213330564264314e-01
5.870208789200526134e-01
-9.111163594979425628e-01
6.761073830968078457e-01
3.861026526744759657e-01
2.714684580412505266e-01
-6.216264822282056013e-01
2.916081139136881273e-01
6.397509348334062818e-01
1.402025795775831973e-01
-2.389588217553229033e-01
-6.455819554841626395e-01
-9.889108747754646878e-01
-9.722256670037814352e-01
-5.689943281257292540e-01
6.960743592066351848e-01
-1.903594185002570605e-01
