-7.726580755273360079e-01
-5.430317944352844872e-01
0.000000000000000000e+00
-5.693765427502690546e-01
9.782101624643486648e-01
2.898624428911167339e-01
9.032553895687622791e-01
-9.852169725457238236e-02
0.000000000000000000e+00
-5.817365757919170655e-01
-4.486353037844865721e-01
3.653485898412596189e-01
8.483096802054173047e-01
9.839907802499079370e-01
8.107136028828563212e-01
-1.080426267049772182e-01
0.000000000000000000e+00
-8.311839335437525289e-01
0.000000000000000000e+00
-1.252564433287191026e-01
-6.971280745073766827e-01
2.236638469905056770e-01
0.000000000000000000e+00
0.000000000000000000e+00
-8.604529365687247910e-01
2.995892626486784671e-01
9.063071909644804247e-01
-8.399022225589083401e-01
8.443872702219388238e-01
9.815649788444240631e-01
1.966251660341988838e-02
-1.147835641860925904e-01
0.000000000000000000e+00
6.460464679920341347e-02
-1.263719069653266303e-01
8.167494381939650605e-01
-1.940692733484212784e-01
-9.631642161913398503e-01
7.247468317525742609e-01
-4.206067219652682709e-01
-8.253624245476509635e-01
9.063197780786069746e-01
3.016941400622592528e-01
8.319527179855452648e-01
-4.494550308781533055e-01
9.328247562011005023e-02
2.773758443141076668e-01
-1.520271278111824387e-01
4.823198501466114951e-01
4.114248347616156209e-01
-8.275677912453449636e-02
-2.366341238951608084e-02
-5.181811112382748163e-01
9.125361831834928328e-01
7.117897914078261667e-01
0.000000000000000000e+00
5.569628412108431625e-01
0.000000000000000000e+00
4.078867572194824209e-01
-6.298374189732276474e-01
0.000000000000000000e+00
0.000000000000000000e+00
-6.506401873905285349e-01
-6.088459106101586915e-01
7.628452556191118727e-01
-2.279937611528768393e-01
7.307934914118021652e-01
-9.771709733002296172e-01
-3.652463306419266864e-01
3.361449087355521392e-01
3.984101937517043890e-01
7.710602333157923205e-01
0.000000000000000000e+00
-4.562294394619081928e-01
-2.662745921632361235e-01
-6.364567637439770831e-01
1.257335346220234129e-01
3.783435499616860653e-02
-3.382099456136795634e-01
7.527024559147903471e-01
-2.730318424728706006e-01
6.607058011118620566e-01
-4.398294587068396488e-02
0.000000000000000000e+00
-5.530989005974198403e-01
2.086956256143273070e-01
-1.230531655499444987e-02
-4.871380939048040037e-01
-6.227632327071559448e-01
0.000000000000000000e+00
2.625041494745685711e-01
-2.370557216850521787e-01
0.000000000000000000e+00
-1.513594768398935919e-01
3.778644498256120698e-01
6.413319170033207062e-01
0.000000000000000000e+00
3.978877443413249004e-01
-9.265625125228624803e-01
7.868725767336746113e-01
3.414204930384006076e-01
-5.785446883753730951e-02
0.000000000000000000e+00
-8.161350173811259268e-01
-4.414429579710261731e-01
6.516943328662678780e-01
0.000000000000000000e+00
3.773030697704671255e-02
0.000000000000000000e+00
6.108893261488130833e-01
0.000000000000000000e+00
9.744972004509364627e-01
0.000000000000000000e+00
7.529762706396496696e-01
0.000000000000000000e+00
-3.559605944692223467e-02
-1.010668771524505516e-01
2.524076023111634370e-01
1.745743957791723311e-02
-2.881294335626918279e-01
6.570117465587748118e-01
-9.415004318610584733e-01
-6.470497976797764395e-01
-3.511194441670317801e-02
3.375977231520130850e-01
-1.680900010595338667e-01
6.528457363053041806e-01
1.548688917920970631e-02
-1.383793237376433893e-01
2.902962510777180594e-01
-2.317100796693796205e-01
-4.841087274066488977e-01
-9.598822087719447449e-01
8.929028381347881016e-01
6.512019400131754399e-01
-2.836944883601415501e-01
8.779234741413006748e-01
4.377176960538822215e-01
-4.453023426249114181e-01
-3.067945374075753406e-02
0.000000000000000000e+00
-3.119053952131369822e-01
0.000000000000000000e+00
0.000000000000000000e+00
-9.430019345183660029e-01
0.000000000000000000e+00
0.000000000000000000e+00
-3.480355892527569051e-01
6.031653936622909384e-01
8.923735910773213931e-01
-2.149645988567359112e-01
-9.952641717796630871e-01
0.000000000000000000e+00
6.286738312569832843e-01
-7.527170336421542540e-01
-3.502595746107202146e-01
-9.219823472021446698e-01
0.000000000000000000e+00
-2.451785073252295000e-01
-6.072631987629746320e-01
-4.223780946809874148e-01
-1.644858870092027470e-01
5.727405500080298140e-01
6.851072027100146844e-01
0.000000000000000000e+00
7.377919138022059897e-02
-1.656089625666499199e-01
0.000000000000000000e+00
-7.225410293807079665e-01
5.052265317851025728e-01
0.000000000000000000e+00
4.777908024669539344e-01
2.687462846098174207e-01
7.809434652102111851e-01
-2.248430331470279153e-01
3.643746724315795049e-01
-9.100633814109504449e-02
1.000000000000000000e+00
0.000000000000000000e+00
0.000000000000000000e+00
-9.181980652480612459e-01
7.109144160742271179e-01
-5.560732828900274427e-01
-9.919309483402591887e-01
-9.952010288680224193e-02
9.181847592008280934e-01
-5.531380691525518145e-01
-2.089750891433796998e-01
9.902196147450987862e-01
7.528758243388939952e-01
6.447146642052410392e-01
1.000000000000000000e+00
0.000000000000000000e+00
1.000000000000000000e+00
-3.699425492598020782e-01
0.000000000000000000e+00
-1.293857785001235605e-01
7.981756886190694011e-02
2.229520136504525851e-02
-5.090185937974049946e-01
1.409542967919654721e-01
2.133976431935402651e-01
0.000000000000000000e+00
8.261172233417106714e-01
-9.682893471348887893e-01
9.906818693716028523e-01
-6.702590911241792515e-01
0.000000000000000000e+00
-2.730936360428630749e-01
3.428323374052311134e-01
6.279412881827250992e-02
8.640995014252306206e-01
5.240177935359293659e-01
0.000000000000000000e+00
3.182308560187219193e-01
7.350679287062868994e-01
-5.988275790563024614e-02
7.940858166968516318e-01
1.727273025840643239e-01
-6.583169747890416090e-03
-6.412436761827453591e-01
-7.907878957991882896e-01
0.000000000000000000e+00
9.181041360713049215e-02
-7.556418416056409626e-01
-2.843560794631037059e-01
8.118291582730237099e-01
0.000000000000000000e+00
0.000000000000000000e+00
-1.743806735491806315e-01
-8.834527411597146163e-01
-8.171969594209891330e-01
4.874785493959168381e-01
0.000000000000000000e+00
-8.876040905675626203e-01
-9.761175535292154759e-01
5.044166086679964245e-01
8.536706276628955870e-01
-7.589233634787773131e-01
-8.258936299348855758e-01
2.259241790430970287e-01
-6.383921429568246708e-01
-9.713845829470744153e-01
2.778079053650162056e-01
-9.323199327387743374e-02
2.666125334178772732e-01
0.000000000000000000e+00
0.000000000000000000e+00
0.000000000000000000e+00
3.266379495193534321e-01
2.747605741720171579e-02
5.577672492209897470e-01
0.000000000000000000e+00
0.000000000000000000e+00
-4.378155072846958706e-01
8.171689468842922022e-01
-4.619064167267650234e-01
-7.419510139986176256e-01
-5.432608571891801574e-01
4.673247619460201285e-01
2.609757653249660247e-01
4.255969505262546804e-02
3.014214392045655444e-01
0.000000000000000000e+00
7.442167720203776149e-01
