-5.338602477313929562e-01
7.343671036324161960e-03
-2.285014390300732501e-01
0.000000000000000000e+00
6.913664967931034688e-01
-8.240948044351168456e-01
0.000000000000000000e+00
6.945735840782107928e-02
-2.920893645809312655e-01
-1.694381764064520901e-01
3.251170138336012538e-01
2.022847945631678357e-02
-2.433379973365998872e-01
1.497870288950511330e-01
1.769457173108166526e-01
-3.178857507817398620e-01
7.957234602382865507e-01
-7.680838007738115536e-01
0.000000000000000000e+00
7.847508790114070543e-01
5.994815171436238543e-01
-7.817765842892800965e-01
8.328039245182989880e-01
7.947168688030916694e-01
7.497438271781360353e-01
8.737476899939329300e-01
-6.397566613228056198e-02
-9.923399487754862580e-01
4.488477454916346421e-01
8.426361057636166940e-01
4.008506271981324698e-01
1.952219741248548690e-01
0.000000000000000000e+00
-4.484238043223411907e-01
0.000000000000000000e+00
-1.448987862555770612e-01
1.175497100375337833e-01
8.694689638728183567e-01
0.000000000000000000e+00
0.000000000000000000e+00
1.978975046705253593e-01
-9.873495379502403857e-01
-4.860926026501433128e-02
0.000000000000000000e+00
0.000000000000000000e+00
0.000000000000000000e+00
0.000000000000000000e+00
-2.265359360970902181e-01
0.000000000000000000e+00
-1.360530549923266719e-02
0.000000000000000000e+00
-3.319832609336945684e-01
-7.965122939589219797e-02
6.323158899100032038e-01
9.879399153589063509e-02
0.000000000000000000e+00
6.789430328424677086e-01
-2.613257904962023037e-01
5.522901436939531283e-01
0.000000000000000000e+00
-3.818899656783514285e-01
3.813546876070343927e-01
-4.324284669582303398e-01
6.637497146612396648e-01
-1.249347131737277294e-02
4.730990268417900602e-01
-6.960106141436077642e-01
8.465590471964306030e-01
7.993975988384449671e-02
3.272002715299275888e-01
-7.253795538565406265e-01
5.392983213508031337e-01
-5.085768247714999024e-01
7.759422511193840855e-01
-1.642000578708464609e-01
4.982189917753825359e-01
-2.438577323677173503e-01
8.673301860460107537e-01
-6.635844022963270916e-01
-4.216479495362386309e-01
-1.737363853248634626e-01
-4.916881883552710608e-01
-7.666131886959359765e-01
5.627607785588384370e-01
3.266110056434732289e-01
9.877169998718837718e-01
-2.429041527490123364e-01
3.576096823676506720e-01
5.131766371179038444e-01
2.216417078465826584e-02
4.989956021682102616e-01
3.392452649505566242e-01
5.881821832889264634e-01
-6.582522599474800451e-01
0.000000000000000000e+00
-1.449267990988913901e-01
5.088508956371518011e-01
5.472155413575379157e-01
-1.515864289160016032e-01
-8.170016380527900246e-02
-5.311881393889210656e-01
3.668725836572486187e-01
-4.483240530857965922e-01
6.816649019729532633e-01
2.548968128456103877e-01
-8.732027500395604935e-01
3.999375411169265870e-01
2.775430057145666929e-01
5.557591080082366908e-01
7.738583341800073789e-01
-1.231552975114620363e-01
-3.250038859861428264e-01
-1.413444338967426717e-01
-1.402674838715283201e-01
1.633688625251126236e-01
0.000000000000000000e+00
2.566486970135812840e-01
-3.879623205984046308e-01
8.291513269018861987e-01
-1.697440985086196008e-02
-3.448454004559917685e-01
3.528280328283908140e-01
-3.009307928656035358e-01
8.261132441301970442e-01
-6.911902105422143006e-01
2.021034654238418327e-03
-5.544154903385616340e-01
3.946690738927824960e-01
-4.790240814295154692e-02
-6.370369655410752507e-01
-8.655039010433589475e-01
-8.834136248166379879e-02
4.790565508309545528e-01
9.672333030614441718e-01
-4.774440233450296667e-01
8.961762476569397062e-01
7.999236875728823470e-01
-5.299566223141836119e-01
9.370766936216856635e-02
-9.852277351500073888e-01
9.470830730925452468e-01
2.326282370876102679e-01
-2.236049943484477165e-01
4.261827688630008826e-01
-9.135358981689871705e-01
2.758557107346766291e-01
-6.173801589493750352e-01
4.945207135857303538e-01
7.802444515511552936e-02
3.157602440095472751e-01
0.000000000000000000e+00
0.000000000000000000e+00
8.079682849225366947e-01
0.000000000000000000e+00
-5.232074440610847699e-01
3.944163028524974024e-01
-7.855293326860397496e-01
-7.548884812692846502e-02
3.293444598433192816e-02
-5.123673631879042123e-01
-6.795429592207318237e-01
6.975219112394870358e-01
0.000000000000000000e+00
9.493869413423123849e-01
0.000000000000000000e+00
0.000000000000000000e+00
-3.606898188305991404e-01
0.000000000000000000e+00
7.077928151193124684e-02
2.143747473665149617e-01
0.000000000000000000e+00
-7.520527845156572688e-01
1.232852765419871766e-01
9.784621820011882853e-01
0.000000000000000000e+00
-5.361826346913776131e-01
-5.614575924946174634e-01
-9.612186687282087139e-01
4.512275963792173883e-01
-7.584453334251388679e-01
0.000000000000000000e+00
0.000000000000000000e+00
0.000000000000000000e+00
-2.114077838396031250e-01
0.000000000000000000e+00
1.509165638836962309e-02
0.000000000000000000e+00
-7.198247666442723069e-01
2.315064575997634044e-01
9.780136822763751958e-02
-1.429479358462826255e-02
1.698531721169145303e-01
-2.630434427781935813e-01
-7.439459272668600409e-01
-6.146045745574544306e-01
9.042152957216103015e-01
-6.038792419839278391e-01
0.000000000000000000e+00
-5.291585911348504201e-01
0.000000000000000000e+00
1.000000000000000000e+00
3.599659365610976547e-01
9.697042131947166688e-01
8.359681222853614369e-01
-7.199228336426286567e-01
-4.130491703207548326e-01
-3.411117450273648544e-02
-7.251504069233689620e-01
-4.253761447767938630e-01
-1.681448771144411491e-01
-3.716076510773391739e-01
1.987651827744585376e-02
3.960547490333286014e-01
6.423233811119355430e-01
5.162005461731222766e-02
-9.108648255751710110e-01
-5.246684218392956289e-01
-9.457631587993908795e-02
-9.707981270991716816e-01
7.577164930523831998e-01
-6.647255149172215383e-01
5.153220537594971340e-02
9.860255710546448338e-01
8.595185159548142106e-01
-4.689178873631152378e-01
1.960502527819802943e-01
7.500215218821910668e-01
-2.923097366652460671e-01
1.307368310994845295e-01
-4.523360997167109598e-01
-7.538759772030323436e-01
-9.389749813440355641e-01
-4.957779745738966071e-02
-5.805591557349092380e-01
-9.005757525602275937e-01
-4.060858575610333254e-01
-7.824923643377796889e-01
7.088205897609101136e-01
5.885269599793607753e-01
0.000000000000000000e+00
1.559211963226678765e-01
0.000000000000000000e+00
0.000000000000000000e+00
8.559201610404885141e-01
6.738902693179291692e-01
-3.996734194070827861e-01
-9.038015498247935486e-01
6.202515583369210272e-01
-5.368179520240135005e-02
1.672479585968020821e-01
-3.962654955224500508e-01
8.472762820580679310e-01
0.000000000000000000e+00
1.378013078070039477e-02
3.114746297064536762e-01
9.407276420891996782e-01
-6.042006648402844515e-01
7.330736242319364493e-01
0.000000000000000000e+00
6.655704880469466289e-01
5.319253952152462883e-01
0.000000000000000000e+00
8.329962244979622898e-01
5.880537423560807664e-01
-9.251022659782235369e-01
