-2.052671404717649750e-01
3.132641046569504262e-01
5.193777657517704149e-01
8.340193642588091816e-01
-8.136721946431852981e-01
-1.595890050961066287e-01
3.165054207116735352e-01
-6.217147735489676474e-01
-2.740218003203627184e-01
6.785489742634067678e-01
-1.839379329996657653e-01
-4.018242230753905631e-01
-4.163738233281542023e-01
-8.207323541583355642e-02
9.639800338423409887e-01
7.506705098954791211e-02
9.166112591075430416e-01
-1.099758537530137747e-01
-2.679219496394122935e-01
-5.790809334688917787e-01
4.535811982575888024e-02
3.044719719035613448e-01
-3.217405610457726439e-01
4.907394047120843261e-01
-3.263951566057583520e-01
-8.437552258928229243e-01
7.023266579297315904e-01
1.151647138420743843e-01
3.771010993253223198e-01
1.677924926203302469e-01
1.212771137722075121e-01
3.080657766501357919e-01
-7.359686225563635276e-01
8.444253347178591884e-01
5.589379016374842468e-01
-8.797802206792009194e-01
-3.720669138046401869e-01
-4.476350171651688470e-02
1.143862259612589138e-01
-5.109826641250969637e-01
5.570079126117197799e-01
-5.656440094613524039e-03
-9.758271156068023533e-01
6.300290052322425893e-01
7.324550543948293857e-01
-3.972814063004910246e-01
3.880201731717602964e-01
-9.198605015000305141e-01
5.188211027920572871e-01
-3.257999149982184761e-01
2.479855980429781503e-01
-7.929923801397649186e-01
-8.555004680561950625e-01
7.207069902682610163e-01
4.039742284311431675e-01
-2.937873294919526312e-01
-4.069007811972096267e-01
4.384004031894523923e-01
8.648512074288019491e-01
8.734066770116744038e-02
5.355029930981882735e-01
-5.941427858334111800e-01
5.435492550951597224e-01
8.803547730291907403e-01
5.519586234787297041e-01
-2.785239828971428633e-01
2.339848123243979394e-01
1.114995955317004128e-01
-8.089254508024066315e-01
-7.676751867206244029e-02
2.469706409193417329e-03
-3.421050004252150778e-01
-9.450675338353990984e-01
0.000000000000000000e+00
-8.927601555324868876e-01
2.818541806646466252e-01
8.984082396974282236e-01
5.466195817651018363e-01
0.000000000000000000e+00
8.657578205627793899e-01
-7.227451810250797859e-01
5.042612991974895209e-01
-7.641234879328169249e-01
-9.313660179201461720e-01
7.001166056244481073e-01
5.020541093670014554e-01
9.054509284264495861e-01
0.000000000000000000e+00
-2.815110374653650993e-01
-4.024999757625757901e-01
0.000000000000000000e+00
3.268319300429090024e-01
8.842068182230851114e-01
1.413635499125178718e-01
-3.591636561673956507e-01
8.416738205942380091e-01
7.455512579758478697e-01
2.598813191146496226e-01
-5.817456563301885986e-01
-9.507719759355972577e-01
-5.136991239345045646e-01
8.942026843191810404e-01
8.704043430456565034e-01
-1.274307111824275474e-01
-1.215733379024781513e-01
-7.870658088484305814e-01
3.842462610982260163e-01
0.000000000000000000e+00
-8.679948157911476780e-01
-4.321697430081465896e-01
8.056886460104157877e-01
-3.963010599044256566e-01
0.000000000000000000e+00
-1.894842463734391913e-02
-6.320971374357808870e-01
2.591013263761328123e-01
-1.665354905404301533e-01
2.304693030286533162e-01
0.000000000000000000e+00
1.894666874255750422e-01
-8.949184059281241055e-01
0.000000000000000000e+00
6.651213035827987508e-01
0.000000000000000000e+00
5.478850749867190117e-01
9.268145884461049810e-01
-8.552458630469905732e-01
1.012723252522955697e-01
-4.966197097252225134e-01
1.649520765238179365e-01
0.000000000000000000e+00
-6.799307736240414179e-01
-9.502799098404206557e-01
-9.444902356558331213e-01
-7.067622866209579691e-01
0.000000000000000000e+00
-4.125391725638016815e-02
8.781116193299340900e-01
5.979169281958538473e-01
-8.389207240190417192e-01
5.724509682105283215e-01
-4.429268906381003124e-01
0.000000000000000000e+00
0.000000000000000000e+00
9.596889435399389434e-01
6.706684599060375174e-01
-6.085817897351264438e-01
8.557790571287706705e-01
-7.569676418783408689e-01
-9.205370867272162361e-01
-5.967207023097325091e-01
5.196147532992330120e-01
4.497337756375008322e-01
5.699659025931027578e-01
-2.300080276181937222e-01
1.701662975051971838e-01
-2.004670479863694954e-01
6.165953359007692036e-01
-1.564578714011322091e-01
5.228959380314102123e-01
-1.860526325744142895e-01
3.458896947591199034e-01
7.662748785014525943e-01
7.310983887213602372e-01
4.559424969971415109e-01
1.193916782745734206e-01
5.903563137217326950e-01
-6.196362392138543562e-01
0.000000000000000000e+00
7.946196844099768786e-01
0.000000000000000000e+00
3.868850389463078798e-01
-4.893340017968803579e-01
6.261943171735950830e-01
4.654424516876514151e-01
-2.166671880011579177e-01
-3.255201540892769252e-01
-4.080449899425417915e-01
-7.811408675368773924e-01
1.199098175763155805e-01
-7.540856077783135714e-01
4.542006749893745532e-01
4.382971248573541700e-01
-7.733815444374454451e-01
-2.408006376821925087e-01
-3.046612199103648777e-02
-5.182790305780511364e-01
-4.552861645402903612e-01
-2.763058459583844773e-01
-7.729193993134098051e-03
5.357199061168287368e-01
6.384965044197901118e-01
-3.350100539611888806e-02
-3.173723365140102004e-02
1.457536086814583687e-01
6.665534869453442202e-01
-7.223960851859265730e-01
-5.936091485369947574e-01
-9.730862468757792705e-01
-8.923185210636348508e-01
-6.317390823247248655e-01
2.068103915188925779e-01
-8.788853824376112733e-01
-5.618067552106478235e-01
4.677067675219159781e-01
-7.837141556961770839e-01
-4.123105878091186671e-01
9.414613143951324759e-01
7.531989074030489562e-01
7.412234586792736390e-01
1.634057109695283838e-01
-6.119031506831793532e-01
-7.292169196891506999e-02
5.957162854048436706e-01
-2.836413869236431573e-01
-7.728027895977880313e-01
-8.293884147690702147e-01
6.046191082108633985e-01
-9.817338499118584139e-01
6.556144008913551424e-01
-1.415907017191633255e-01
4.479080018937109386e-01
-8.943196909076911449e-01
1.642370198805911397e-01
9.888366969483830538e-01
-4.860958561556618651e-01
-4.563967576986798225e-01
-9.538885112812345302e-01
-4.788384303609312109e-01
-4.474096363254056463e-01
-7.042804554191672839e-01
8.384433500847032761e-02
5.239314399716652471e-01
7.818008315071722780e-01
-1.351878236425203550e-01
2.272530677447186509e-01
8.045940032552079124e-02
6.199471616881333524e-01
-8.379776648369472447e-01
-7.823000565504494297e-01
2.122694344916620235e-01
2.947085753896419025e-01
4.807952195057967337e-01
7.752675079801536473e-01
7.174112441168756238e-01
3.852824966979051524e-01
7.954345926347430318e-01
-3.824817939845441828e-01
-8.799703629693325091e-01
-5.713839192168894687e-01
-3.002593224346019607e-01
-3.876332618549966913e-01
2.769009677431950589e-01
5.923765276706394189e-01
3.806354338874391452e-01
3.212163133210963473e-01
8.359098550256729432e-01
-2.014923254386367102e-01
6.134002331493975113e-01
4.201337921367942485e-02
-9.197177329682419966e-01
-2.381371552879116837e-01
9.296894378426603378e-01
2.068484870901954320e-01
-9.951397533500676573e-01
