GENERATION BEST       MEAN       STD        ENEMY: 8

0          88.999688  8.178409   28.374943 
1          91.673025  15.222505  33.666228 
2          91.673025  36.580760  40.410144 
3          91.673025  55.837427  38.422473 
4          91.673025  63.418213  36.897305 
5          91.673025  61.700208  37.820619 
6          92.252892  68.793379  33.436500 
7          92.252892  71.904973  30.617622 
8          92.252892  71.098505  32.624109 
9          92.252892  72.835698  31.647770 
10         92.252892  77.225011  28.368010 
11         92.252892  88.040159  8.022196  
12         92.252892  87.770793  11.456610 
13         92.252892  86.080776  14.899554 
14         92.252892  88.000451  10.305428 
15         92.252892  87.372534  8.057900  
16         92.252892  88.576148  6.069504  
17         92.252892  86.951851  11.830701 
18         92.252892  89.097145  6.150346  
19         92.252892  88.973816  7.060824  
20         92.252892  87.601491  10.839641 
21         92.252892  89.728577  2.257931  
22         92.252892  87.669667  13.522976 
23         92.252892  89.379913  2.465401  
24         92.252892  88.797795  4.866595  
25         92.252892  88.891605  9.611735  
26         92.252892  88.851894  7.944362  
27         92.252892  88.233017  11.778503 
28         92.758336  89.219484  4.628845  
29         92.758336  89.686977  1.996051  
30         92.758336  89.428295  2.315900  
31         92.758336  88.456138  7.407166  
32         92.758336  89.599263  2.272082  
33         92.758336  88.214346  10.219963 
34         92.758336  88.907151  9.699524  
35         92.758336  89.759436  2.272279  
36         92.758336  89.664924  2.615017  
37         92.758336  88.681376  9.735546  
38         92.758336  89.315791  2.562139  
39         92.758336  89.771328  2.934235  
40         92.758336  89.652220  3.495004  
41         92.758336  89.585390  9.802563  
42         92.758336  90.679344  2.096766  
43         92.758336  90.282931  6.354982  
44         92.758336  90.692077  1.852673  
45         92.758336  90.693333  3.980426  
46         92.758336  89.812647  8.922484  
47         92.758336  89.767526  8.853469  
48         92.758336  91.157904  1.899821  
49         92.758336  91.023764  1.805593  GENERATION BEST       MEAN       STD        ENEMY: 4

0          65.866780  -1.105386  10.127151 
1          65.866780  2.894978   13.314802 
2          83.424135  8.957412   17.210072 
3          83.424135  14.540623  19.728460 
4          83.424135  18.839555  19.925584 
5          83.424135  30.038650  22.732578 
6          86.483285  38.457823  24.807998 
7          86.604277  44.798141  24.947718 
8          86.604277  46.769764  26.334415 
9          86.604277  51.917771  22.906192 
10         86.604277  50.212470  26.463724 
11         86.604277  54.836767  23.374243 
12         86.604277  52.712863  24.168445 
13         86.604277  42.366902  27.956445 
14         87.144277  53.478216  22.727402 
15         87.383285  51.171563  25.885849 
16         87.383285  47.690651  26.818694 
17         87.383285  53.562624  25.535429 
18         87.383285  48.982879  27.378016 
19         87.383285  49.345633  28.154383 
20         87.383285  51.933963  28.273644 
21         87.383285  44.493649  30.299309 
22         87.383285  48.825877  29.793810 
23         87.535586  50.807376  31.742594 
24         87.535586  58.529565  28.487412 
25         87.535586  53.188286  32.481789 
26         87.535586  54.457991  34.359043 
27         87.535586  50.509138  33.852642 
28         87.595586  53.863753  33.700114 
29         87.595586  57.673085  32.122872 
30         87.595586  52.137216  34.061480 
31         87.595586  64.255796  29.883815 
32         87.595586  57.732133  34.113563 
33         87.595586  55.541004  34.204707 
34         87.595586  62.187930  31.543881 
35         87.595586  65.488467  29.674998 
36         87.595586  62.521270  32.431007 
37         87.595586  66.475917  28.423524 
38         87.595586  62.744355  31.072925 
39         87.595586  58.164272  32.594803 
40         87.595586  67.254536  27.866258 
41         87.595586  60.157723  32.124820 
42         87.595586  61.554805  33.182624 
43         87.595586  59.633947  33.382080 
44         87.595586  59.156148  33.240571 
45         87.595586  57.988664  32.796254 
46         87.595586  56.572813  32.565594 
47         87.595586  62.503052  30.661122 
48         87.595586  56.108286  32.116106 
49         87.595586  64.013833  30.013681 GENERATION BEST       MEAN       STD        ENEMY: 7

0          75.282972  5.274089   20.647186 
1          75.347511  13.915777  26.820303 
2          86.511858  33.678498  31.868056 
3          86.511858  44.519538  28.193434 
4          86.511858  55.765232  22.062317 
5          86.511858  57.558233  21.076163 
6          86.511858  56.158515  21.227751 
7          86.511858  59.811998  22.600046 
8          86.511858  63.082685  19.082307 
9          86.511858  63.429161  20.377116 
10         86.912892  65.492545  17.900573 
11         86.912892  69.697998  14.583607 
12         94.089365  67.553696  18.588800 
13         94.089365  70.442923  12.247196 
14         94.089365  68.692827  15.666948 
15         94.089365  72.702578  10.205473 
16         94.089365  72.975573  11.860202 
17         94.089365  71.845212  11.354472 
18         94.089365  72.436785  9.981945  
19         94.089365  75.958414  8.156785  
20         94.089365  76.353792  8.270227  
21         94.089365  76.533611  6.982926  
22         94.089365  74.164708  8.378742  
23         94.089365  75.035263  6.752498  
24         94.089365  73.475041  8.395149  
25         94.089365  75.427157  6.507324  
26         94.089365  76.497257  7.268449  
27         94.089365  74.237322  9.132691  
28         94.089365  75.319753  7.125957  
29         94.089365  75.310414  9.251812  
30         94.089365  76.076610  8.634492  
31         94.089365  76.008014  6.192232  
32         94.089365  76.000939  8.501672  
33         94.089365  75.126316  8.467368  
34         94.089365  76.815571  7.533583  
35         94.089365  76.071129  7.075399  
36         94.089365  75.461191  6.884859  
37         94.089365  76.091519  8.011697  
38         94.089365  74.895219  10.159352 
39         94.089365  74.554192  9.036381  
40         94.089365  75.032372  7.292232  
41         94.089365  75.228601  8.854496  
42         94.089365  76.151482  7.018158  
43         94.089365  75.455916  9.213205  
44         94.089365  75.019581  7.681298  
45         94.089365  76.287642  6.445231  
46         94.089365  76.253010  6.950585  
47         94.089365  74.895702  11.374171 
48         94.089365  74.349499  8.388556  
49         94.089365  75.987777  7.281410  
GENERATION BEST       MEAN       STD        ENEMY: 4

0          76.906780  0.099311   13.010987 
1          76.906780  2.885107   10.697219 
2          76.906780  6.733881   12.456201 
3          76.906780  10.669942  10.630843 
4          76.906780  12.310052  13.150043 
5          76.906780  12.828315  12.746265 
6          86.851591  13.013385  13.689211 
7          86.851591  10.752220  14.425945 
8          86.851591  12.448395  14.055789 
9          86.851591  11.484861  12.031929 
10         86.851591  16.366505  11.718479 
11         86.851591  14.428350  12.216457 
12         86.851591  15.436716  13.051149 
13         86.851591  15.842117  15.677085 
14         86.851591  14.956500  15.574621 
15         86.851591  14.544822  17.335981 
16         86.851591  15.770710  18.376263 
17         86.851591  18.275825  18.591751 
18         86.851591  15.047344  18.139541 
19         86.851591  14.056556  18.648913 
20         86.851591  14.446422  17.262161 
21         86.851591  16.009328  18.497478 
22         86.851591  13.700768  18.047779 
23         86.851591  12.447908  18.106533 
24         86.851591  15.562793  18.062942 
25         86.851591  17.874276  18.117498 
26         86.851591  16.971154  19.556919 
27         86.851591  17.238756  19.352626 
28         86.851591  16.982975  19.809755 
29         86.851591  15.156709  18.864133 
30         86.851591  12.777943  19.222782 
31         86.851591  14.140063  18.724810 
32         86.851591  13.228252  19.213772 
33         86.851591  13.228483  21.130697 
34         86.851591  16.009643  19.127719 
35         86.851591  14.515326  20.215738 
36         86.851591  16.345866  21.101093 
37         86.851591  20.167347  19.817540 
38         86.851591  11.693194  19.362507 
39         86.851591  13.654005  19.981431 
40         86.851591  16.891633  20.657525 
41         86.851591  16.459267  18.581283 
42         86.851591  18.431378  19.586935 
43         86.851591  17.145702  19.368560 
44         86.851591  19.548142  20.231166 
45         86.851591  19.302367  21.223934 
46         86.851591  18.928045  20.710179 
47         86.851591  16.360841  19.382713 
48         86.851591  19.031392  20.316917 
49         86.851591  14.378376  19.028145 
GENERATION BEST       MEAN       STD        ENEMY: 5

0          92.296456  10.103777  28.682247 
1          93.696796  20.708577  35.679427 
GENERATION BEST       MEAN       STD        ENEMY: 4

0          64.825276  1.206730   12.428779 
1          65.866780  5.889110   15.627641 
2          65.866780  10.754278  16.336251 
3          65.866780  21.497630  19.405304 
4          65.866780  26.401155  21.248431 
5          83.123444  33.697993  24.683871 
6          83.123444  38.258458  25.399579 
7          83.123444  40.517481  26.987279 
8          83.307706  36.538188  29.435014 
9          84.287271  45.562132  27.469416 
10         84.350785  42.482029  29.414131 
11         84.350785  42.296996  29.198950 
12         84.856704  48.189705  27.736902 
13         84.856704  46.514331  28.933270 
14         84.856704  49.751238  27.117624 
15         86.604277  43.864803  28.886291 
16         86.604277  50.509494  26.222766 
17         86.604277  51.698164  26.924532 
18         87.277173  48.213528  28.022376 
19         87.277173  42.502333  28.204998 
20         87.277173  46.070799  26.935806 
21         87.277173  45.533852  28.914735 
22         87.277173  45.734075  28.709735 
23         87.277173  50.125349  27.696652 
24         87.277173  50.388704  26.357887 
25         87.277173  52.343094  28.024946 
26         87.277173  55.021119  27.892853 
27         87.277173  57.353650  27.402211 
28         87.277173  52.484735  29.423824 
29         87.277173  58.118050  27.202523 
30         87.277173  60.412097  27.311896 
31         87.277173  60.622423  27.852854 
32         87.277173  57.183744  29.049849 
33         87.277173  52.625746  27.841017 
34         87.277173  54.944084  30.464040 
35         87.277173  58.839063  28.545752 
36         87.277173  56.691868  27.781759 
37         87.277173  60.903246  29.053826 
38         87.277173  60.308934  29.827671 
39         87.277173  55.967859  31.109799 
40         87.277173  54.702051  31.488443 
41         87.277173  59.300197  29.039602 
42         87.277173  62.387558  28.254423 
43         87.277173  53.311890  31.921597 
44         87.277173  62.535502  28.043479 
45         87.277173  60.225640  29.005827 
46         87.277173  63.430898  27.773215 
47         87.277173  62.050954  29.671194 
48         87.277173  62.756503  29.921549 
49         87.277173  62.838370  30.370157 
GENERATION BEST       MEAN       STD        ENEMY: 5

0          92.794000  10.678132  30.540850 
1          93.696796  19.270404  36.497979 
2          93.696796  28.349919  40.069997 
3          93.977405  47.568940  44.275227 
4          93.977405  72.335703  35.777223 
5          93.977405  82.824630  25.982974 
6          94.164803  77.883283  32.525761 
7          94.164803  81.948126  27.238223 
8          94.164803  85.883527  22.721977 
9          94.164803  86.701524  21.336297 
10         94.164803  87.613907  19.748837 
11         94.164803  85.688527  22.319576 
12         94.164803  85.582688  23.606283 
13         94.164803  89.539814  15.327453 
14         94.164803  88.578229  18.275711 
15         94.164803  87.772076  19.861740 
16         94.164803  88.385595  19.243154 
17         94.221683  87.728484  19.205319 
18         94.221683  89.755922  14.340421 
19         94.532466  88.735515  17.016325 
20         94.532466  89.918518  14.285634 
21         94.532466  90.973251  10.442180 
22         94.532466  91.422370  9.370509  
23         94.532466  90.478886  12.821206 
24         94.532466  90.831970  9.830351  
25         94.532466  90.526277  13.042685 
26         94.532466  89.624045  15.677627 
27         94.532466  89.245487  14.849264 
28         94.532466  91.636847  9.413811  
29         94.532466  88.777435  17.443060 
30         94.532466  88.076459  18.789887 
31         94.532466  92.484972  0.985776  
32         94.532466  91.158504  9.963535  
33         94.532466  89.183597  15.878862 
34         94.532466  91.650028  8.948253  
35         94.532466  91.556356  9.332414  
36         94.532466  91.410858  9.839703  
37         94.532466  92.444900  1.136609  
38         94.532466  92.490437  1.079415  
39         94.532466  92.087265  2.754469  
40         94.532466  92.496469  1.141159  
41         94.798596  91.683289  8.159508  
42         94.798596  90.638684  12.728794 
43         94.798596  92.448792  1.070854  
44         94.798596  92.565548  1.073019  
45         94.798596  91.735729  6.662447  
46         94.798596  91.713330  7.538453  
47         94.798596  91.683258  8.192272  
48         94.798596  91.674637  7.282993  
49         94.798596  92.608752  1.209723  
GENERATION BEST       MEAN       STD        ENEMY: 7

0          88.879465  9.852107   26.649777 
1          89.072892  18.383440  30.327030 
2          89.072892  29.722621  30.879218 
3          89.072892  42.610009  30.689908 
4          89.072892  48.158373  29.296543 
5          89.072892  48.682754  30.447723 
6          90.076695  51.661487  33.688987 
7          90.076695  60.937934  31.139258 
8          90.076695  73.690107  25.519211 
9          90.076695  85.184329  10.942273 
10         90.076695  87.579250  4.888283  
11         90.076695  88.467742  1.263005  
12         90.076695  87.540330  9.419110  
13         90.076695  87.550611  9.411945  
14         90.076695  88.529910  1.118332  
15         90.076695  88.412316  1.213638  
16         90.076695  87.685593  6.167663  
17         90.076695  85.488886  15.596062 
18         90.076695  86.345685  12.548141 
19         90.076695  87.511420  9.152393  
20         90.076695  87.575736  9.162656  
21         90.076695  87.567847  8.289968  
22         90.076695  88.386032  1.280802  
23         90.076695  87.946517  5.869423  
24         90.076695  85.804635  14.978675 
25         90.076695  88.534779  1.234258  
26         90.076695  88.442047  1.818418  
27         90.076695  87.988118  5.051619  
28         90.076695  88.475312  1.161481  
29         90.076695  88.452030  1.247245  
30         90.076695  86.403327  11.784972 
31         90.076695  87.951347  5.807889  
32         90.076695  87.690402  9.179130  
33         90.076695  87.688860  9.163205  
34         90.076695  87.513262  9.140023  
35         90.076695  87.611188  9.217614  
36         90.076695  88.620693  1.235775  
37         90.076695  86.718009  12.276373 
38         90.076695  88.682706  1.152890  
39         90.076695  88.332675  1.211253  
40         90.076695  87.718519  8.316084  
41         90.076695  88.391419  1.184034  
42         90.076695  86.955781  11.037862 
43         90.076695  88.224869  2.486022  
44         90.076695  88.234936  1.169170  
45         90.076695  86.546921  12.811672 
46         90.076695  87.874747  5.889485  
47         90.076695  86.371727  13.419255 
48         90.076695  88.504504  1.236656  
49         90.076695  87.644066  9.205522  
GENERATION BEST       MEAN       STD        ENEMY: 4

GENERATION BEST       MEAN       STD        ENEMY: 4

GENERATION BEST       MEAN       STD        ENEMY: 4

GENERATION BEST       MEAN       STD        ENEMY: 4

0          48.036421  -0.172159  10.730311 
1          55.786232  4.851915   12.193280 
2          65.866780  12.624246  15.685929 
3          65.866780  16.263026  11.867441 
4          74.426320  19.295799  13.384192 
5          74.426320  23.385451  11.864399 
6          74.426320  24.581356  17.754846 
7          74.426320  32.399439  18.648828 
8          74.426320  36.470108  16.834887 
9          74.426320  38.398592  17.154923 
10         74.426320  36.957789  15.813402 
11         74.426320  38.822453  14.446462 
12         74.426320  39.156810  16.605094 
13         74.426320  41.029271  15.432225 
14         74.426320  42.115915  17.425919 
15         74.426320  40.719459  18.139848 
16         74.426320  39.724429  15.939515 
17         74.426320  41.585574  17.240288 
18         74.426320  39.185960  15.198403 
19         74.426320  38.881686  13.812755 
20         74.426320  40.197771  15.029846 
21         74.426320  38.922012  14.801171 
22         74.426320  39.007186  15.028289 
23         74.426320  40.059441  15.152389 
24         74.426320  40.515053  16.247242 
25         74.426320  41.215805  16.159749 
26         74.426320  41.657077  17.434312 
27         74.426320  38.726257  13.630377 
28         74.426320  40.021821  12.583419 
29         74.426320  37.109164  12.306273 
30         74.426320  40.289558  13.021512 
31         74.426320  38.990325  14.060800 
32         74.426320  39.863291  15.020875 
33         74.426320  39.514332  15.192398 
34         74.426320  38.569444  14.801954 
35         74.426320  41.744869  16.071075 
36         74.426320  40.688428  15.926283 
37         74.426320  41.304192  15.974957 
38         74.426320  42.807557  17.280090 
39         74.426320  39.541267  16.705198 
40         85.251103  41.059391  16.343830 
41         85.251103  38.362795  17.230338 
42         85.251103  41.700365  17.805584 
43         85.251103  42.187436  22.520303 
44         85.671103  48.160123  24.700431 
45         85.671103  55.260851  28.178642 
46         85.671103  67.958217  26.377707 
47         85.671103  77.086257  20.548494 
48         85.671103  85.405262  0.591996  
49         85.671103  84.758675  8.251492  
GENERATION BEST       MEAN       STD        ENEMY: 4

0          65.866780  0.370556   12.179423 
1          73.906780  6.557410   19.450399 
2          86.408343  13.654583  19.734582 
3          86.408343  22.297659  24.260026 
4          86.408343  29.304750  25.205364 
GENERATION BEST       MEAN       STD        ENEMY: 4

0          48.059829  1.347492   11.181047 
1          48.059829  8.535044   14.123173 
2          48.059829  13.194792  12.070041 
3          48.059829  17.450950  10.873069 
4          56.326780  18.047991  11.253734 
5          64.890121  20.767056  12.978471 
6          83.690788  24.089088  14.320359 
7          83.690788  25.612874  15.280226 
8          83.690788  27.697786  15.076889 
9          87.444277  29.952329  19.451742 
10         87.444277  36.900428  19.326941 
11         87.444277  41.358377  18.318041 
12         87.444277  38.903593  20.953686 
13         87.444277  42.277399  20.324553 
14         87.444277  42.743750  22.232332 
15         87.444277  43.534991  24.158009 
16         87.444277  50.922619  24.664202 
GENERATION BEST       MEAN       STD        ENEMY: 4

0          64.909090  -0.744076  12.709407 
1          64.909090  4.556042   13.834434 
2          64.909090  9.511212   11.833094 
3          73.836053  15.101716  16.709402 
4          73.836053  16.331598  14.617963 
5          73.836053  23.517931  17.943298 
6          73.836053  24.170918  23.827477 
7          85.590027  27.340591  25.881154 
8          85.590027  36.275155  26.817193 
9          85.590027  37.063119  28.266174 
10         85.590027  41.106149  30.288419 
11         85.590027  45.587613  28.018582 
12         85.590027  50.570783  27.435900 
13         85.590027  55.717543  27.078964 
14         85.590027  54.345738  30.934819 