2.360943872377518904e-01
-6.292423769530148814e-01
0.000000000000000000e+00
-7.706057348165635812e-01
-9.995633047719976183e-01
0.000000000000000000e+00
4.010957025989527747e-01
0.000000000000000000e+00
0.000000000000000000e+00
-3.302397418118228067e-01
5.776612465404606933e-01
-2.938395013936956346e-01
1.258956083119922020e-02
4.920441465094413935e-01
-4.829854129499928650e-01
-7.450857259503873564e-01
-1.310360122784015591e-01
-5.774491742919776183e-01
8.561147553497507889e-01
-6.546747022673600203e-01
-8.471114745014423075e-01
8.689563881318700389e-01
-5.458426779236964510e-01
-6.747308817328856456e-02
7.326447180651598501e-01
9.198566226962401338e-01
7.051785719987044843e-01
7.308324648231998566e-01
-4.854729561381181391e-01
-8.146883143723375742e-01
8.396963375400716689e-01
3.720786866069045740e-01
9.877074512529082639e-02
-9.558696477112718082e-01
-8.344341660600582689e-01
-1.351956427925449233e-02
-5.419332109841055178e-01
9.607391781469305503e-01
-9.317145964196671404e-01
-5.373428376748543567e-01
-9.467624318131426797e-01
-7.391438090852098242e-01
-7.435980552758951756e-01
6.716520313307903223e-01
1.759665493377038370e-01
8.465996554265329266e-01
2.206910318126655834e-01
-1.883163099730771339e-01
-4.930697452919969859e-01
-7.519676669133996683e-01
-8.077157465472346587e-01
-5.960672129726605206e-01
3.536684096006439404e-01
7.382081534248019494e-03
3.240038646387970456e-01
2.404735890639244644e-01
-1.760063353426890576e-01
-6.297255027918444714e-01
3.530726441046525554e-01
0.000000000000000000e+00
4.621470309199140480e-01
-6.608556086307653121e-01
1.936960771060247666e-02
4.758350973692815344e-02
-3.384967871690369723e-01
0.000000000000000000e+00
-1.570279209508336216e-01
-7.759713365438720700e-01
5.528394422912841222e-02
0.000000000000000000e+00
-8.662174716156183507e-01
4.038533292625803295e-01
3.580589071956419289e-02
0.000000000000000000e+00
2.206262713954456611e-01
-1.272606587529943045e-01
0.000000000000000000e+00
2.182710596245425183e-01
2.584625346490960762e-01
0.000000000000000000e+00
9.087330857297721831e-01
6.415858025299250311e-01
7.084206124638454671e-01
7.131452595713434484e-01
-4.699959331855794176e-01
6.713251629122871655e-01
-5.551907700786666844e-01
-8.636030351563350749e-01
5.085064014832592072e-01
0.000000000000000000e+00
-3.655200392592814485e-01
-2.044181006446730287e-01
-9.967903095099233113e-01
-6.337359390157748518e-01
7.953294781942747971e-01
3.871675288140923321e-01
-3.733594760655214451e-01
0.000000000000000000e+00
3.420203476670515830e-01
0.000000000000000000e+00
-1.810777216983314730e-01
0.000000000000000000e+00
0.000000000000000000e+00
6.948921801787566466e-01
-8.172882905229901240e-01
-7.525403834537927050e-01
0.000000000000000000e+00
3.769699854755548252e-02
-6.907384823841740129e-01
-9.119772024177816849e-01
7.478335534176685506e-01
0.000000000000000000e+00
6.749562943763220968e-01
-2.138262963292196783e-01
-4.573655543206389673e-02
0.000000000000000000e+00
6.863092101133161371e-02
8.193560476754826460e-01
7.084762585209944952e-01
-3.213045631491366905e-01
-5.948120703667469922e-01
8.730991120780167147e-01
-3.609727768712831519e-01
-8.829884473777971365e-03
-8.478626731705163344e-01
2.916852757485315362e-01
4.742534440414083452e-01
-8.729512485654922216e-02
0.000000000000000000e+00
0.000000000000000000e+00
-5.948957562823486978e-01
0.000000000000000000e+00
4.698280327002952728e-01
5.034049478961426516e-01
8.504853246913224307e-01
-8.118534559914523108e-01
-9.861789532408344883e-01
1.181281804091351972e-01
7.287085109272446459e-01
-8.080577379226312473e-01
-9.799100987551860875e-01
7.893932713004212509e-01
-5.145279703318952347e-01
7.827583860726643472e-01
-7.337965950279898841e-01
-8.412509554385252386e-01
-5.017664699323891586e-01
0.000000000000000000e+00
-3.425581768337906396e-01
4.931238359650429448e-01
5.650304374606154312e-01
0.000000000000000000e+00
0.000000000000000000e+00
0.000000000000000000e+00
-2.998568470899247718e-01
5.485037053551928832e-01
0.000000000000000000e+00
-9.439197434051320723e-01
-2.625640216196853949e-01
-3.616177583851039046e-01
-3.328910522388077720e-01
-4.177640707413226018e-01
9.728563987815510572e-01
0.000000000000000000e+00
5.892416929301358408e-01
0.000000000000000000e+00
3.951097420565854446e-01
-7.893374597110371926e-01
0.000000000000000000e+00
-5.214093477448047409e-01
6.480769295518447048e-01
-7.274547122163561585e-01
-3.256179292928922386e-01
6.977963751205606968e-02
2.865887638376209967e-01
4.104631703681642652e-01
6.515699850975198437e-01
6.379445237095764387e-01
-1.816798716936474101e-01
7.618340678361459339e-01
-5.311463040812209879e-01
2.368837162536103769e-01
4.683758912037074840e-01
-7.446781856387010290e-01
1.627877627961835660e-01
1.355309309085277469e-01
-2.981164217393006410e-02
9.540555108741632928e-02
0.000000000000000000e+00
-3.607151914873811815e-01
9.076712425076931545e-01
9.274054069946158219e-01
-6.105374893702573136e-01
0.000000000000000000e+00
-9.119888137143623563e-01
4.783227215520886588e-01
0.000000000000000000e+00
0.000000000000000000e+00
-7.724580453300269323e-01
7.441696266566775186e-01
0.000000000000000000e+00
7.632607518607823494e-01
-2.661008878713970738e-01
-3.874672100731599844e-01
5.782696180397068897e-01
0.000000000000000000e+00
1.260873761769272239e-01
-3.551362615669311218e-01
2.164224668852623434e-01
0.000000000000000000e+00
0.000000000000000000e+00
5.853881186781908497e-01
-6.613438009910455051e-02
2.957325352243485028e-01
-9.408343638816081267e-01
9.917126228541768285e-01
4.079100305412119987e-02
1.173857067806698407e-01
0.000000000000000000e+00
-6.471645559689425120e-01
3.388415695246773662e-01
0.000000000000000000e+00
-3.054002195855600732e-01
4.527601048831164654e-01
-5.902851865052278768e-01
-7.104642562161120889e-01
-6.772153332957460137e-01
6.264347970053176784e-01
-8.177593062598615958e-01
-7.093912362225784918e-02
0.000000000000000000e+00
-4.271389547861437208e-01
0.000000000000000000e+00
5.645692935633457310e-01
6.897216398860743780e-01
0.000000000000000000e+00
6.514545393982307253e-01
2.336650315548367551e-01
-1.618342234455336648e-01
0.000000000000000000e+00
-9.907993901785960844e-01
0.000000000000000000e+00
-1.808675768972456410e-01
7.094231389785694564e-01
-1.480566484391756532e-01
9.288273969942630881e-01
8.562454010197386722e-01
5.845365474123369598e-01
4.271442565025880267e-01
-3.994238518613448807e-01
-1.539998499923078690e-02
0.000000000000000000e+00
0.000000000000000000e+00
-5.387884756286971388e-01
2.992745499867013326e-01
0.000000000000000000e+00
0.000000000000000000e+00
-2.374811296996095500e-01
5.006287798433215475e-01
-4.018594719960821848e-01
-8.079197759309153515e-01
0.000000000000000000e+00
2.869524726402286063e-01
-7.320039816222558837e-01
-5.257760485149038931e-01
