1.228009123606581543e-01
2.289105653867418155e-03
2.346073899117795403e-01
-1.984682251895784066e-01
-8.284396266244966611e-01
0.000000000000000000e+00
0.000000000000000000e+00
0.000000000000000000e+00
-6.253264472140585006e-02
1.315690714827078001e-01
8.648598840250294462e-01
9.033762908058349250e-01
0.000000000000000000e+00
5.038977193779929920e-01
0.000000000000000000e+00
2.864634061866064840e-01
0.000000000000000000e+00
0.000000000000000000e+00
0.000000000000000000e+00
-4.733170810658182681e-02
-4.875871595501879430e-01
-9.099676794353823706e-01
4.032863565095805569e-01
1.213095684362719417e-01
-8.821857955906604598e-01
8.924742590203784687e-01
0.000000000000000000e+00
-4.055116916837984142e-01
0.000000000000000000e+00
4.781134128172572773e-01
-6.620411310426006501e-01
1.798260834239167050e-01
4.325748819353592012e-01
1.369617275341030727e-01
0.000000000000000000e+00
0.000000000000000000e+00
-4.265229310266049900e-02
-8.188212228962123973e-01
0.000000000000000000e+00
8.292250779807315286e-01
1.761460423642509099e-01
0.000000000000000000e+00
0.000000000000000000e+00
5.662601963826010554e-01
-9.539706749121310558e-01
8.767654144973116015e-01
2.303635061717246302e-01
7.980898348674174692e-01
-9.251582320809565996e-01
0.000000000000000000e+00
-4.160324093825580327e-01
-9.938242919244806295e-01
-6.754442879338915517e-01
7.681361594003504045e-01
3.853674305940759659e-01
0.000000000000000000e+00
0.000000000000000000e+00
7.482953177789957167e-01
-4.221545300707174597e-02
-6.100817563372404884e-01
4.062467418131199270e-01
-8.448647347501996308e-01
-6.702440690749358332e-01
0.000000000000000000e+00
-4.362473429290703031e-01
-5.137930454786094892e-01
-9.105004474614726284e-01
5.157743940922174808e-01
-7.847969434276027556e-01
0.000000000000000000e+00
-2.941880587592515806e-01
-4.553746156476266016e-01
-2.933294816545746198e-01
0.000000000000000000e+00
3.928018661084955454e-01
-8.660217765607396423e-01
-6.386806780864398014e-01
0.000000000000000000e+00
0.000000000000000000e+00
6.035843700117540234e-01
-9.979229909836762058e-01
-5.069305361611755600e-01
9.240545204224868137e-01
-8.800597881623888341e-01
-5.186371512450029808e-01
5.996411914767008078e-01
6.105125402522910694e-01
7.261997912333928440e-02
0.000000000000000000e+00
-1.140937122646088486e-01
-8.869113454270523000e-01
7.039571108164426327e-01
-8.574248137391382585e-01
-2.309062371521535262e-01
-1.862413782528304917e-01
3.301213888148919473e-01
3.229948552813328710e-01
0.000000000000000000e+00
-3.268662294997015660e-01
-1.778237945416019095e-01
-7.916476262475533598e-01
-2.628278449723353560e-03
-2.962495926466004459e-01
1.926592432874179028e-01
0.000000000000000000e+00
-5.808618874752933259e-01
4.836349790050544772e-01
-8.036550870399894464e-02
7.091614471276215248e-01
-9.484630573192593950e-01
2.388738847509670471e-01
4.547454090272275984e-01
1.551399371937178806e-01
-2.875994175848939349e-03
-1.796481289170708262e-01
-3.599372445643964635e-01
4.414322995678858774e-01
6.327982221071788427e-01
-3.910365664297312804e-01
7.483437507408112754e-01
-5.201712645631473286e-02
1.849964436111912747e-01
-1.856112454169678294e-02
-9.218750902577201867e-01
6.719987026779694617e-02
3.347879826205002463e-01
-5.582214910467444557e-01
3.349046029219882037e-01
0.000000000000000000e+00
-5.847721049024956486e-01
6.017181744898907336e-01
-8.763505307388910204e-01
0.000000000000000000e+00
-3.842694483732027599e-01
-7.092940107411969120e-01
-5.781709956472758094e-03
0.000000000000000000e+00
6.498746933610641818e-01
0.000000000000000000e+00
0.000000000000000000e+00
6.611045480814445874e-01
-7.756258844444621214e-01
0.000000000000000000e+00
9.961662453691040309e-01
9.597778574861259848e-01
0.000000000000000000e+00
-6.169741832044304264e-01
-7.954880945099498391e-01
2.022083136423558081e-01
9.155330605989870918e-01
-3.906983843035487514e-01
-4.013746916117366670e-01
-1.719372602555027107e-01
9.146664067080285676e-01
6.043047433586923312e-02
-4.757842311898459187e-01
-1.919220285231575396e-01
-5.484654922884191208e-02
0.000000000000000000e+00
-1.505209003016974023e-01
-9.801127058684662163e-01
-9.921061449677976984e-01
0.000000000000000000e+00
-7.819808174052176319e-01
3.031801585333739890e-01
9.804778157590681165e-01
0.000000000000000000e+00
3.762590172196953464e-01
2.415085766332247807e-01
9.917669287124004640e-01
-5.646428030370795881e-01
4.246904086472127471e-01
-9.576246559575942729e-01
6.811881106270134545e-01
0.000000000000000000e+00
2.238126976019094716e-01
-9.964185835708216921e-02
1.031397841039753960e-01
9.084797603710554892e-01
1.339574100188738459e-01
8.180542863882167559e-01
-3.566160756164029610e-01
-3.385549541317582900e-01
9.064348614012216476e-01
5.270573894625307787e-02
-8.633345091017519124e-02
8.865314009523903582e-01
0.000000000000000000e+00
-3.661794126446671349e-02
-8.023792873571433670e-01
2.784641547094639513e-01
-3.326830537101141960e-01
-9.541625216257434428e-01
4.265273082075426991e-01
-1.608909722935387698e-01
3.153548464569229104e-01
-3.382213334628116908e-01
1.923286678076179257e-01
-1.198656639685282688e-01
0.000000000000000000e+00
-2.721920711882868105e-01
0.000000000000000000e+00
0.000000000000000000e+00
7.803318182080196674e-01
5.713986511686415248e-01
0.000000000000000000e+00
6.272932643317652435e-02
4.215289682937557458e-01
0.000000000000000000e+00
-2.408242802715583331e-01
1.715271427249640546e-01
0.000000000000000000e+00
9.043935806907217323e-01
1.547567819481907581e-01
0.000000000000000000e+00
-1.955833318506046137e-01
-4.726676602832291518e-01
-1.110519885816299013e-01
4.828690655743372862e-01
4.152239770104901861e-01
0.000000000000000000e+00
7.114970631787458366e-01
4.252850957470746263e-01
0.000000000000000000e+00
9.841585963181345154e-01
-1.032889337627871384e-01
5.114685461164634184e-01
2.695987451503565335e-01
0.000000000000000000e+00
-4.762875660961629620e-01
0.000000000000000000e+00
-3.459029146589511772e-01
-3.487723413511600867e-02
6.116765239441699364e-01
-3.856691870475053019e-01
0.000000000000000000e+00
-7.058888215279939260e-01
-3.266123394460964668e-01
-9.896032165559613958e-01
0.000000000000000000e+00
-1.535333006030015213e-01
0.000000000000000000e+00
7.367086637196760268e-01
5.987725974128377260e-01
1.220528057434349112e-01
7.173994068317246509e-01
-1.400824842897570033e-01
-7.829117222569703660e-01
9.246075450645174776e-01
-4.787150870812453274e-01
-8.846001863685803990e-02
0.000000000000000000e+00
-6.186581083451623275e-01
1.403877496995706853e-01
0.000000000000000000e+00
1.953741340579273622e-01
0.000000000000000000e+00
7.546569585565670035e-01
0.000000000000000000e+00
9.241147950103081321e-01
-9.628666365335190047e-01
-6.927885304268421862e-01
5.210835822780113258e-01
-8.546571955259398834e-01
4.350174122339474092e-01
