-2.785629077076994253e-01
-7.049392314539348892e-01
4.333531413611140803e-01
8.720784430573322865e-01
5.780093329642826960e-01
1.013175073910644181e-01
-5.287304956728590133e-01
-3.814968965499449527e-01
8.825019123788582220e-01
-1.936484759674602651e-01
8.050147967742445898e-01
-9.159567552681098235e-01
4.534993455776799021e-01
-5.864219214502465194e-01
-3.888681722815638675e-03
-1.000000000000000000e+00
2.984185796247083022e-01
-5.483205755224818123e-01
-3.986300028679755081e-01
5.306094372426024552e-01
-1.369040727900348309e-01
-3.722662103369471231e-01
5.841308815107711938e-01
2.726533064278638951e-01
-2.846801020990011866e-01
9.999823368130686951e-01
-3.974151888363987029e-01
2.217709883586579112e-01
4.032078886928527200e-02
-2.462729388065638125e-01
6.437386209501336776e-01
1.974420516739488693e-02
-5.077076610361458409e-01
-1.980769254376592015e-01
6.555393874263651943e-01
-2.508184684522677399e-01
4.242815613607192615e-01
-8.657667493561298500e-01
1.746021537834053228e-01
6.382875332987176797e-01
8.067787015385560201e-01
3.926261893201984376e-01
1.000000000000000000e+00
-8.224910568318046789e-01
7.366668158310696324e-01
-5.632407953114854093e-02
1.776930113872488698e-02
-5.167084832853746645e-01
-3.562792381600438096e-01
1.000000000000000000e+00
-3.547015505077606989e-01
-3.032136532571007570e-01
5.286339504716031090e-02
1.382986942120367213e-01
-9.297218295429370283e-01
7.288988549117010607e-02
6.230281731876886886e-02
7.691189261662770837e-01
-4.754158983071086753e-01
-7.433959671965587601e-01
8.774013734320618152e-02
-1.000000000000000000e+00
-3.961097053966828874e-01
4.451660373918506775e-01
6.233761104087021110e-01
1.097980417231641942e-01
-6.278753950840316733e-01
1.000000000000000000e+00
-3.932774975699372955e-01
9.702741987373885157e-01
4.366526700718137421e-01
-1.000000000000000000e+00
1.000000000000000000e+00
1.796865565834503131e-01
5.455602859321505571e-01
-1.000000000000000000e+00
2.070229439145995776e-01
-2.746645044033645400e-01
3.291624769258664762e-01
-3.460336503857522894e-01
3.358917203406749374e-01
-4.658658694245195186e-01
-8.100349866905247609e-01
1.992611274073858435e-02
-5.320965086464708449e-01
-8.600664543887721614e-01
-5.186354289735729539e-01
-2.076193664010931583e-01
5.699596814067549033e-01
-2.579805389389147052e-01
-7.978470468174032604e-01
5.564860055774480951e-01
-1.000000000000000000e+00
-3.879543730953567970e-01
-5.778802055822100936e-01
-1.000000000000000000e+00
6.312249117568273782e-01
-4.983675348023643981e-01
-4.966621384269678807e-01
-5.718672182861193054e-01
1.000000000000000000e+00
-2.247606677810133624e-01
-7.044159546008803563e-01
-9.936936495761118371e-01
-8.783778802641821759e-01
7.139495507347177750e-01
-9.403499915216485538e-01
-5.486106722629375820e-01
-1.851316037438633655e-01
1.000000000000000000e+00
-8.483524602531401504e-01
9.774609555304266673e-01
-8.540410771948894197e-01
8.866093914625592376e-01
3.961095995679482784e-01
1.072761171032668263e-02
-1.604349090473810857e-01
-6.403352156754944513e-01
-1.797693140654942345e-01
1.461456125581417076e-01
-2.545916683899816096e-02
8.843223396562520655e-01
-8.693318973395687266e-01
3.303579692214558133e-02
-5.410211504069033506e-01
8.233375443631777424e-01
-9.173600733068183744e-02
6.335896884653832717e-02
-2.884902883315104138e-01
9.732191870276454271e-01
-4.586768732342898919e-02
1.000000000000000000e+00
-2.446922900440452742e-01
-3.125720344192395306e-01
9.148390461193195433e-02
4.515103683568106978e-03
6.477246882787669469e-01
-6.895268710958718517e-01
3.310601879505579159e-01
2.147242227079135812e-01
-5.942463546756094894e-01
-1.225076464581070224e-01
2.297656904863449867e-01
6.459942809837970756e-01
-8.495651451331678317e-01
-8.535239148131602560e-01
1.200413808934016613e-01
-8.096346263025036016e-01
-3.073535029648937211e-01
1.064190924087609069e-01
-5.756909474924432057e-01
-1.945660904389378831e-01
4.179267542994183904e-01
-5.171307766561583641e-01
4.004369857303481384e-01
1.009246629821590469e-02
1.000000000000000000e+00
-4.535176429733893122e-01
1.224237049970097607e-01
1.925642907502287116e-01
4.861478027634770771e-01
-5.896135589590125736e-01
3.718671659413164687e-01
-6.565824077106888756e-01
1.706818571461675982e-01
9.028858892377561451e-01
1.352078197756537981e-01
7.591314541038929331e-02
2.628117483947875477e-01
-4.176555557663770291e-01
8.115078510240798515e-01
6.303544389235230527e-01
-3.150724397189504922e-01
-1.000000000000000000e+00
-2.121322921413791029e-01
-2.559826121285990741e-02
-1.000000000000000000e+00
-7.730509706607080478e-01
4.529528964282457659e-01
-2.744707771472997271e-01
-6.516240863338906841e-01
3.437554760311763991e-01
8.224394059566373857e-03
-3.749837494409363203e-01
2.844138431186277183e-02
-6.752532439391845109e-02
6.340629364670538060e-01
1.207345629216713401e-01
8.653485019197263428e-01
-2.438041637764810643e-01
1.000000000000000000e+00
-4.600043762065254560e-01
3.825260593515142880e-03
6.621156188833913214e-01
-6.075309005944673491e-01
-8.482472220020742526e-01
-4.783206898961709364e-01
4.166691042096465902e-01
3.508354563346171573e-01
-6.538701324739135123e-02
6.508816002850708049e-01
9.752401268091350772e-01
2.628754916711116829e-01
1.341793967074535188e-01
5.137973466475448392e-01
-9.042342622349147999e-03
1.488286818827654345e-01
7.992144464932157133e-01
-1.331771635679564469e-01
1.003039228672386457e-01
-1.654310586215893553e-01
7.989892590695411023e-01
-3.254536088885406214e-02
7.842965240123133119e-01
3.068772416914271051e-01
-2.971128569194638747e-01
-8.544956663465850255e-01
3.361524931983443931e-01
8.446406512085689045e-01
5.432915078245332818e-01
-3.484977488705019444e-01
1.302019308072383530e-01
3.027334318117202647e-02
1.988980160305337530e-01
1.000000000000000000e+00
4.449736489423233299e-01
1.000000000000000000e+00
-4.596032151412660083e-01
-1.248273174146653230e-01
1.229623956044600258e-02
2.029669625703957592e-01
-3.537620074375452672e-01
-1.830744897858455622e-01
-7.134036846058625647e-01
1.000000000000000000e+00
4.817093628325194166e-01
1.000000000000000000e+00
8.141872399738202537e-01
6.579271174140646772e-02
5.307703215422210352e-01
1.272376319176486692e-01
-9.672065928378671407e-01
1.589323257005443024e-01
2.530300412695434820e-01
7.448792208700460993e-02
-4.144422489222226447e-01
5.818068590368863369e-01
6.526104099477814113e-01
1.006195602948385254e-01
-2.844268133480710725e-01
-4.539308171693320904e-01
8.282902670254487232e-01
4.733005249842245354e-01
9.389108217820902880e-01
1.877277606413801092e-01
4.820645146906218370e-01
-7.647808908163169495e-01
7.704485768018824732e-02
-1.000000000000000000e+00
8.310851163409149756e-01
-4.551329880863322908e-01
-7.435455597706188691e-01
9.760327383512878985e-02
7.573474756778988404e-01
-8.342591302503576944e-01
