6.589864435164032030e-02
-1.000000000000000000e+00
2.129797574908792179e-01
-8.872913288881281169e-01
6.094231723848316795e-01
9.406138416818963233e-01
-6.870318456960210485e-01
-5.299052379529111123e-01
-1.000000000000000000e+00
-1.000000000000000000e+00
-4.870416123924579122e-01
2.449871639343805252e-01
3.305894252325406457e-01
-5.302316952656942473e-01
-3.202211300066426514e-01
3.543631300205627443e-01
-4.318136782659788286e-01
3.432407672191148951e-01
-3.302004313512364453e-01
5.939227502714324869e-01
-3.566548757907154199e-01
-1.211404350936880481e-01
-4.448557064958007512e-01
8.716819364436010353e-01
-5.109751612998365555e-01
-6.631517417290700989e-01
3.874962601088705050e-01
-1.513194117274129225e-01
1.000000000000000000e+00
1.000000000000000000e+00
8.843535388052174984e-01
-5.426239713539543486e-01
9.093871473127487781e-02
7.097431163704672752e-01
-1.000000000000000000e+00
-2.991621561079863545e-01
2.357238916850879495e-01
1.000000000000000000e+00
-6.806626968204646522e-01
-3.078410729463957329e-01
4.508187940838445096e-01
-4.662766905595144840e-01
-8.655903556763493434e-01
-8.828232761962008235e-01
-3.617766262438976144e-02
-7.499997782774008304e-01
2.123199793992902040e-01
-7.875596421306498840e-01
1.000000000000000000e+00
-6.899079709349058565e-01
-3.198883681802729972e-01
-4.947700475529351327e-01
-9.391338979390060349e-01
-4.121828567905846952e-01
4.114396259027743863e-01
6.429388301617549040e-01
-4.018717297208433403e-01
5.275058471862240639e-01
2.281725100571515008e-01
1.106752775778871017e-01
2.085634326894809099e-01
5.323861810958538943e-01
2.079233702085965529e-01
-8.120538696971341119e-02
6.929047423176314391e-01
-4.733077450405041020e-01
-1.000000000000000000e+00
2.756268296637451320e-01
-3.654413333984230516e-01
-2.727961658541173673e-01
-3.588062906434261734e-01
8.006938231947635654e-01
7.789250948848631673e-01
-9.967839268967403354e-01
-3.573130609582957085e-02
2.181557957778629542e-01
6.583660581403108503e-02
-1.300079350213879659e-01
-7.567678075889486822e-01
8.968582450512121440e-01
2.991219800350323754e-01
5.812878768312534916e-02
1.551699357969278659e-01
8.051855760920633154e-01
-6.503394416226353225e-02
1.000000000000000000e+00
-9.308178431540395925e-01
6.247899877651217349e-01
2.284793015539714756e-01
5.077963980298745295e-01
-5.428616158277410619e-01
8.188984505836998107e-01
4.626559939952809564e-01
-4.024133984564857713e-01
8.213279115315252898e-02
-6.560854513784014630e-01
-1.570904699270393723e-01
4.590646896765316343e-01
3.457026917180390235e-01
3.480622853168053865e-01
-7.512861488199427118e-01
1.000000000000000000e+00
5.399674621130673424e-01
-2.923610848794968020e-01
1.000000000000000000e+00
1.000000000000000000e+00
6.229972763810696229e-02
-8.644098621993773213e-01
1.000000000000000000e+00
-1.000000000000000000e+00
7.842505378324046150e-01
-2.230928624314316711e-01
-5.283271309653844727e-02
-3.415484362510630145e-01
7.120321655313944786e-01
-1.777811248673367706e-01
1.545777888170202230e-01
-2.646887292808293712e-01
-1.000000000000000000e+00
-4.650297541268086920e-01
-3.071921744548423289e-02
-2.205787026606925993e-01
-2.095590938137480430e-01
-7.880667891743180498e-01
-3.261089664277156963e-01
-6.235336578114278883e-01
-9.451195426439079617e-01
-1.813042340516630713e-01
-5.838543440786765348e-01
1.000000000000000000e+00
1.188911963767941282e-03
4.441585544011609765e-01
5.473643466511476374e-01
-3.008580570295063539e-01
-1.000000000000000000e+00
4.975866587442411837e-01
2.888289112641295175e-01
-5.851206706612411823e-01
1.148613693500077498e-01
-2.772375374116785585e-01
2.800945991231587606e-01
9.531446221297756871e-02
7.299842440503373497e-02
-1.881563702861738241e-02
3.364792693831712977e-01
6.095603008937484635e-01
8.301471816495414879e-01
-5.048701399834785164e-01
2.246741019784284643e-01
1.103662834605459997e-01
1.032582440790423828e-01
1.500763536412525190e-01
-2.551894934209919530e-02
5.057355602656632421e-01
1.116134732033780691e-01
-7.434363034751477750e-01
-3.699929133616895460e-01
4.591262566518306554e-01
-1.934381131873803561e-01
7.758166524795465646e-01
-7.004714395532742888e-01
4.205725582146166985e-01
6.319250250286376769e-01
-2.576778271125484965e-02
-3.204287486983620203e-01
4.274843588580429787e-01
4.357754807283015785e-01
8.452333446725474042e-01
1.000000000000000000e+00
-3.381519123285031125e-01
-5.079453363848216441e-01
-4.182208733734553152e-01
8.391832118378605987e-01
-1.000000000000000000e+00
1.332590643952556997e-01
-1.410302313801798380e-01
1.000000000000000000e+00
-6.758622371191734812e-01
3.611363523276190368e-01
5.773744903267289397e-01
-5.132026875099946484e-01
4.774341210538325664e-02
3.033041195650389987e-01
-8.833243375731469893e-01
-9.159431443595850153e-01
2.075131767591627263e-01
-4.566902263370118398e-01
1.000000000000000000e+00
6.259995245003294739e-01
4.922699862527846193e-01
-2.547555430802888599e-01
-1.000000000000000000e+00
-2.411077004674946900e-01
-2.523756078167862515e-01
2.364432914082849335e-01
-1.000000000000000000e+00
7.563245504994743351e-01
7.808851207340604672e-01
-5.307707563781183246e-02
1.043788481405328733e-01
-9.855709659370798237e-01
6.132505068840196083e-01
4.427816347420221454e-02
1.925515704719373833e-01
1.000000000000000000e+00
9.308368485093538869e-01
9.253105144709996566e-01
8.923765472713369729e-01
2.036737127923798907e-01
2.526445159828902831e-01
-5.097573082064140726e-01
-3.183793299925338216e-01
-1.978044879667825162e-01
8.868203822457352281e-01
5.692361249701907017e-02
-1.000000000000000000e+00
-3.918659611924598524e-02
6.905295212865919519e-01
8.149686238147747508e-01
5.301999634776269898e-01
-7.892312529635346907e-01
-7.912223166607487146e-01
1.810184013926477986e-01
-3.076148938565935187e-01
2.783641333755137448e-01
-3.359368143868605161e-01
-1.000000000000000000e+00
-1.000000000000000000e+00
2.343910765907789018e-02
1.461177068756507602e-01
4.303388653822838861e-01
-4.305590212013266083e-02
-3.078753305371892401e-01
3.490688017833090684e-02
-2.722356279501972898e-01
4.917785311061676490e-01
-3.864349542187430209e-01
-2.190695395587568539e-01
5.447111573981798793e-01
-3.360429505968492991e-01
-4.718330205465554594e-01
5.001137390767412816e-01
1.000000000000000000e+00
-5.605652876077606983e-01
-7.225672112230980826e-01
-7.194775654839178358e-01
1.000000000000000000e+00
1.000000000000000000e+00
1.494482566424090719e-01
4.285522688160192106e-01
-6.886363292673635117e-01
7.705384740012718447e-01
5.881889861929949781e-01
7.135592757375069928e-01
6.684359028220578924e-01
1.000000000000000000e+00
3.845368686866087460e-01
4.566523921876641801e-01
2.662980275697720556e-01
3.378046168420523743e-01
-8.240387196729485053e-01
-2.308390847738473473e-01
2.738266810127062967e-01
4.723505587761443469e-01
-5.740131988221705006e-01
