-1.000000000000000000e+00
-4.150107738883158232e-02
-1.951951314825088601e-01
-4.699544545275739504e-01
-1.574926805741317659e-01
1.354392339541740653e-01
1.090964161716893172e-01
6.000222729872958238e-01
9.662637652495335849e-02
-1.000000000000000000e+00
-1.895946210274691568e-01
6.504848319332207085e-01
5.946237842840054189e-01
-9.625855093114834560e-01
-8.048111997720778232e-01
-9.126243262157239799e-01
2.778491957364436771e-01
6.272727031775559015e-01
-1.844947573850899691e-01
4.378043604735071259e-01
4.920670173242127632e-01
-7.331908564547109375e-01
-3.184983308465761387e-01
-5.756837175197473955e-02
-3.437138914028613490e-01
3.037379794098147845e-01
1.000000000000000000e+00
3.848303991193039453e-01
-1.980400195693125531e-01
6.443162722961968125e-01
-5.703306721420144804e-02
7.039115226525398672e-01
1.393595297898031493e-01
-9.924871525237959347e-01
-5.032892277165945671e-01
-5.220604691328243341e-01
1.408265605701810586e-01
-4.159403595412196619e-01
5.023351123822994424e-01
-1.000000000000000000e+00
4.757294907741465573e-01
-1.000000000000000000e+00
8.388811012307317849e-01
1.000000000000000000e+00
4.161234231431583663e-01
-9.824481735026692197e-01
-4.816433013306881672e-01
3.153014620851319894e-01
1.000000000000000000e+00
2.356975543509570170e-01
8.196342256794042491e-02
-3.653732510895556507e-01
7.298765909337461277e-01
2.187023135937856133e-01
-2.505881059612694584e-01
1.000000000000000000e+00
1.393630691084463968e-01
4.937081241944111798e-01
-2.529019843157107594e-01
3.552148895764478675e-01
6.277328780275719389e-01
-5.156404716061412374e-01
1.960792705212745513e-01
-3.138134599503371036e-01
-1.418491202186204503e-01
3.563253125513703989e-01
1.193831067128058726e-01
-4.765069287563896694e-01
-4.021004242237791737e-01
7.387594580537335531e-01
1.794134859522086844e-01
6.885189395557497760e-02
-7.607215362187347285e-01
1.000000000000000000e+00
1.642889278975079304e-02
4.290922833416404014e-01
-1.942769509061026412e-02
1.000000000000000000e+00
1.112546207739194132e-01
-4.841536177463063306e-01
-9.947223282481585382e-01
-3.061528547255215060e-01
-2.317719271153492466e-01
4.799599856820135346e-01
-1.000000000000000000e+00
-1.927686027226385712e-01
7.948241138718699361e-02
-7.734264333524488999e-02
-1.791171701365065205e-01
-9.041759944422127493e-01
-1.000000000000000000e+00
1.030739470943443925e-01
-6.662184806915310009e-01
3.053770259086690045e-02
5.145944162700981372e-02
5.696104921856304237e-02
1.638917170056525818e-01
3.492195349206308475e-01
-4.466146594393709535e-01
4.545933473757687304e-01
-3.533574446336408825e-01
-2.578897005310781254e-01
-2.452835381181694141e-01
3.780806845866801491e-01
8.235973457461809311e-01
-4.689281196522032680e-01
-2.558935208881382706e-01
-1.481161306416571843e-01
5.733520699148085820e-01
3.772387109641103797e-01
4.616129694841104025e-01
2.190626857657967941e-01
-5.463017601949754498e-01
-2.389073395596207350e-01
2.342472782153364463e-01
1.861614648114300330e-01
-7.870217496777358601e-01
-4.862131559524783264e-01
9.142009050742371246e-01
6.832242450063721328e-01
-1.000000000000000000e+00
2.547862765059802914e-01
-7.178460373455587407e-01
-1.219236257107352284e-01
-7.330345419616899338e-01
2.770451813214225845e-01
-4.553711478079748576e-02
-1.370396811598778852e-01
-1.000000000000000000e+00
7.133160929588392429e-01
-4.104219106639586112e-01
5.918426227483919444e-02
6.626380501371386122e-01
4.278680189289824076e-02
-6.848041590295748104e-01
-4.349128438083549320e-01
3.591567461794289429e-01
7.377237768736375489e-01
1.858552793548326476e-01
-1.000000000000000000e+00
3.923940676331804100e-01
1.272104212597249817e-01
-7.261438001460092106e-01
2.336502756362785205e-01
-8.975519645930334356e-01
-8.444106064806643497e-01
-9.876600278417339007e-01
-8.376514173022886478e-01
9.550100444540279843e-02
8.661738372711418332e-01
3.284770487615774059e-01
-7.798412140989896546e-01
1.966754184920476156e-01
2.507942457391448832e-01
4.381897129471457042e-03
-1.000000000000000000e+00
-6.474213034524872734e-02
3.705060888254446128e-01
3.951302155493034429e-01
5.596686576176176375e-01
2.341806047526690526e-01
-1.000000000000000000e+00
9.243755998672102958e-01
-9.985043973042191379e-01
-7.833341535669591238e-01
6.624960520031465405e-01
-5.127770025028535184e-01
-7.714582020503353288e-01
-8.561877711534084945e-01
-1.530907302905182843e-01
4.523517278303004208e-01
9.428844107990941303e-01
-3.047594140292157056e-02
-1.039952181044647705e-01
-8.948489960429099055e-01
-1.000000000000000000e+00
-1.000000000000000000e+00
1.422099309544511969e-01
-1.303670025803693733e-01
8.913200382703185820e-01
-3.109704681257414727e-01
-6.486808051812970044e-02
-1.487124634196125735e-02
-5.948778131390550783e-01
-1.000000000000000000e+00
3.156739249032866068e-01
-1.000000000000000000e+00
-6.913023663903523630e-01
-4.037925267901310011e-03
1.099943300144934910e-01
9.429702173995999637e-01
-3.096117458662577815e-01
6.855390410091563580e-02
4.067106807244525446e-01
5.359816063783389151e-01
6.403112187018346058e-01
-4.301648695288574631e-01
5.898066159369624861e-01
7.719647215112884764e-02
-2.378425131626200895e-02
6.606792935971448344e-01
-1.000000000000000000e+00
-6.366656706628839313e-01
-2.495228257290708074e-01
1.000000000000000000e+00
2.786855434252975550e-01
-4.500575729122705537e-01
2.229868306015353185e-01
7.241373987952967051e-01
3.384941104724616401e-01
-1.000000000000000000e+00
-8.912802247750332141e-01
7.448336437267782939e-01
9.111777607753761554e-01
-1.741701204830494731e-01
-8.344221879743518588e-01
-1.997365286182445077e-01
2.153448273656654588e-01
1.000000000000000000e+00
-1.872903156502964128e-01
5.196789131206318579e-01
-1.632412977821079414e-02
-4.493325749577000566e-02
5.214057118573828253e-01
-1.722288104721122481e-01
-1.174788850226282516e-01
-6.498327882408938549e-01
-3.750966757632727133e-01
-8.918502854705745442e-01
1.350420898552466553e-01
-6.945256754936581789e-01
-4.889204660959172166e-01
7.367684334197859286e-01
1.481166228262653095e-01
-1.726773061793814568e-01
1.000000000000000000e+00
-8.427789139610519786e-01
5.238291022031771327e-03
-9.895593745425038668e-01
6.949914647668955503e-01
-1.000000000000000000e+00
-5.666967269537060981e-01
-4.372928832310981617e-01
6.359786426618696531e-01
4.828822794856583167e-01
-9.202974559168376478e-01
9.561701192876004285e-02
-1.408586972789092340e-01
3.101506365932100162e-01
8.162573045732690602e-01
-7.090174660019397113e-01
2.756739914830075855e-01
6.767596675512539406e-01
3.446428354313230136e-01
9.777513194212552605e-01
6.438570002816561555e-01
1.000000000000000000e+00
8.419887947162276731e-01
4.308146822784563179e-01
-2.440993488156260535e-02
-7.960344813979569611e-01
6.631643372011216675e-01
1.000000000000000000e+00
-6.542713646158586360e-02
6.802571973189787125e-01
