-4.124478145884449831e-01
7.102549445046235643e-01
4.277946465119055741e-01
7.131292892200673528e-01
7.179544951337955005e-01
-9.289497508981184315e-02
-8.746586339938994259e-02
-1.708957664979326996e-01
-8.219570630429118285e-01
-3.191258296967766639e-01
-6.084592598257025642e-02
8.502313712643692900e-02
9.968524470221756806e-01
-3.294237999158172725e-02
-7.586178351524379693e-01
-4.085843538175449874e-01
-2.386494841434254055e-01
-3.996317753827488550e-01
3.693583448569769390e-01
3.508972410276561815e-02
1.337786879992613198e-01
2.645705278540474437e-01
4.971339972208297375e-01
6.947815176859912789e-01
-1.111103146105992534e-01
2.813194663118567806e-01
-3.779123674767965735e-01
-1.224796117639643578e+00
2.607022309623804324e-01
-2.289892861759177875e-03
8.105517162646740104e-02
-1.944037462481277012e-01
-2.990787836071058803e-01
-5.492784620694008968e-01
1.773242060137269760e-01
-3.343132108573274031e-02
-1.394716026637790422e-02
5.562521610352200163e-01
-1.031332830949843737e+00
-3.255705305216567980e-01
-2.451146342112300869e-01
-3.154635500937073567e-01
1.123463545174337580e-01
7.591181534304807244e-01
-1.322512210642904140e+00
-3.405288504312452558e-01
-1.479402014018993683e-01
2.187195315901886428e-01
-8.505388182910404993e-01
-4.484874816969488531e-01
3.023532445634593002e-01
9.486162825297510259e-02
-1.314863445038225720e+00
-8.174022719763747169e-01
5.842479449260399305e-01
-6.159727712534418531e-01
2.455984159906401398e-01
8.250703105261749659e-01
6.801768250943407423e-01
-9.478630186727342311e-02
-1.141398585911240771e+00
7.674009733095292773e-01
-7.020999580822008257e-01
-9.102367364476580125e-01
3.310041026998753466e-01
-4.254772996315417388e-01
4.346616259504912927e-01
8.200485759955118692e-02
1.432261907475929630e-01
-4.562670600981856284e-01
1.578714045772619257e-01
7.934125109379528418e-01
1.147835178630131514e+00
-3.672603471769680938e-01
4.849234804155926337e-01
1.176856540274542118e+00
7.814456811818957238e-01
-3.067002085645064921e-02
4.297134487794467828e-01
-4.980894178237896264e-01
2.704152607610574854e+00
6.747805160773164834e-01
-9.035087535605312858e-01
-9.289575451882626789e-01
4.933591473960816653e-01
-6.485912374240145883e-01
-1.456962794663312355e-01
-1.272685847252011282e+00
1.111587301738068967e-01
-5.409826481159735190e-01
1.922347177300350041e-01
-2.893328666829073428e-02
3.416061601799583736e-01
-5.163898506586122039e-01
3.738693107563059170e-01
-1.296185204424612269e+00
-1.753973396600504220e+00
-6.933055270668347925e-01
-2.890445936946665073e-01
-4.618405683302462816e-01
-7.827096960958025706e-02
3.902671096042250598e-01
-1.650243201665559378e-01
4.761057753295407369e-01
-9.987464852680485450e-01
-7.033662963992788342e-01
-1.734171213849869386e-02
-9.334408300549635884e-01
-7.911494105241614339e-01
-3.375150734079437886e-01
-6.213718806963837160e-01
-2.877471313922456142e-01
-2.657138486604783134e-01
-5.473108889132538568e-01
-4.263672315063988805e-01
-4.941214967839273609e-01
4.916585199498282877e-01
-4.597882815647732352e-02
-9.507241286527166046e-01
-8.877420040970606108e-01
5.803125178716391774e-01
1.730062531069946452e+00
5.825755137463390909e-01
-3.529467570486802264e-01
3.714140415530365474e-02
1.429073641352654189e-01
8.658506847692470920e-02
1.101449307682023648e-01
1.051446336448558228e+00
-7.497871291095672408e-01
7.743271326665754906e-01
7.287333207107933586e-02
-6.271997046044870405e-01
-6.544153646120252077e-01
-1.569403944822499009e+00
-2.739999619262308839e-01
4.897662286387977626e-01
5.548420334882497862e-01
-6.209281134365812749e-01
-7.436595200972266895e-01
9.154096330025061068e-01
-7.246133569025141608e-01
4.080755239881295737e-01
-9.096773592997958735e-01
8.407183692599299318e-01
4.949525503152161221e-01
4.887949258221563342e-01
-6.105968574567177676e-01
-1.084938167423166400e+00
-2.714076379911952719e-01
4.210514767747277065e-01
1.122078849517555987e+00
2.550189978527706014e-01
-9.498467427996211410e-03
2.548388735332682842e-01
-2.131359090463281092e+00
7.228337968144771253e-02
5.762637300015392983e-01
7.197856719867925523e-01
-3.207763648467918949e-01
3.856420994252735546e-01
2.429175175082678995e-01
-4.926676986778249362e-02
3.917394737915464997e-01
-9.974873698354875806e-01
-2.184173025177365002e+00
1.351019532141405355e+00
6.522788060639550523e-01
-1.904404272991053471e-01
-6.432211315699577769e-02
-1.244955723176128237e-01
6.063296276446595440e-02
-1.014784622950652970e+00
1.628036895066126144e+00
-1.985809878889662761e-01
8.970021900247766578e-01
4.007124087451003902e-01
2.031267293935147544e-02
-1.528833639990501592e+00
3.276698684271822093e-01
-4.400098670876899098e-01
1.313313809763493101e+00
1.743867020340835960e+00
5.969868348130702440e-01
1.609680233200260879e+00
-7.297702677765386392e-01
1.363052946413459088e+00
1.603139130503171028e+00
-2.274395070478804903e-01
4.491590482023302688e-01
3.642815061035620250e-01
4.029875146059815894e-01
-1.465672495446547874e+00
-8.419895676908445425e-01
1.411437205835589515e-01
-7.810088737983518492e-02
-7.811333813867449294e-01
3.374318051375638783e-01
-1.766598754381053737e+00
4.950697803748503878e-01
2.932435006261637223e-01
-3.847020509423067225e-02
-1.034270536108254479e+00
9.283666193584968473e-01
1.236905199162159574e+00
-7.549258676388586053e-01
-1.941289984771978339e-01
-4.928909773633823876e-01
-1.078098082917495482e-01
-9.113584222212326447e-01
1.151385173188840261e+00
-1.532054723978663269e+00
5.461175017081530969e-01
1.227452137086626704e+00
-4.504161156386254916e-02
-1.022371843910437672e+00
1.108533003575126463e-01
-2.314306126827309074e-02
2.552192328570355717e-01
1.255031217424577239e+00
-6.665971264411347796e-01
-8.331737741684046294e-02
8.514074482823997814e-01
1.674861688856991160e-01
-4.229332084866525010e-01
-7.831896686427931575e-01
-1.790195063553803312e-01
2.166249700881922036e-01
-1.093565763047982475e+00
9.450509802558290096e-01
-3.336103901077245304e-01
1.963011500285534103e-03
-9.962184660186916563e-02
4.839318575231037894e-02
-4.815468840425627395e-01
-6.202168920954622688e-01
-2.426422636826181325e-02
7.507833321837323881e-01
3.264300842147032089e-01
1.054954082976010676e+00
1.302134893138398586e-02
-4.767956144325063983e-01
1.133743002414351331e+00
1.119750760605057321e-01
-1.829781016668864668e-01
-7.645642484895910362e-01
2.370479955224076729e+00
8.723069537834198250e-01
-2.547819210515651078e-01
4.783676690939671072e-01
-7.669055051116099309e-01
-1.328706231811853433e+00
-6.689655446566251662e-01
2.959395854967182826e-01
-7.837466904199772433e-01
-1.975699059276211922e-01
-6.633154699521389697e-01
6.518817961937408700e-01
6.776448425150067845e-01
3.039329243561810778e-01
9.873672453213226674e-02
3.107799988278224512e-03
4.957821264909175740e-01
-1.584631975723207908e+00
5.801535529117116674e-01
