-1.942244028841906278e-01
-2.682153115532468490e-01
-3.753040337232527168e-02
4.362276674933052156e-03
9.546644685801898289e-01
2.279858877011934348e-01
5.001191727691935984e-01
3.609222456788023781e-01
1.078532211088615092e-02
-4.498466951352692034e-02
-7.227037441799055717e-01
-2.128233598412574423e-01
7.956989831492579102e-01
-8.013085270470778898e-01
1.425963502165086050e+00
-3.070492325496372299e-01
-7.766837970837419114e-01
-2.898424315842976773e-01
1.480132923541184198e-01
1.841111504741146820e+00
-1.885859580867641050e+00
2.078425083885065972e-01
-9.845710375589764585e-01
1.525094482275779040e+00
9.840418594396800334e-01
6.894885883041063090e-02
6.936043823479844939e-01
-6.434915076437548453e-01
1.993639136352070018e-01
-2.014424050199162958e-02
8.134203219082287717e-01
-6.851168368870641512e-02
8.529999924757574181e-01
-2.028037913431555705e-01
1.159549863036571260e+00
3.793896844280210123e-01
-3.412685789269254144e-01
-1.621744544456371617e-01
8.344798479498818367e-01
-5.260037004594704246e-01
-5.538804162988848478e-01
3.936832845181743590e-01
-2.170436942163370478e-02
3.744494988232918153e-01
1.162719588764564271e+00
1.091100442099233847e+00
-5.510524324073193814e-01
-1.275877075148789785e+00
-8.283081262918128296e-01
9.146472020037134110e-01
-3.400062800272410368e-02
7.554474505585704325e-01
-1.061151587227097792e+00
-1.960236829264095093e-01
1.307463729298808719e+00
-7.388241740173133731e-01
-1.130535349837207826e-01
-1.084582503968321232e+00
-1.759835866487788891e-01
4.133627321020215684e-01
3.690461703124108261e-01
-1.387715610117667975e-01
1.966006382905813310e-01
-2.797388089606972494e-01
-4.860844842043270386e-01
4.289642434417560990e-01
-4.912888031862734373e-01
1.712530701341557382e+00
1.369599940547313377e+00
-1.829152990260446421e-01
7.024903376383715425e-01
3.132226977512541088e-01
-1.074941868011470181e+00
-5.892908976606057170e-01
-9.277045354824067780e-02
6.864141659259854755e-01
8.450955550155401230e-01
-7.210903301734804538e-01
5.794670083217693390e-01
-1.037732108963016486e+00
3.408575061192212208e-02
5.368993365184502320e-01
-1.708768147615666644e+00
5.547614689011962641e-01
3.053443468057996935e-01
-1.579197246894222806e-01
-1.803357043569758233e-01
-6.468727808859408013e-01
7.263500516880933011e-01
1.366740389689214963e-01
-1.450205144962613879e+00
1.398245883554770863e+00
3.809574863775697096e-02
-3.839006227763561707e-01
-2.510297695199765755e-01
4.251613488026260990e-02
2.050916501004736991e-01
9.063777606359855188e-01
-3.693787467460618035e-01
2.363727608522395163e-01
6.297514136246435967e-01
-3.911595283768801723e-01
1.807574782955170711e+00
9.722033555798247351e-01
2.319904922693911131e-01
8.911421748136487686e-01
-3.547321042815321235e-01
-2.243626564282846791e-01
1.671868283629903917e+00
5.860173518936022674e-01
-9.899181593037381655e-02
-4.398705964159402293e-01
-5.910037448684601902e-01
-1.021175141891321081e+00
-1.265378648859162958e+00
4.400881942481907894e-01
-3.559850240990251047e-01
-5.115385799857432580e-01
3.135769882181189960e-02
-1.745465826385055541e+00
1.260370978090631588e+00
2.084563345588498207e-01
-5.531387114618331324e-01
6.974688004111673223e-01
3.357877599582963501e-01
-7.698823946983606170e-01
3.882785861179777198e-01
1.965031096663527155e+00
3.707278235605874217e-01
-1.306424548812008313e+00
-1.909359381483642260e+00
-1.435517174264113738e+00
2.237700807639745326e-01
4.893982860873158369e-01
-5.020242021697274293e-02
-1.631047464666187663e-01
2.376104351975541484e-01
-5.844598467033794709e-01
1.353009092232215327e+00
7.683937326113359223e-01
8.166931256283020968e-01
9.451298562324540464e-01
-7.511282861690963264e-01
-5.131564697260204699e-02
3.706347072420630440e-01
2.522003319670012011e-01
-8.671966653578189188e-01
-7.476700420514530432e-01
9.334431122388597846e-01
-2.572542916067971919e-01
-2.244387375732237455e-01
-1.971184914617422901e-02
1.404074582573095364e+00
-1.319226691105132909e+00
1.034617775592405309e+00
1.240357577864572125e+00
-1.972654177233676420e-01
-9.491508993332442579e-02
-7.088198361764863620e-02
8.328529605780741196e-01
6.064628531203728468e-01
9.439582994229175350e-01
6.842233455124624442e-01
-5.852312662666679932e-01
-1.640101905649898051e-01
9.651878857954864221e-01
-3.584070514489917647e-01
-5.128363636616193322e-01
2.632842942317945023e-01
2.610541919798742505e+00
-1.174472162848846146e+00
5.382179219350898824e-01
1.093681028710866143e-01
1.060371858906812292e-01
6.283502716127539744e-02
-5.585442283808883523e-01
1.223308614041182407e+00
-1.680268877550400719e-01
-3.053116323640404656e-03
-2.322317060255110754e-01
6.757666382712217423e-01
5.040201604549865433e-01
-3.696128641463493347e-02
-5.167437542980166665e-01
3.075629533727055609e+00
2.208465651210806957e-01
-9.185819801037177212e-01
5.498944290416793446e-02
3.249432014846189709e-01
-1.661569082780130491e-01
3.486646412063764133e-01
-3.667691558509962313e-01
1.233494197533743009e+00
-7.209565910558877189e-01
1.001427230084480646e+00
-7.513048132552528902e-01
-1.595615509372596552e-01
-3.346544598591760789e-01
4.994168388957793692e-01
-8.580716931099722222e-01
6.263359150496490280e-01
3.323855746754890428e-02
-3.065293448776891250e-01
5.130654105385947794e-01
-1.358868545742807132e+00
-8.651814539310047625e-01
-1.121282589374974492e-01
4.116391522167419659e-01
-4.857327676933166638e-02
-3.801217741912771286e-01
-7.196651989950857420e-01
4.200253059054994687e-01
1.549845853135802365e+00
-4.703426380161958020e-01
1.160679240649270250e-01
1.201942305628819652e+00
-1.032737054754416572e+00
-2.757231298859905699e-01
-1.023423411655104420e+00
1.367487013314359956e+00
-2.133311574225573715e-01
-3.266480935517415141e-01
4.578527853766351519e-01
1.388802792213804649e+00
6.054750805382068668e-01
-3.204923959048218141e-01
6.297934610469628769e-01
-2.330075485368479082e-01
-3.432516998589457691e-01
3.709961734345973428e-01
-2.091984669857410994e-01
4.190126886938646544e-01
-7.508708121991360812e-03
-1.406478743545376275e-01
2.996747976943901381e+00
1.862872696747024936e-01
-1.058349883923142887e+00
4.824958699810735219e-01
3.151498360836386681e-01
9.458897816025488847e-01
5.264223049295577717e-01
1.288606558219294485e+00
-4.909071540978193759e-01
4.437639923691646393e-01
2.497462994730626218e-01
-1.134835290644778727e+00
-6.104966618015317259e-01
1.093216137222286388e+00
1.179161047147758268e+00
5.947074428784107081e-01
3.385228036676368735e-01
2.357156812559183523e-01
-1.917687508406275554e-01
5.901209883601545858e-01
-3.413702330746816727e-01
-5.204063739730317995e-01
-5.774349761233863454e-01
-3.584773765788189237e-02
2.235197066737035221e-01
2.127695143535877909e-01
-4.537468979299242866e-01
3.925466611763382963e-01
-1.618199370435909223e+00
9.377050675946088099e-01
-2.498143922783615523e-01
