-4.378843248013581935e-01
-1.671924402915159757e-01
2.249863818167048279e+00
-2.926744452227614257e-01
-2.954678658992470064e-01
2.216295779947132227e-01
-4.977566728434357213e-01
-1.549593253521901470e-01
-4.064435079731931189e-01
8.695415638558140481e-01
-4.148931163642513020e-01
7.139254096816300965e-01
-9.759002501942313224e-01
-6.247278405241758481e-01
1.032452153545359241e+00
-1.418944760895171908e-01
-1.582751211055338558e+00
-4.573087771103748755e-01
1.061000255193272235e+00
-4.537225714969359558e-01
7.757290123307636343e-02
1.724742004524711714e+00
9.895588829590247215e-01
3.051306662142456716e-01
9.913743037486668630e-01
-3.745091831367738378e-01
1.739421612997155697e-01
-1.442928172387416830e-01
-1.076281331447424439e+00
5.145182609593262901e-03
7.516530402657785048e-01
5.651275406193960738e-01
-9.846449353608549560e-01
1.774667467000655030e+00
1.317476477603749530e+00
6.512204304261479670e-01
5.920213029597592991e-02
2.598389741981805834e-01
6.738878489303410380e-01
5.299459333598783850e-01
8.191111914219609269e-02
-5.226123779446170126e-01
7.721604655874221568e-02
-5.806817976372331547e-01
7.165135180664252701e-01
-5.407723899374916599e-01
-1.061843934009831791e+00
-1.761844535824490521e-01
3.174896005836221335e-01
-1.093360091443813964e+00
-3.398448603996551132e-01
7.247161094639671397e-01
6.160205863074141863e-01
-5.699100522370772470e-01
-1.288128537905984250e-01
-6.331461925447565697e-01
-2.583279334432464491e-01
-1.331984162529072369e-01
2.479876510212501717e-01
-4.742229807996498625e-01
1.189435337826087319e-01
-3.385595396538931823e-01
1.158986636560640771e-01
1.764112678829595549e+00
-1.367809221756052795e-01
-2.080749073472515365e-01
2.854202728001667744e+00
9.338682873910342241e-01
1.042247813908684151e+00
-3.148026682342127680e-01
-4.517274652165327309e-01
1.415904628889196326e-01
-8.256417420549673203e-01
-8.378025471605365926e-02
-4.371820934425755811e-01
4.494889175295232464e-01
-4.305256258369629663e-01
-3.418698574484082542e-01
5.180283608805474893e-02
-5.889203391768851326e-01
6.008718889771965666e-01
-8.479018186739045726e-01
-1.065494237764439689e-01
1.090228393927284767e+00
-7.127849474383209927e-01
-4.327277416339214700e-01
1.367643023251648771e+00
3.938934255721533717e-02
-8.324049998858975563e-01
-6.845305423369395514e-01
-7.656762630176985329e-01
1.069718679448996568e+00
-5.819768207099578206e-01
-4.899196279405319543e-01
5.545732847784252684e-01
-5.827274591173747798e-02
4.862547566149824640e-01
2.009558481265195096e-01
4.294473223319959510e-01
1.612260488021570071e+00
3.274766184609498310e-02
-1.731612776478189897e+00
-3.941745391299278367e-01
-4.110918545491393794e-01
1.798540881078481701e-01
4.512309939807579440e-02
-1.846785776111069310e+00
-1.184178764736794509e+00
-1.951570580913842168e+00
4.040749101651846531e-01
-3.648393783460241596e-02
1.233407066065051738e-01
-3.569953809738010131e-01
7.603220504013188386e-01
1.038014876209633286e+00
1.117280487051846238e+00
8.349217291285884190e-01
-3.681387923177246169e-01
1.598156251972437936e-01
5.676297419843240322e-01
8.889311090863348808e-01
1.119953997657360700e+00
8.976902582321274471e-01
-2.996336878075739896e-01
4.343581434499938637e-02
-7.488097274842001050e-02
6.792001217626677523e-01
6.607773517430077792e-01
6.201182469856774127e-01
1.494630386641440101e-01
-6.948268884121890920e-01
-5.420119451011218281e-01
-8.175331908666337855e-01
-4.104485421371643072e-01
5.628912868480095977e-01
2.603947246659257808e-01
-6.700061691634993100e-01
3.383277022206401252e-01
7.108437378791350181e-01
1.024979929616538055e+00
-9.016057364025956700e-01
-7.468641740982193689e-01
-1.030135815490912599e+00
5.640763918114671815e-02
8.197862793809147786e-02
-1.329411650457921756e-01
7.610981756458821135e-01
-2.958013003633811477e-01
1.684297410251360372e+00
6.218108524703189754e-01
5.062362498992949433e-01
-7.692583316696322004e-01
-4.178428040567931379e-01
4.833501261992985409e-02
7.169776767069240275e-01
4.809701582608530424e-03
5.021668077255236895e-01
5.856839636162434193e-01
-1.136412210304560411e+00
-3.204721292156893497e-01
-8.401368570464437524e-02
3.782643860969434613e-01
-1.178328470481718876e-01
-2.251150932188514808e+00
3.842004204416430424e-01
3.922119329002017318e-01
1.023601072416489455e+00
1.238294790656019190e-01
1.310127431254835439e+00
-5.659049446851391885e-01
-5.956124607577641950e-01
-7.031410277711802603e-01
-3.904940076166986129e-01
2.397011045152296904e-01
6.378029728309482227e-01
8.084094842547140392e-01
-4.291518435588261848e-01
-1.553322732927369554e+00
-8.702700880553402296e-01
-1.276770761504676943e-01
-8.347040858110302830e-01
-3.110626419268746057e-01
6.950383003832887319e-01
-7.702864319716069552e-01
6.360685879237402141e-01
8.512178936126453266e-01
-5.724776535116027354e-01
1.397420877730494726e-01
7.484250562718710587e-01
3.528299433566479681e-01
1.287266661797862276e-02
4.544567520023095053e-01
2.823542297677484325e-01
-6.241840714098887410e-01
-7.520006279422426498e-01
1.496823056824053144e-01
1.254560065042903183e+00
4.245271181144107953e-01
-8.659326087444008113e-01
-5.336320438251084264e-01
-9.836223083422200864e-01
-1.701777615296876656e-01
-3.622474515157662056e-01
1.213842105148255079e+00
-4.695896286523280616e-01
-5.352703156522551353e-01
5.688787285468954735e-01
2.077946280537254609e+00
6.015442193840750407e-02
1.177594109355956542e+00
-1.377991799316127697e+00
-6.249089055212593280e-01
8.084355982703611554e-02
3.153705345956221429e-01
1.429218726874250112e-01
1.233633603595364114e+00
8.487821299015791965e-01
-5.979303625934527522e-02
-1.140755942551333391e+00
1.533046921234014315e+00
-5.426480425173516586e-01
-1.895715704643988087e+00
9.461330959508968963e-01
1.085533514113340203e+00
-5.221956040871208460e-01
-4.030964535138540361e-01
-1.419141694825913458e+00
3.245868624886836251e-01
-2.850944557396852819e-01
3.102317777516122588e-01
6.792103666449227362e-01
6.525926482979318433e-01
1.671267121079255680e-01
3.367901535736124163e-01
6.923850344466222495e-01
6.607055048331864633e-01
1.305813531550590323e-01
5.813814740309153350e-01
2.075123380893673930e-01
-4.615984245586456369e-01
7.910033601641082157e-01
3.195703797246732814e-01
-5.569099386836002807e-01
5.087887881757603425e-01
-2.446409768857973066e-01
-2.215352246207108119e-02
2.582620816886220805e-01
2.697266480810787681e-01
-2.794272767370672428e-01
-7.710245005040230470e-01
1.925061968823019998e-01
-7.391499882584069425e-01
3.858725967739238261e-01
1.001933371556898766e+00
1.989319788947436329e+00
2.178163221971417957e-02
-1.834093574715692232e-02
-4.244554214551011784e-01
7.475745920183677340e-01
9.560861720903821581e-01
-4.651322214198999605e-01
1.246422819768375323e+00
9.124529179993945416e-01
1.568521305799765786e+00
-2.650358994920238853e-01
