1.253616174061273347e-01
-7.057682146099206744e-01
-1.704084723539320279e-02
-1.499034802961249635e-01
-7.596246121773714277e-01
8.030084739974632235e-01
-5.069011889390295095e-02
-9.987191464665308160e-01
-4.451612808382674480e-01
8.011892457056828398e-01
-2.172376632544436026e-01
-3.173637634429848364e-01
1.332615234961965489e-01
-2.727159434979216091e-01
2.615512118611846848e-01
1.767214900328287319e+00
-4.493313751542724055e-01
8.486766785041859051e-02
9.986200905660453930e-01
2.571797435884149441e-01
1.378974695846745036e+00
-2.984804734297630269e-01
3.443369460123163472e-01
-5.839199589143483360e-01
5.498174940115830855e-01
3.205602646291496161e+00
9.098693467945278002e-01
8.788808767504419084e-02
-6.665976654711534000e-01
-4.261529753040798063e-01
-1.223022986644934224e-01
-1.360530782977537267e+00
2.485266836294562909e-01
5.529055048791187144e-01
7.249118720498182178e-01
-1.442526348825032390e+00
7.294756978882884768e-01
8.580456842979602983e-02
-2.675858666108055672e+00
-2.518002784101814329e-01
1.089426480147690279e+00
-9.420611998914973917e-01
-1.976183503822454279e-01
-3.527267154760798107e-01
9.468818820600791164e-02
-6.139439176687343513e-01
-2.848077205063395567e+00
1.322512748752791678e+00
1.510370038074424215e-01
-1.179759635871996171e+00
4.450385605089340890e-01
-6.580393385987349797e-01
8.106392279246829702e+00
-8.425349347739075068e-02
7.335011285605910203e-01
-6.800217462787454537e-01
-6.760245059814506963e-01
-1.896981548520255689e+00
2.531149673338777717e+00
1.695014149130910974e+00
3.281578211557934499e-01
7.346423079839965453e-01
-5.784120585880341281e+00
6.022503930811062833e-01
-7.810299314129194315e-01
5.316307413756159450e-01
-7.549718532774565838e-02
-1.749529506546912305e+00
-1.348475986292199336e+00
1.096376815761026524e+00
-8.973501767238145632e-02
-3.660516733735628137e-01
7.612771748504304492e-04
-5.614196702426667990e-02
8.291813118750251954e-01
-2.071150674052332885e+00
3.666182919642266280e-01
-9.503266853184587637e-01
-3.002371536219816672e-01
1.160261022217939475e+00
-1.246878714083794248e+00
5.493032426782400446e-01
-1.044110392200477300e+00
-1.669762968028215333e+00
5.107389552164021129e-01
-6.555837144107850012e-01
-5.047509427343812582e-01
-6.926781283479092055e-01
-2.441127292856825615e-01
-6.221589638918597481e-02
1.920834482224563766e-01
-5.994176043252159580e-01
1.285551618452409339e-01
5.282477536433544119e-01
7.677624893212562363e-01
3.704742935831553674e-01
2.970685339527442959e-01
-3.870541154909642678e+00
-1.173582521769544362e+00
-4.020439731978225240e+00
-3.453044560158347043e-01
-8.741422584914436689e-01
2.957850931908131975e-01
1.052161423506432492e+00
-4.755439484235929326e-01
8.126432687604409066e-01
-7.488028180113467935e-02
-1.318360069530001066e+00
-5.361305679728063378e-01
-1.638323504306296030e+00
2.736494497338353704e-01
9.526623080805102228e-02
1.523083932816768349e-01
4.883773629049519283e-01
1.043633946866923790e+00
7.931507694978636724e-01
-2.179231115415486641e+00
4.183552087657994023e-01
7.406333761167633867e-01
2.450399496578618275e-01
9.451634928066615648e-01
1.120164932892071530e+00
5.219256377322231133e-01
-2.144054348697694290e-01
-3.704493010697483268e-01
2.279660891158503677e-01
1.452461492978852076e-01
-3.972453462498677923e-01
2.075639534746910597e-01
6.583090787443865999e-01
-7.630461211211482242e-01
1.294436941251416728e+00
-9.973766310421074144e-02
1.281615540713183954e+00
1.153466371591273243e-01
-7.088059483010689110e-01
-8.800959188004029432e-01
-1.965585973788224750e-01
-1.088649638452551027e+00
-7.638527209539924812e-01
-3.231528710311526442e-01
2.250377333198684049e+00
1.685754185911141623e-01
1.295810021987373162e+00
4.530879025770194746e-01
-1.865470145509070310e+00
8.864937146521451039e-01
3.956878452319554929e-01
-9.759755235276547369e-02
6.253751282329056416e-01
4.085669935639240080e-01
2.438830998657582350e-01
9.812154172801986762e-01
-3.576571085755055335e-01
-2.349024549180593058e-01
2.768218576593091118e-01
-1.765788754012295458e-01
-5.608305645383588889e-01
3.213144412775955638e-01
2.507629353746597123e-01
-1.247889456107412337e-01
3.139051160105856830e-01
-9.066438447148452706e-01
-1.854550931020507054e+00
8.955736329072481183e-01
-1.676215079869846969e+00
-4.393093658253311440e-01
7.921477085471193558e-01
2.879564504288151805e-01
-4.039460242847819210e-02
4.975643525938998613e-01
1.387190968126319479e+00
-2.074014589388612606e+00
3.492635921249170328e-01
-3.162202734897346934e-01
-2.421117660345120104e-01
-8.690907663159505026e-01
-2.135383046821272279e-01
7.420362453784506290e-03
6.064102556815039735e-01
1.608887601222604102e+00
5.843132330427608379e-02
7.979628432861630982e-02
1.478482919799563311e-01
-1.815093241406640912e-01
4.566486009911868704e-02
5.487126210879758048e-01
6.981888076131832488e-01
-6.171438148966461590e-01
-7.240704078278970002e-01
-3.224224050335345315e-01
3.952870763507230767e-01
-2.217271370202202441e+00
-6.785310171485121611e-01
7.646683118116517353e-01
-5.468921793338749754e-02
1.553119833816116291e+00
-2.514934596411561030e-01
-6.834228517910132528e-01
1.005456639771701743e+00
3.520130199696342999e-01
1.026141388031911683e+00
1.281554077428753435e-01
5.775376209812359551e-01
1.654503540198701828e-01
-6.763243476925169251e-01
-9.731590754168203614e-03
6.184966397566238339e-02
3.788468431748012177e-01
1.286419660989546188e-01
-7.781875467312717731e-01
-5.093777059263830953e-01
-9.554876331574352344e-02
6.433343933686848093e-01
2.484516728630467020e-01
-9.863965351913795560e-03
-3.266913777196791546e-01
9.347096213819954258e-01
1.123688735120272897e+00
-1.500129553337301580e-01
3.770575586785145927e-01
3.977926471404571451e-01
5.775926749744821898e-01
6.229276242504944161e-01
8.606838181459585124e-01
9.352407794762545024e-01
-3.645934556891078593e+00
3.552028597569987373e-02
4.716786740324101501e-01
4.615668311204863539e-01
4.711286615362507701e-01
1.537961109732352893e+00
8.564997876179580860e-01
-1.778128314907418961e-01
6.657549160361855289e-01
-9.554737737748528748e-01
2.435702405398474379e-01
-2.532019791948816323e-01
2.879450194510372318e-01
2.682517690451160508e-01
5.290372076944804824e-01
-2.795379185064971184e-01
5.188696650163396873e-01
1.253617109965725063e-01
-1.852330562775255096e+00
-1.156615376056803646e+00
-1.673844314495882113e+00
8.579201448794364360e-02
9.307083366665780400e-01
3.394031237735584128e-01
-2.831172643874556583e-01
2.939071038586552609e-01
-1.482204639305041982e-01
-6.516861210527968851e-01
-4.213472231891891018e-01
1.005009262938581782e-01
-1.593984074747346602e+00
-1.454304449281596245e-01
1.527357423351995494e-02
-2.288031799267358224e-01
-5.631737880580883759e-01
-6.452334055530842272e-02
4.125303260479946110e-01
-9.454259364229355977e-01
1.008884191418745857e+00
