0.000000000000000000e+00
4.703666300886724105e-01
1.000000000000000000e+00
0.000000000000000000e+00
3.900262714198106107e-01
0.000000000000000000e+00
0.000000000000000000e+00
7.007610190045212573e-01
0.000000000000000000e+00
-3.668664231003566645e-01
0.000000000000000000e+00
9.054869541177561487e-01
0.000000000000000000e+00
0.000000000000000000e+00
1.000000000000000000e+00
-8.395649746496989252e-01
3.610508085914365672e-02
6.289620540225713263e-01
1.159241630029990144e-01
9.505703785236461201e-01
-8.216889136306348984e-01
-6.886771094629842160e-01
-7.014084792752475206e-01
7.075757906447743828e-02
0.000000000000000000e+00
-6.258551182688465442e-01
-9.726297839333968298e-01
-7.301408172377992223e-01
6.833715414922998388e-01
0.000000000000000000e+00
-1.943543148354587302e-01
0.000000000000000000e+00
0.000000000000000000e+00
-3.562046867160983954e-01
2.929084959714829406e-01
4.617698513993981901e-01
-3.559322195258030064e-02
-1.706827416401359709e-01
3.065806893539182454e-01
0.000000000000000000e+00
7.375893415998302505e-01
0.000000000000000000e+00
0.000000000000000000e+00
-2.063207290326938281e-01
9.877800441762831785e-01
-7.767016115659008957e-01
1.000000000000000000e+00
7.980126575221431207e-01
3.175445903570632833e-01
-9.908293461298354199e-01
2.835828885642861508e-01
-4.614835447931020518e-01
0.000000000000000000e+00
6.439248178220942087e-01
-5.821694386836362423e-01
-2.853539490793708389e-01
1.000000000000000000e+00
-9.306224237605615901e-01
0.000000000000000000e+00
1.000000000000000000e+00
4.197238805334675416e-01
0.000000000000000000e+00
-2.645607844367359185e-02
-4.603566478893195146e-02
0.000000000000000000e+00
5.014813730567031502e-01
0.000000000000000000e+00
4.385695758206311634e-01
-6.743766983071357579e-01
0.000000000000000000e+00
-1.250134572502394903e-01
0.000000000000000000e+00
0.000000000000000000e+00
0.000000000000000000e+00
8.183724097796780672e-01
5.892078486568643747e-01
4.292593878095605220e-01
3.160168537044067971e-01
8.854684087244872881e-01
1.000000000000000000e+00
-3.955088686422076893e-01
-2.413533699109380315e-01
3.526608714990591142e-01
1.000000000000000000e+00
0.000000000000000000e+00
0.000000000000000000e+00
1.000000000000000000e+00
-7.378053001903499553e-01
-8.800396567987145424e-01
-5.554926593836830850e-01
0.000000000000000000e+00
0.000000000000000000e+00
1.000000000000000000e+00
0.000000000000000000e+00
9.507451051855988489e-01
5.583849982330877371e-01
1.000000000000000000e+00
-5.837785983010479463e-01
5.792784189168009856e-01
0.000000000000000000e+00
2.159837246818123724e-01
0.000000000000000000e+00
0.000000000000000000e+00
-6.843438089874829267e-01
8.912996955568353030e-03
6.040697219861921319e-01
-6.235859167472657116e-01
0.000000000000000000e+00
-8.256300787189987389e-01
8.136267023739063298e-01
-3.801431133371819815e-01
0.000000000000000000e+00
1.508796582701743549e-01
-3.406035858189444543e-01
-1.667558277190517302e-01
-8.809566342188699384e-01
-9.593399746442496934e-01
-1.486435691338390264e-01
0.000000000000000000e+00
7.084252603131651060e-01
0.000000000000000000e+00
0.000000000000000000e+00
-5.810765729102997934e-01
0.000000000000000000e+00
7.619243550983882951e-01
-8.995694374428850892e-01
1.657691835138244141e-01
0.000000000000000000e+00
4.972101753807869340e-01
-5.044631198879110379e-01
0.000000000000000000e+00
0.000000000000000000e+00
-2.787962134203396669e-01
2.437611690066905368e-01
9.729543360145669340e-01
0.000000000000000000e+00
-1.709626982537211237e-01
0.000000000000000000e+00
-8.263360488818920491e-01
8.931205220605831219e-01
1.997745745708034981e-01
-8.150295589485117009e-01
6.223123243903359025e-01
0.000000000000000000e+00
0.000000000000000000e+00
2.028273344744535578e-03
6.920154616535281189e-01
9.867586260318979008e-01
0.000000000000000000e+00
1.480349199518196102e-01
-6.140115850094143291e-01
1.771468539918261698e-01
0.000000000000000000e+00
-3.358295098944872326e-01
-4.487700436298822648e-01
-8.356801701202343224e-02
0.000000000000000000e+00
0.000000000000000000e+00
-9.880183326793789966e-01
1.000000000000000000e+00
0.000000000000000000e+00
1.000000000000000000e+00
1.000000000000000000e+00
2.288591748950961069e-01
-5.684517941004376684e-01
-8.834770193364980262e-01
0.000000000000000000e+00
-8.677131115807219519e-01
0.000000000000000000e+00
0.000000000000000000e+00
5.656244818191402679e-02
6.484645631859151660e-01
-6.654634972477013743e-01
-3.515485267735709574e-01
0.000000000000000000e+00
0.000000000000000000e+00
-8.912144343678831682e-01
-5.682878691341965993e-01
0.000000000000000000e+00
2.899464568303651291e-01
1.000000000000000000e+00
-2.248286685152434128e-01
-6.113099618634518784e-01
7.592615866257057533e-02
0.000000000000000000e+00
0.000000000000000000e+00
8.282898643015668139e-01
0.000000000000000000e+00
0.000000000000000000e+00
3.994499498093575518e-01
-9.390429700479423492e-01
0.000000000000000000e+00
0.000000000000000000e+00
2.904676965098189623e-01
8.956543793160722799e-01
0.000000000000000000e+00
0.000000000000000000e+00
0.000000000000000000e+00
-7.764561685948143666e-01
-7.028088332267543592e-01
0.000000000000000000e+00
0.000000000000000000e+00
0.000000000000000000e+00
-7.865379323409988910e-01
5.210215340070007972e-01
0.000000000000000000e+00
0.000000000000000000e+00
-8.589361522078748923e-01
0.000000000000000000e+00
0.000000000000000000e+00
-2.468074921118472709e-01
-2.722218936249640731e-01
1.671423166897889612e-01
0.000000000000000000e+00
4.169765024357723338e-01
0.000000000000000000e+00
0.000000000000000000e+00
-2.512823470650991098e-01
0.000000000000000000e+00
4.576121871332272661e-01
-7.438476893384438071e-02
1.000000000000000000e+00
1.000000000000000000e+00
0.000000000000000000e+00
0.000000000000000000e+00
0.000000000000000000e+00
1.000000000000000000e+00
1.000000000000000000e+00
1.000000000000000000e+00
7.169579150824088032e-01
3.508933711853894355e-01
0.000000000000000000e+00
9.065848514484367016e-01
0.000000000000000000e+00
-7.491691532443514046e-01
0.000000000000000000e+00
0.000000000000000000e+00
4.338781529216364508e-01
1.000000000000000000e+00
-8.392714712065700855e-01
-3.133564495188299048e-01
-3.151865094576282722e-01
6.449722668985180540e-02
1.000000000000000000e+00
-3.521603501130552427e-01
0.000000000000000000e+00
-2.362518663758339521e-02
1.000000000000000000e+00
0.000000000000000000e+00
-1.138904203303472418e-01
0.000000000000000000e+00
0.000000000000000000e+00
-6.586346538393355043e-01
0.000000000000000000e+00
-8.877692516583275406e-01
8.845320654669848182e-01
0.000000000000000000e+00
-1.046131452449063914e-01
0.000000000000000000e+00
0.000000000000000000e+00
0.000000000000000000e+00
8.988945258585181453e-01
0.000000000000000000e+00
0.000000000000000000e+00
2.146810794600853001e-01
