4.970309634437727331e-01
-1.829204185670034732e-01
-3.574904843169643409e-02
1.807511612978474069e-01
-4.463580163203592077e-01
6.337459332141343049e-01
1.899852005009561529e+00
-1.215843883298116435e+00
-4.285138985789170851e-01
-4.752837932442337543e-01
-2.383378469180015904e-02
5.031766806952453486e-01
-4.534261736391424491e-01
-1.619826188993717109e-01
1.951305156087477233e-01
3.111510002702089772e-01
-1.678379670034184368e-01
-2.666166293875225080e-01
8.720442075718707331e-01
3.181573327248236049e-01
-7.498048166545590032e-01
1.751070159177626762e+00
-2.033365556265731566e-01
4.242105195670141660e-01
-3.171003684196895267e-01
-8.146192605686680688e-02
-4.495869660893022646e-01
-5.509126658550278499e-02
5.917329820039005650e-01
-4.671696169594484471e-02
4.287547858684614965e-01
-2.772011185609244907e-02
-2.228697512305265693e+00
-3.983228287946135038e-01
3.516852658573850210e-01
-2.862982657312935220e-01
-2.061713678020218321e-01
-7.735409370810534258e-01
-1.465794258390736182e+00
-8.502430724341883406e-02
2.246170912547354459e-01
7.548571502989209758e-01
-3.533069796681359565e-01
1.321645593968319154e+00
5.453776197754751642e-01
-7.093282376244334220e-01
-1.682588521445130547e-01
2.200381097127976360e-01
-1.567487648031752889e-01
-5.796121079842695423e-01
7.310921085592155810e-01
-8.394808758106535596e-01
-3.905063401847196081e-02
5.619584790846341438e-01
-1.021913053615899569e+00
2.945989025298597630e-01
-1.962846706632060123e-01
-6.739541560652615448e-01
-1.396788154635000945e+00
-4.574429470620199334e-01
-4.384077891720093989e-01
-6.893217005481546700e-01
5.422739793867308311e-01
-4.384895554098582060e-02
5.301325120665069113e-01
-2.812438397797313083e+00
8.566892601129183493e-01
1.570216237268010351e-01
-5.977916140176546822e-01
-2.869391845851193001e-01
3.002622091510761537e-01
1.988533457927582071e-01
-8.009182638549852129e-01
-7.125694760766024816e-01
-4.822261592965010855e-03
-6.056460985582193812e-01
-2.562539119986421976e-02
-4.369691779427223866e-01
8.852685781997258196e-01
9.195130981337629184e-01
-5.863612466192906769e-01
-7.220589599757729071e-02
2.131033424420808675e+00
9.387840026086862188e-01
-5.078441872276613367e-01
-2.551186388123316551e-01
-7.934994210698262940e-01
4.124771553355092157e-01
2.792706953346120180e-01
-1.156711241116669564e+00
9.805043252341828497e-01
-1.542433015419289344e+00
5.063602409833808382e-01
-8.305570361353363795e-01
2.184084776134643135e+00
3.095053157255211462e-01
2.162926584965745302e-01
-1.870097365531142586e-01
6.993657413815709267e-01
-3.345270909883547028e-01
-1.587759617904042353e-01
1.077592780841627906e+00
5.134577830962229195e-01
-1.050664157986246766e-01
-8.822964284203165253e-01
7.037517731316236813e-02
-1.468868006241435875e+00
4.430177388248756065e-01
-3.989952027779593013e-01
-1.750992674195671395e+00
-5.854002804877397881e-02
-1.170854795502056511e+00
-6.944496551994684408e-01
3.753764487201499689e-01
2.391382528842743438e-01
-7.670522664321521855e-02
1.418410744632306209e+00
-1.323252617128701791e+00
8.051351052070960801e-01
1.128669077817300165e-01
-1.094336962728785778e+00
-8.832197610873162574e-01
3.322034754645013521e-01
-1.674414071567376983e+00
5.282803527768781260e-01
-9.378570037230753165e-02
-2.902761958779629392e-01
2.914147998962399178e-01
-2.776605430026729548e-01
-2.528335613614343114e-01
8.479719747313275713e-01
1.016581223174357396e+00
-5.796203183432137029e-01
3.985396988227009052e-01
-1.314807954669681589e+00
-1.566815394974988840e-01
1.502292206373915529e-01
-3.148898583085162350e-01
3.450469007837526081e-01
4.184642936367970467e-01
9.428232721341752720e-01
1.055103414099679698e-01
-6.494320964037494370e-01
3.219537544291133369e-01
6.366247429109620493e-01
1.046052128030545703e+00
-1.691983334381305770e+00
-2.393494826819303201e-01
-3.120070393309580178e-02
-1.621388941108920512e-01
-2.909964399009893343e-01
3.749047661196053816e-01
6.485701440325041256e-01
-1.236496820534508378e+00
-8.734265682093989014e-01
-6.643034394955618649e-02
2.212472221330729905e-01
-8.544131171275766157e-01
-6.960669978081477360e-01
1.551754040903843834e-01
-9.006791418035857699e-01
2.370286970136363525e-02
-4.812935164634026819e-01
1.079099109386775224e+00
1.382422022672501249e+00
2.743535713765887785e+00
-4.416216761744984898e-01
1.062120928195684932e+00
9.654435443334049571e-01
2.342268141921398650e-01
-7.876052397249311277e-01
5.548098755498577228e-01
-2.695015778172897836e-01
-6.513288059320549994e-01
-1.995248706335851274e+00
-1.523701892252488366e-01
3.093787323075894991e-01
8.539546177015699957e-02
-1.949744529380685598e-01
-3.889950035413669016e-01
1.208155138214101809e+00
-6.295165387795732537e-01
1.863064446940348340e+00
-2.201535752495268894e-01
-6.375704104567434527e-01
2.099213884737065050e-01
2.181599402474392324e-01
1.248367385569899568e-01
3.901013971224460142e-01
1.625509366503363196e-01
-2.561277232262898496e-01
2.216504126454465484e-01
-2.356036796913627829e-01
-7.384011236414897983e-01
-1.570135166318325837e+00
-2.092448801094591929e-02
-5.132577725977243155e-01
-5.229045697492680222e-01
-6.824619162622078128e-02
4.488672172231084057e-01
4.173359425563981095e-01
1.609897282388087769e-01
-8.300348634503369738e-02
-5.025604157104368586e-01
8.061285215163531415e-02
-3.162477715286314828e-01
-7.316575829449047941e-01
8.573307708183830478e-01
-5.082011269788423435e-01
4.667554752838734000e-01
-1.582449517287469812e-02
-8.720890467704627280e-01
1.074799746796045063e+00
1.396157863092108431e-01
1.101866261268027003e+00
-1.850826365362973625e-01
-3.423930157120247397e-01
1.780039591366171237e-01
7.058814709213081517e-01
-8.431090047607538995e-01
-6.137301624815973133e-02
9.709804141482911155e-02
8.726235457524863515e-01
2.330231088343119872e-01
8.420216074888549063e-01
-3.265768739195182291e-01
1.136572642427961854e+00
-1.438082214072767373e+00
1.217620904370901869e+00
-8.304291085801362993e-01
5.052876281880844811e-01
1.632578792725435379e-01
4.492363823213693652e-01
6.980976357262522747e-01
1.575697497670688896e-01
1.893523368840659138e-02
-9.278524193435220280e-01
-1.164010241080947639e+00
4.471034095792860152e-01
8.610530937876247348e-01
-2.977284905321126995e-01
-7.040342883533964313e-01
3.331530652277528981e-01
2.545957571691133126e-01
7.930312790490648966e-01
-3.818258447992834981e-01
7.395975495235607156e-01
1.653433396691513124e+00
5.348678963474793324e-01
-5.352097761876252191e-01
-4.618119182714294224e-01
1.128929694202896572e+00
1.327265762277712868e+00
-4.718537629552706225e-02
4.963108694428861600e-01
-1.296371314187530155e+00
1.632159693756310759e+00
-1.547866903141776884e-01
1.267040350674877303e-01
3.887352679520542642e-01
1.840165403902152830e-01
-1.025977711926020275e+00
2.119779893013412908e-01
1.467172736051081394e-01
6.165442539544495615e-01
