-6.432295171797705047e-01
-9.963958580614749039e-01
4.539749478316106313e-01
4.402105702536244225e-01
-2.218236831823109378e-01
-7.812752933494238050e-02
-8.204773090683041836e-01
-1.023471646002946489e+00
3.104187949938183033e-01
-6.061897605660427901e-01
-6.515209651887431397e-01
-7.197241389837036873e-01
2.301909899458694231e-01
-1.592910319809659192e-01
2.125715746319868649e-01
-1.155379411988397109e+00
3.258862616177539417e-02
-8.296798482832377086e-01
5.222383310504415954e-01
-3.704505411388525071e-01
2.832202607432313113e-01
-5.832885483544067995e-01
2.346730262151198662e-02
1.124247855345314129e+00
-1.983977685296207383e-01
1.005557938939955154e+00
1.688051261800828096e+00
4.340828198148019013e-01
1.612672410691993741e-01
4.045647975727803547e-01
1.555384329548225447e-02
4.295483129207900985e-01
-5.143996068023174439e-01
1.117592908043325117e+00
-1.987411635167838364e-01
-1.402138377912149014e+00
-1.040032177753167641e-01
5.894558248381920329e-01
-8.303154853389442536e-02
8.780479116428648867e-01
1.095807906905563067e+00
-4.499155457048666928e-01
-1.672521931825121932e-01
-3.080956337161011582e-01
-1.228207683910482295e+00
-7.748138163006929036e-02
4.846659218466510821e-01
-2.495761470402623194e-01
-1.216944155003208294e+00
6.394440816121185200e-01
1.619819319656901513e+00
-7.619391484723633257e-01
-6.249422484098148267e-01
-1.041352369556337865e-01
-3.545425153874694202e-02
3.730100649504158317e-01
-7.491801134756288783e-02
5.365670819136063585e-01
-2.566565124747730020e-01
-6.239052592961139704e-02
-1.670392356635844455e-01
-1.839787484410438934e-01
-6.980801213359211221e-01
-8.937597196155740997e-01
-8.395776208198063584e-01
9.129343126197914104e-02
-5.335036339359036095e-01
-4.179109963800123340e-01
-1.187390896754551672e+00
1.331969687386859169e-01
1.085423016581467559e+00
5.558584567254687414e-01
1.217844669666242052e-01
6.217477185085112934e-01
1.416151008362409147e+00
-5.279591178532304641e-01
-2.108880407639744381e-01
1.829830246279455508e-01
4.611857163450233665e-01
-6.961041196068417092e-01
-2.552621162818459744e-01
1.344603728968952749e-01
-2.332343996493436711e-01
-2.213963625032880911e-01
-8.615804520602163286e-02
-5.887489816985583824e-01
-7.578688074306634270e-01
3.881831008966950269e-02
5.131366076730607961e-01
-3.099763384806132338e-01
2.259559607231535205e-01
8.988464936820982354e-01
-1.327349304386319373e+00
5.183265859244601259e-01
-9.007059468266757074e-01
1.491177709895190606e+00
-2.167295084598031274e-01
-3.534735263291714780e-02
-8.874742518600897689e-01
-7.539093821328757272e-02
6.726230905365687684e-01
7.749333720870245079e-01
4.667581542442376108e-01
-6.584255354797875270e+00
1.030539987210215003e-01
6.737107274244663602e-01
-8.074490319329182819e-01
1.797800215925536294e-01
-2.675343851948496776e-01
-2.849348055783431644e+00
-5.787438367839963238e-01
-1.136821947262313393e-02
-1.266520635427286878e+00
-6.745023830159043721e-01
3.266890581349564115e-01
5.801593586554026905e-01
-1.874690005176184171e-01
6.542363051771094007e-01
2.800609161185866891e-01
3.874073767641312283e-01
3.939648321040638002e-01
2.189786577162446402e-01
6.497769731647312641e-01
1.609246866820026600e-01
2.462202792167710874e-01
-1.554249780994470531e-01
-1.732673993193619477e+00
-1.217627665149319416e+00
9.113923105171913008e-02
6.971789612259666757e-01
-2.613736267073683006e-01
-6.175058961587293060e-01
-4.242038258334080575e-02
-1.032580614429275290e+00
-7.952766682451705149e-01
1.523958128192686931e-02
3.461861995746010612e-01
1.133368382124405049e-01
4.251130714723681120e-02
-3.274336717842576405e-01
-5.132540394491743596e-01
3.084191237656617665e-02
5.181564922706373144e-01
-4.334998839698386841e-01
4.193855598607006130e-02
-2.342511201155580633e-02
3.827417780652342949e-01
-3.801370563100081590e-02
8.343359930264154789e-01
5.617573858164699452e-01
-8.404104834788098666e-01
1.644558443090705424e+00
-3.803556126703779017e-02
-3.998747695910340183e-01
-1.448969503129472036e+00
-1.678742852370493921e-01
2.158336285866440940e-01
-2.367977745900397835e-01
-4.809890759302073993e-02
1.516315488065590245e+00
-4.955520141595354255e-02
1.209045002362609811e+00
-8.067013999090630882e-01
4.891082636812701945e-01
-1.434330136364098562e+00
-5.485507976529386820e-01
6.511192058990273868e-01
-6.828957768884167390e-01
1.075574313066231191e+00
-4.030360750847566398e-01
-2.691760570532480412e-01
1.717523574378500284e-02
1.462759548327329517e-01
-2.344176748685864176e-01
4.320939247141634687e-01
7.420099998689638765e-01
7.309722099939243434e-02
2.653340527894603618e+00
1.235985307947780276e+00
-1.314726472168927351e+00
7.964684413118297557e-02
-5.029050275135301673e-01
-6.477676513131341851e-02
-1.654566260392337451e+00
3.915207349202858289e-01
8.555417595056180602e-01
4.746994165296454793e-01
3.256392689352614611e-01
-6.694446857642520898e-01
-1.343069675672816210e+00
7.409778267255830997e-01
-1.905937425577224120e+00
9.413376525672336737e-01
4.807554631932550171e-01
-5.556020681510110554e-02
-2.940413064324876036e-01
-6.835515988763426476e-01
-1.106703807427619646e+00
-3.727086103227649216e-01
-3.276609152195485430e-01
7.086842087600944140e-01
1.451084528421758661e-02
1.209975650049944340e+00
1.263770638307930350e+00
-1.710857447122699770e-01
-1.192659835021458337e+00
6.073085190639777586e-01
-1.802350519141015517e-01
-1.430824976752648636e+00
2.125936713374159681e-01
-3.149299241371865676e-01
7.863917503365414063e-01
1.047081326937595147e+00
4.847960673496699013e-01
7.842316370010944393e-01
-4.284099901218024753e-01
2.644812889295411473e-01
-1.299655901152664050e+00
-7.120301703167537521e-01
1.123330751755948320e+00
-5.503926874111102485e-01
5.931176361655180473e-01
-8.945013659118269955e-02
4.299437980565100070e-01
2.240883700130157918e-01
-6.242395408810305080e-01
-2.855313534161772401e-02
1.712407309774168218e-01
4.109273961802016595e-03
-4.896266174355844991e-01
-3.729475359087356390e-01
3.372285556161861986e-01
1.943900039390292100e+00
-1.550368779283528120e+00
1.005797554966201685e-01
4.128707169936862154e-01
-2.398423585046032702e+00
-1.956215211474681137e+00
5.691598478456227905e-01
-6.013098084810629684e-01
-5.223673678234641571e-01
-2.722139390582133167e+00
3.581043196966907649e-01
1.086584879990970531e+00
-4.883814560174762343e-02
7.849957679720576120e-01
1.401765800825546249e+00
6.015618816268408331e+00
-4.763839249824496080e-02
3.074296808938511427e-01
-5.369155639914063860e-01
-7.641387909161373448e-01
4.709161815944404861e-01
-3.622089369910754253e-01
-1.060366012367116140e+00
1.349006338857688059e+00
-2.517853867884637387e-01
8.871791843769992747e-01
1.004195387411913609e+00
9.253205954205989681e-01
-4.850232608909810228e-01
2.086746594669471877e-01
4.000781699677387060e-01
3.766989659778784416e-01
-2.627773339188299584e-01
