4.555763666779525933e-01
2.269302897882529146e-01
1.182189923790690905e-01
1.222475751926394988e-01
2.024945870981437746e-01
-1.637251423456046739e-01
-9.971291089963354448e-01
9.999888471678146651e-01
7.293121872359001889e-01
7.155072594135829522e-01
-5.849143199929235371e-01
-7.454859446173475179e-01
9.725574601782192019e-01
-3.621568692015384450e-01
-6.755524508942762907e-01
-6.277265030041412341e-01
-8.299173972570124125e-01
1.537772392827366774e-01
-3.535717262224161161e-01
3.743673006913821322e-01
6.551304548506603487e-01
2.920713653010250654e-01
-2.623902814445840392e-01
7.839755821190457219e-01
-4.317256596952962489e-01
-5.180040875501875641e-01
4.664935488614728731e-01
-6.125874396701933566e-01
-8.400088972372737883e-02
4.482105098262751941e-01
-1.933983222029955207e-01
-1.217485211670735201e-01
4.811550876075830208e-01
-1.570703438835966137e-01
9.816258994588926701e-01
1.000000000000000000e+00
-2.448726576552719136e-01
2.341727671522812748e-01
-5.962636479155764696e-02
5.536216079164163473e-01
8.163429659818106643e-01
-4.557355608178486062e-01
5.108010162298617374e-01
-1.329702813751661716e-01
1.486071756182312520e-01
2.158366740142306922e-02
9.030408219812126047e-01
3.716234234712728624e-01
-1.000000000000000000e+00
-3.286317697132716265e-01
-1.000000000000000000e+00
-6.888600953865673393e-01
-3.065522949842858225e-01
-3.193179682825935117e-01
-1.000000000000000000e+00
-6.738361802993384497e-01
8.291044969519664187e-01
4.616328765153830394e-01
2.609592592611494344e-01
2.941185302367362378e-02
-6.476873705935880521e-01
-2.256914491308115167e-01
1.270937572238303170e-01
-1.608454716251854766e-01
2.129481837178282266e-01
1.601115830133615081e-01
2.745644616008076633e-01
-2.366977164046061843e-01
3.178178961709056671e-01
-1.667703766082612726e-01
5.058284116087397031e-01
5.156955662982604105e-01
-2.828607697543314425e-01
-6.275303902125624056e-01
1.340114410910937803e-01
-5.879195902939264862e-01
-4.561368686573215592e-01
-2.650123123406507575e-01
1.000000000000000000e+00
6.136789161365415746e-01
1.487512521541433375e-01
-9.868110498503227523e-01
8.888528006792506542e-01
9.999994471265333251e-01
-8.379741920208686468e-01
1.744490339672601642e-01
-2.979430261937999758e-01
-1.153374179826570090e-01
2.641791175681937331e-01
3.803944518183184353e-01
-1.000000000000000000e+00
9.512164129692884940e-02
4.277930810912222714e-01
-8.335159786924343228e-01
-7.891367037461615164e-01
8.558444410463617036e-01
5.669198326429195633e-01
1.000000000000000000e+00
-3.630378326966916536e-01
-7.661438797237821348e-03
4.453913848697638178e-01
-3.874408193005450807e-01
-9.998580890402951615e-01
1.595970856275009397e-01
-7.030501561823423451e-01
-9.869304254896481277e-02
-5.125019470832384849e-01
-6.383665954191501957e-01
8.593240279592386788e-01
4.552882384296924601e-02
8.955729952754327705e-01
5.781875271118623871e-01
3.532742696208172051e-01
-9.253519871759411375e-01
1.000000000000000000e+00
-1.000000000000000000e+00
4.300652671172342650e-02
-9.242388933806325868e-01
-5.632234989402149505e-01
-1.000000000000000000e+00
-1.857001547825430365e-01
-7.268126866088937543e-01
1.000000000000000000e+00
1.436568755540666709e-01
7.181515380260181658e-01
-1.000000000000000000e+00
-2.713940920080199493e-01
2.960208117223547819e-02
-4.948841425458381793e-01
-6.948481932650510950e-01
-8.824357333858928731e-02
-3.507254555667312368e-01
3.105953617099860287e-01
7.823408630720396495e-01
-5.688483371767066865e-01
-7.438087298022061367e-01
-8.455801538608533896e-01
-8.683306628483900003e-01
6.789938057602629140e-02
1.355586670383056025e-01
9.480879416715425334e-01
3.005593980852955260e-01
4.258811256129899636e-01
-9.993617463791464317e-01
1.327675692891205628e-01
-8.477162164456568672e-01
-5.731759049506773840e-01
2.678661842200374954e-01
9.974289990302644959e-01
9.664252027376020460e-02
1.812332270113179433e-01
-1.000000000000000000e+00
-9.689376465790432436e-01
-2.086656725179638905e-01
2.227668312485409363e-01
6.921640082341451450e-01
-9.932856341077984652e-01
9.604982552902711079e-01
-3.761832386578005394e-03
8.391711410964908247e-01
3.651249918599300814e-01
6.424296332583286917e-01
-2.428040725599976690e-01
1.584036315022886443e-01
5.423163583206545013e-01
-5.500725578099068258e-01
2.161510398353892193e-01
-8.328528575845831061e-02
-8.906660009865488004e-01
-6.136810106921068986e-01
9.985472344667937206e-01
-5.814547531397251667e-01
-9.973014786822378963e-02
-4.168935362345008722e-01
-2.923319977898987676e-01
2.450165616299499610e-02
7.107924631417681383e-01
-1.561230864797719109e-01
3.866627487242102479e-01
9.287868230409346282e-01
3.469993648344208426e-01
-5.847496606724029711e-01
-4.544240905877502401e-01
6.029632727430280781e-01
6.115825946069179953e-01
3.057960578907793492e-01
-1.000000000000000000e+00
1.598686716264631491e-01
1.825164973932245638e-01
6.090217227243885367e-03
6.070586485799215337e-01
7.221074980310446811e-01
4.254124455520967851e-01
-1.321076433498006020e-01
3.476993482513625333e-02
-2.377259652500822718e-01
2.010701872711895821e-01
-1.564805118286807795e-01
-3.606069058663272098e-01
3.072780736918651751e-03
-8.930662988571098637e-01
1.886636240981958701e-01
1.911337144762389681e-02
1.165706120243047150e-01
2.122404928488080822e-01
3.551648587637882271e-01
9.741486658891740369e-01
-6.199340734265061936e-01
5.072247826447957575e-01
1.000000000000000000e+00
-7.887063132550167222e-01
4.404392632850536171e-01
9.999805238471893842e-01
5.779565282520642278e-01
1.000000000000000000e+00
-8.124640225065953292e-01
2.059842001940262179e-01
4.645062612787546064e-01
2.237173854842830489e-01
1.000000000000000000e+00
-2.063702472643486052e-01
-8.619022662557941361e-01
7.202290743109054372e-01
5.476675109366864191e-01
6.977177849912316043e-01
-7.865541585742217290e-01
4.055308355803219356e-01
-1.742985331353865408e-01
3.490498995651402647e-01
-7.072119060378502520e-02
3.565124145223184660e-01
8.837041317154197273e-01
1.000000000000000000e+00
3.666731164803636034e-01
-3.555184367726084149e-01
5.690889456417389525e-01
-8.633938401127155826e-01
-3.990705705550726679e-01
1.332621135812448177e-01
-5.195774622397798526e-01
2.850985825439196208e-01
-5.352706165814802297e-01
2.768317979305119358e-01
-4.142147058784171332e-01
-5.014303090822949116e-01
-5.014817929521361295e-01
2.578098999371017386e-02
8.615804425890384310e-01
5.111992588681942840e-01
-4.442594753651376016e-01
1.116735797931750762e-01
-9.999733278233073897e-01
-2.020426697696280360e-01
4.636352587465221164e-01
1.000000000000000000e+00
-2.237356223571603242e-01
-4.128225348747541767e-01
2.278742000788176736e-01
-1.104238426202569651e-01
2.590227291319170955e-01
-1.596667771860663665e-01
1.241397203942761485e-01
4.241311147284166500e-02
9.533380023177748797e-01
8.853311092347418976e-01
