2.846897476045494313e-02
1.000000000000000000e+00
-4.397442100750145744e-01
3.939202017718470561e-01
8.985483101881627244e-01
1.000000000000000000e+00
-1.000000000000000000e+00
2.474599734786306904e-01
4.326026212471946186e-01
2.220928924377471025e-01
1.480376313922270905e-02
1.000000000000000000e+00
-2.573757334107096839e-01
4.130852475866516604e-01
-9.542598299693804131e-01
-1.000000000000000000e+00
-4.436215551625635745e-02
5.417831564435913183e-01
8.183928416605581457e-01
-1.000000000000000000e+00
1.443725621470972609e-01
-6.650251410847283218e-01
1.000000000000000000e+00
-1.000000000000000000e+00
-1.000000000000000000e+00
-1.368291539366702225e-01
6.980631468027986841e-01
-1.000000000000000000e+00
-5.633795993412451519e-01
-6.238819516529552356e-01
1.674769193542740009e-01
6.597664727319454414e-01
-5.634831231490030623e-01
-5.038902654711406859e-01
-1.948280462078780251e-02
6.686798804653812378e-02
-7.210033249639944408e-01
-4.810675195539439453e-01
-9.056824015501260261e-01
2.201134216897920881e-01
6.573411289896999854e-01
5.870808130434500560e-01
1.000000000000000000e+00
-4.771005717865497986e-02
-9.568150468302045741e-01
-9.977112615633823012e-01
2.123219217473416576e-01
4.304412641660830263e-01
3.508074542235788407e-01
-5.655882686272941662e-01
-7.300951259291960094e-02
-1.000000000000000000e+00
1.948397525495121352e-01
-7.644942269649461775e-01
-1.044112084613153524e-01
1.472380871918446861e-02
3.213301979879539805e-01
-3.725874217688148748e-01
-1.441062390090035727e-01
-3.094764437140846702e-01
1.000000000000000000e+00
-2.769047913424039220e-01
-9.772810633966322325e-02
6.451063479123712030e-01
7.581369377681446142e-03
-2.960853046655503862e-01
-2.726088015398402953e-01
-4.398487340060783790e-01
2.727317747427503991e-01
-1.636107546699284432e-01
-7.140672476184510842e-01
6.713646023514547867e-01
6.475990839639397256e-01
-1.592582334192734206e-01
-1.000000000000000000e+00
5.785336835726849758e-01
6.202506093214058547e-01
-5.055777626582167450e-01
1.052270752334765747e-01
1.959451858231255339e-01
4.951798909437497009e-01
-1.203599488271849816e-01
-9.232036280240660808e-01
7.369081490825971636e-01
4.017504103069735044e-01
3.650548831437299135e-01
-3.026013484857825731e-01
-6.680195654251438464e-01
-4.171946740881666837e-01
6.826638202962853619e-01
-3.411512848169854784e-01
1.161042006099952117e-01
6.994744360007927320e-01
8.869292026426119080e-02
-6.126964694884842189e-01
-7.187198032853555629e-01
4.839713641576362524e-01
-1.000000000000000000e+00
1.108497540333339970e-01
-5.113034508428491165e-01
1.000000000000000000e+00
3.938892018863354161e-01
2.292539213824193456e-01
-7.192222102944556550e-02
-1.000000000000000000e+00
1.000000000000000000e+00
1.000000000000000000e+00
4.498878048061016321e-01
-2.788175334373723668e-01
6.862534613068976830e-02
-2.074026995628275305e-01
-3.608656881652558823e-01
1.802562325893312944e-01
-1.623103965674839722e-01
3.913986772969889616e-01
1.063236008307992947e-01
1.000000000000000000e+00
2.449131392074069269e-02
-7.297458053316938642e-01
1.511465107588857437e-01
4.699392848771055328e-03
-5.573034534460119538e-01
-3.667669247680122036e-01
1.000000000000000000e+00
-6.069140671485621918e-02
-1.540524258281832093e-02
5.379692626418575152e-01
1.689895094123153030e-01
-9.672571636118217075e-02
9.136941484528644519e-01
-7.415255170708434651e-02
-2.015061393460906847e-01
3.561996152929119974e-01
-6.568511333406933383e-01
-3.305441504926542873e-01
1.251182177065868761e-01
-3.503054593497470504e-01
-7.351664729953473199e-01
1.000000000000000000e+00
2.830608541841586959e-02
-7.480745022892727469e-01
2.751887314765333326e-01
6.562362907900308462e-02
8.533905958826484284e-01
-6.795496664693232436e-01
3.629600851566316400e-01
-8.961073572823126110e-01
-1.000000000000000000e+00
6.957389323097797895e-01
1.000000000000000000e+00
-2.455485539914158410e-01
3.635230131318212821e-01
-3.649869886567954080e-01
2.374232870074699520e-01
8.895657548678195248e-01
3.020288906424716258e-01
7.292177060975325587e-01
6.770874043657019170e-01
-8.462369290578425352e-02
7.995605112252737734e-02
-5.899552293256220548e-01
1.117876630587914255e-01
1.303532907382771999e-02
-3.259554440405967313e-01
5.118697963301993559e-01
-1.798696249339774844e-01
-2.803548509152695711e-01
-9.755502058864261583e-01
-2.563206134238580347e-01
-2.550626963085769194e-01
-1.087172816790817620e-01
7.332242452416484757e-02
7.479577515766998586e-01
-9.044450592998147798e-01
-9.358262868489852782e-01
6.595520367086399327e-01
5.245057123373202401e-01
9.773182614905207011e-02
5.790783057762725061e-01
-7.293083727034510577e-01
-8.994194863964196651e-01
2.902483047424223375e-03
4.222552084210384749e-02
1.000000000000000000e+00
-4.047516953354771685e-01
2.713111134216271703e-01
5.122978945622674862e-01
1.459803835884408985e-01
1.000000000000000000e+00
5.764888150574157821e-01
2.552962808896556690e-01
-3.889213621159428591e-01
6.632338808351923021e-02
-1.000000000000000000e+00
-7.691253134252971912e-02
1.968765001701119899e-02
-3.819784161658532073e-01
6.788325310999250295e-01
1.865615525313354950e-01
-6.850179306258854517e-01
-4.030218045094011159e-01
1.000000000000000000e+00
-4.928288394638193348e-01
-1.152072067327119392e-01
-1.000000000000000000e+00
-1.000000000000000000e+00
3.710768111773286027e-01
-6.188773228154427208e-01
1.000000000000000000e+00
6.687193379228248968e-01
-6.117419435304876085e-01
7.047408448611225396e-01
5.252981319557843420e-01
2.335770004570175140e-01
1.000000000000000000e+00
4.987284429588175610e-02
-1.000000000000000000e+00
-1.000000000000000000e+00
1.000000000000000000e+00
2.511286309590331500e-01
-6.059999085972744837e-01
6.001312218514022190e-01
6.990518082119627774e-01
2.248488207089827107e-02
-4.434687848395841292e-01
8.382016174292055144e-01
-6.522452924072497105e-01
-3.879405889303321198e-01
1.548028162190185353e-01
-4.033532405572690660e-01
-4.168599164662013523e-01
-1.000000000000000000e+00
5.280894359841455943e-01
-3.772083148827265475e-03
1.000000000000000000e+00
3.608118506714224072e-01
8.946442590578568277e-01
-4.086813589261102386e-01
3.472629081973132581e-01
-9.434857438845523081e-01
-4.319521016094786114e-01
-1.000000000000000000e+00
-1.837938876831720636e-01
-4.957930154030693037e-01
-6.963385156357312367e-01
-1.000000000000000000e+00
3.609177624620802938e-01
9.015953217747514348e-01
5.552465063051962302e-01
-6.798073036968246274e-01
-1.979767478481554155e-01
5.668205897656498626e-01
-1.000000000000000000e+00
-6.172925445863635119e-01
8.177383268420335138e-01
-4.948245199248738624e-01
5.074522970569446123e-01
7.976723350113656963e-01
5.982077843024925512e-01
2.017004191541271196e-01
-1.556682450935220063e-01
-9.237862581546331109e-01
-2.304028070293104580e-01
9.265251822925966163e-01
-3.429458936279667913e-01
