5.563156108872084893e-01
-1.683460562998344567e-01
-3.389756000787418344e-01
5.312415493405198141e-02
9.793750529359959156e-01
-4.676033256859406517e-01
-3.327069976059597867e-01
4.797907506116716458e-01
0.000000000000000000e+00
-2.789144699253021109e-02
0.000000000000000000e+00
0.000000000000000000e+00
-7.817862695343036350e-02
0.000000000000000000e+00
-9.562862911062517401e-01
-8.837233958335990458e-01
4.030253580985361239e-01
2.406251994798500604e-01
0.000000000000000000e+00
3.000692726009286382e-01
2.163981001064041454e-01
4.252321818154576327e-01
-3.289413211131526626e-01
-7.691931694980407297e-01
-7.830000732117936568e-01
9.741529776806792107e-01
-8.754271910153039737e-01
-2.723572501541009494e-01
-3.993352104078964349e-01
1.326991395062540047e-01
0.000000000000000000e+00
-2.414561332241107472e-01
-9.148870926058318975e-01
-4.893087457267282225e-01
8.069918279222842994e-01
0.000000000000000000e+00
-6.032697379671834170e-01
-4.756274651169851708e-01
-7.968408036173699749e-01
9.358440958581919489e-01
-3.031274168382025458e-02
1.978292847401592613e-01
0.000000000000000000e+00
0.000000000000000000e+00
-1.625612321269871430e-01
0.000000000000000000e+00
6.912224910687085888e-01
-2.200318039107240775e-01
7.882691324271449140e-01
-9.619353519028568389e-01
0.000000000000000000e+00
4.514901018569876801e-01
7.889552864878313088e-02
8.797319366265168306e-01
-8.956059475923698887e-01
0.000000000000000000e+00
0.000000000000000000e+00
-9.432777153392666314e-01
-4.830223377560962650e-01
-3.574546905848998701e-01
1.879341211972216374e-01
-7.945330516974924429e-01
5.565100034367485016e-01
-9.746247335114957000e-01
7.850191879566048581e-01
7.782826065132382176e-01
0.000000000000000000e+00
3.162189393203589383e-01
-4.855840559648443300e-01
-6.973159803155730696e-01
1.503321786607003663e-01
-9.989097090602410134e-01
-8.196072970337815455e-01
-7.522913210431649844e-01
0.000000000000000000e+00
-6.202631234276043681e-01
-6.000409640038346648e-01
-7.525689855119792604e-01
9.095122482860462654e-01
-5.719500499097689428e-01
-1.604188618651445353e-01
-2.809335365770027071e-01
4.108502223519749919e-02
9.034025221703234632e-01
4.396414643727255545e-01
-2.195562492951590450e-01
-3.565027523519443964e-01
-2.483024108202331881e-01
1.731536696022759614e-01
0.000000000000000000e+00
-4.108473683337083848e-01
-6.843609008281603678e-02
0.000000000000000000e+00
-6.717080797137764403e-01
-3.515197405910417405e-01
-7.121063194229004800e-01
-4.964195207701598278e-01
-7.092804073428382594e-01
3.872792901875810045e-02
0.000000000000000000e+00
-8.589115423994062581e-01
-5.978087137284560093e-01
-4.298087970756963028e-01
-6.388087000687399097e-01
0.000000000000000000e+00
-5.665423621526195497e-01
9.672505506361337435e-01
6.021548500050624142e-01
8.806104494239912484e-01
6.647990370065157695e-01
2.864900782423969172e-01
0.000000000000000000e+00
0.000000000000000000e+00
9.977474033597202308e-01
6.034556640679995532e-01
0.000000000000000000e+00
1.193297797804615534e-02
7.081468782559487973e-01
9.158456301365647256e-02
-6.772775502927979030e-01
7.355268505808820745e-01
0.000000000000000000e+00
0.000000000000000000e+00
-8.121168054990177687e-01
0.000000000000000000e+00
8.101149201375019704e-01
0.000000000000000000e+00
-1.138953750098368189e-01
4.942463723571575152e-01
-8.281604797793538086e-01
-4.435044340868408153e-01
-4.407901494833155187e-01
-5.227716007272533716e-01
6.540751654973906426e-01
8.308426462897198217e-01
-6.982017052644278188e-01
0.000000000000000000e+00
1.542329923207486075e-02
-2.514599276662903282e-01
0.000000000000000000e+00
-2.302758285201262911e-01
0.000000000000000000e+00
-1.332862151627163261e-01
9.046696797444382376e-01
-3.337502324681438370e-01
-8.706465032918835334e-01
-6.237282868937699121e-02
3.653711824431060684e-01
-1.132720506171582819e-01
1.350672510389392400e-01
9.527973855267093395e-01
0.000000000000000000e+00
7.033179826282542901e-01
-7.942722344327008965e-01
9.516119885021971925e-01
-1.218143673533478299e-02
3.339836276031360462e-02
0.000000000000000000e+00
6.894859537495570123e-01
4.013916002842992103e-01
-5.123746306137344497e-02
-1.972921464711936412e-01
1.455033415685382803e-01
3.534072303070152632e-01
0.000000000000000000e+00
0.000000000000000000e+00
1.224553118185465195e-01
-2.300782581017764006e-01
4.243177970043123803e-01
6.905890235994911475e-01
4.398302220251206762e-01
3.426746915166334340e-02
-4.440003674868309158e-01
-9.422684432534067511e-02
5.935697617943238580e-01
5.399945497029461361e-01
-7.265205245649433152e-01
-2.770311377788663432e-01
4.904661663314395792e-01
0.000000000000000000e+00
-2.585882286567622312e-01
1.932631190503066865e-01
-3.453795363502447646e-01
-8.022018788178151283e-01
0.000000000000000000e+00
-3.967698796045959764e-01
0.000000000000000000e+00
-9.298615470067326250e-01
-9.992984370243771508e-01
0.000000000000000000e+00
-6.336727872146108442e-01
-6.040827980461802582e-01
-6.594651549472301255e-01
-1.339062377159860873e-01
-7.431481045853005618e-02
0.000000000000000000e+00
0.000000000000000000e+00
-5.422728272253460879e-01
3.907539786108804591e-02
-4.871734691507270121e-01
-8.053511288743875340e-01
0.000000000000000000e+00
-5.851693266098580981e-01
0.000000000000000000e+00
9.558905488267603889e-01
4.244102530985547350e-01
-7.456310103717946891e-01
-7.452909779801650814e-01
4.955330989018169596e-02
9.760330246357333817e-01
9.646582555579201745e-01
9.645260148649792420e-01
-7.533298915093307180e-01
1.225246957444097173e-01
-5.732987939712492764e-01
-1.962162264286695379e-01
6.618436166430956558e-01
-8.811198533009010347e-01
2.146281412915862497e-02
5.018017994185863806e-02
8.450440975948942945e-01
-5.043039551931114417e-01
0.000000000000000000e+00
3.236915833212239413e-02
-8.109144916513131296e-01
0.000000000000000000e+00
0.000000000000000000e+00
9.469064207723199011e-01
-2.639630406903730186e-01
3.951675550756172939e-01
0.000000000000000000e+00
6.564405103409458597e-01
3.462802199737085029e-01
7.287798392877189446e-01
6.668455153604695429e-01
-8.023000064516754293e-01
0.000000000000000000e+00
7.969797068242365778e-01
7.876557749168238143e-01
-1.212682780255436299e-01
-8.185440006894604270e-01
5.254430095139017709e-01
-5.838012375384791230e-01
-4.078052415289492583e-01
4.894503758741286514e-01
0.000000000000000000e+00
-2.455129639007784803e-01
6.445819028019981189e-01
7.198713986765146178e-01
-7.169861047508814256e-01
5.554713803284498930e-01
0.000000000000000000e+00
-8.071560782189775018e-01
8.385168865902605795e-01
0.000000000000000000e+00
-7.937707443468551283e-01
-6.066616129546593683e-01
7.366540994414800814e-01
-8.346363251680184447e-01
7.479901199054206362e-01
-5.205937221160019668e-01
-8.328446313302524384e-01
5.310957746113138533e-01
1.560547611108089594e-01
-3.285306946181982823e-01
