-8.265039671507223851e-01
2.985848100732260146e-01
0.000000000000000000e+00
6.300717862695082161e-02
8.525542658971307919e-01
4.085297694194651719e-01
-9.000097432647859996e-01
4.347602936786680861e-01
7.982482105302479702e-01
5.340655294817886478e-01
6.809185971705873364e-01
-6.740678172619676278e-01
-4.139847895737798211e-01
-9.939470193918682472e-01
-4.292721041517677527e-01
-2.202797156079783214e-01
-8.609712321045377426e-01
3.900890637810883188e-01
-3.975641663881823717e-01
7.030222909908556694e-01
0.000000000000000000e+00
0.000000000000000000e+00
4.325207060069002907e-03
-2.028146858591528545e-01
0.000000000000000000e+00
3.333711776687326989e-01
1.560518037500981947e-01
0.000000000000000000e+00
1.000000000000000000e+00
-6.454539175032152354e-01
0.000000000000000000e+00
0.000000000000000000e+00
-3.241142930186922122e-01
0.000000000000000000e+00
1.903777324598296961e-01
0.000000000000000000e+00
-2.441009105715377103e-01
0.000000000000000000e+00
-6.309591421223781360e-01
0.000000000000000000e+00
2.483189641863225994e-02
-8.604206380721375336e-01
4.839851497657765567e-01
-6.707207374686485757e-02
3.977133128925092187e-02
7.209072783480343638e-01
0.000000000000000000e+00
0.000000000000000000e+00
-6.507475471093406849e-01
-4.275109438618169833e-01
-2.288264880716384120e-02
5.520549622592905159e-01
7.511352919328535549e-01
3.700656402462043637e-01
8.655858527221302889e-01
-7.488596646118823585e-01
8.687224840969887119e-01
-3.575705210236208575e-01
0.000000000000000000e+00
9.927084703343753702e-01
-4.123746834734709488e-02
-5.760446979252831223e-01
0.000000000000000000e+00
2.487505341264262260e-01
4.621733208300875528e-01
1.000000000000000000e+00
0.000000000000000000e+00
3.457102831920992880e-01
6.122281159474753931e-01
0.000000000000000000e+00
0.000000000000000000e+00
0.000000000000000000e+00
-2.606635913263577464e-01
4.752494558452238227e-01
1.000000000000000000e+00
4.352663541959094218e-01
1.139230651036768904e-01
7.812381071058616122e-02
0.000000000000000000e+00
1.252589523100999802e-01
0.000000000000000000e+00
-7.342885096606277529e-02
0.000000000000000000e+00
0.000000000000000000e+00
-2.791044266977709132e-01
0.000000000000000000e+00
8.252998438222602928e-01
6.689727694985938555e-01
-1.796031798018149495e-01
0.000000000000000000e+00
4.758433376507058554e-01
-8.197882378546490489e-01
-6.516313260670605345e-01
8.667837667452462647e-01
6.639434894699209888e-01
0.000000000000000000e+00
-2.081242107339649205e-01
-6.199728905565240478e-01
0.000000000000000000e+00
9.680044303481916135e-01
7.444310426996489927e-01
-6.539738435838520214e-01
-3.724712505297200771e-02
-4.877355072764444355e-01
0.000000000000000000e+00
-4.452808815122910602e-02
0.000000000000000000e+00
1.170581887309947167e-01
0.000000000000000000e+00
3.046676525923119883e-01
0.000000000000000000e+00
-4.152571702601275394e-01
-3.064300414681335738e-01
6.165621942827654856e-01
0.000000000000000000e+00
-9.029625959451086370e-01
7.292302810328887830e-03
9.650664387921790155e-01
0.000000000000000000e+00
6.128495293721809567e-01
0.000000000000000000e+00
0.000000000000000000e+00
0.000000000000000000e+00
0.000000000000000000e+00
5.378745061188021648e-01
8.437041128042603866e-01
0.000000000000000000e+00
-1.599583445072554344e-01
0.000000000000000000e+00
0.000000000000000000e+00
0.000000000000000000e+00
1.000000000000000000e+00
-4.969565452388835514e-01
3.235634738691972601e-01
0.000000000000000000e+00
-6.787665345027320551e-01
9.043970597304509251e-01
-2.624034903311307509e-01
5.885005327340204762e-01
0.000000000000000000e+00
-9.097762073033888175e-01
0.000000000000000000e+00
0.000000000000000000e+00
-4.040194260864364839e-01
0.000000000000000000e+00
0.000000000000000000e+00
0.000000000000000000e+00
1.000000000000000000e+00
0.000000000000000000e+00
6.429762345896545828e-01
-4.371768899520835916e-01
7.138800964179530251e-01
-8.986077288313747413e-01
-8.703493163417135303e-01
-3.154950556174895837e-01
3.175790148606956187e-01
-1.220340057226483310e-01
-9.482664362855601770e-01
4.110767536105710551e-01
1.341152290009712811e-01
-4.984206550645304823e-01
0.000000000000000000e+00
-7.121945718545350523e-01
0.000000000000000000e+00
1.000000000000000000e+00
9.337986059811953510e-02
2.445480880055730388e-01
7.532723737178350643e-01
-1.096536861839205734e-01
-1.750187643311036378e-01
-3.233592869573653772e-02
-1.342821022312077339e-01
-3.294093373073649911e-01
-2.017227870848981031e-01
0.000000000000000000e+00
0.000000000000000000e+00
1.268887135844432024e-01
-3.711888903366580283e-01
0.000000000000000000e+00
8.793651822343759861e-01
1.271088938830076120e-01
1.473342600565950011e-01
2.391218142963884574e-01
-6.834843308077360735e-01
6.356184097422634682e-01
-6.823228317347687089e-01
0.000000000000000000e+00
5.238893266166362306e-01
-6.522963770516199133e-01
-7.521990823835689177e-01
-3.343681732187424593e-01
0.000000000000000000e+00
5.339264346208834056e-01
-7.497391208297199405e-02
-4.869818853326164376e-01
4.876116929442817494e-01
4.529437542647678505e-01
9.937871388035630638e-01
-4.492107998587719919e-01
0.000000000000000000e+00
-9.729514358480784164e-01
8.214505092168995493e-01
-7.336192024876670992e-01
7.662187540736935532e-01
-9.796531403964436890e-01
-6.822110913985561798e-01
-1.824852869922028997e-01
3.730277723452857241e-01
-9.028888515258397529e-01
-8.701687982977726055e-01
0.000000000000000000e+00
-6.805567592970496182e-01
-4.085880562350483469e-01
-8.162788536939258321e-02
-1.110635907486205998e-01
4.809912650992764771e-01
5.785044528972766997e-01
1.483049054576139891e-01
-9.962756678409894207e-01
-6.152255328891742536e-03
-7.790708972435902435e-01
6.720889980941813224e-01
-3.990575546445569444e-01
-6.952152249545335838e-01
-6.616711865784468127e-01
-7.800213537978371026e-01
-7.957133401825364771e-01
6.565006729198790136e-01
0.000000000000000000e+00
-5.892103826503114483e-02
-4.385729002531846277e-02
-2.542134740271699833e-01
-7.143961736490713754e-01
6.941034650903070702e-01
1.255964794746655677e-01
-4.562536817765485697e-01
-8.019955761069808009e-01
4.985690980784727167e-01
2.701920610246166810e-01
-3.719557665895938392e-01
-8.616487908710266375e-01
0.000000000000000000e+00
8.062564084583221380e-01
-5.315015941399847677e-01
-1.301164015723623724e-01
-1.316503949282077368e-01
-6.141242509183229004e-01
-7.024303071355919581e-01
-4.130553729964057119e-01
0.000000000000000000e+00
8.859733912902423292e-02
-5.942745615931890324e-01
1.552661774372798842e-01
5.853391546260153788e-01
-2.048366759977424678e-01
6.908130986545191199e-01
9.165777681265605548e-01
3.354929710706100465e-01
0.000000000000000000e+00
4.044211171047209508e-01
-3.880264928374870248e-01
-1.487992296820501714e-01
7.604584064620834027e-01
0.000000000000000000e+00
-5.206594619959445946e-01
