9.344077089889730736e-01
-4.244947375862939687e-01
-7.429165544121223430e-01
-7.150827487396109738e-01
0.000000000000000000e+00
-1.168207796086226935e-01
-1.188436290572214560e-01
6.191812832484668849e-01
-3.450673190032880200e-01
0.000000000000000000e+00
-8.265190790739505022e-01
6.303509976223147238e-01
-9.597013928730642185e-01
-2.268931291219269397e-01
-9.814910711678648259e-01
8.182212415362508651e-01
3.184655880743021417e-01
6.519731171732023878e-01
0.000000000000000000e+00
0.000000000000000000e+00
-6.127821054106645793e-01
-4.101052833256808583e-01
8.133894344359873241e-01
8.862658552678903678e-01
-4.214331058020610588e-01
-8.235332414746274754e-01
-6.138549374095472189e-01
-9.600914280097716524e-01
0.000000000000000000e+00
8.511494642714907410e-01
-7.853270074942333423e-01
-2.718363106094430215e-01
3.926556804201957185e-01
-3.488865125426461322e-01
1.553134400410263183e-01
1.749404120255888540e-01
0.000000000000000000e+00
-3.627424367710996300e-01
2.393209660544060036e-01
6.822447207297566152e-02
0.000000000000000000e+00
4.703177071525521669e-01
0.000000000000000000e+00
0.000000000000000000e+00
-7.287597373876852913e-03
0.000000000000000000e+00
3.968372406211075898e-01
-8.762495435739630079e-01
-8.690252781788121439e-01
-9.458302931143665049e-01
5.608406615904115711e-01
2.132123517409978408e-01
9.264876365415912751e-01
-7.614888969658943907e-01
-2.649636565626813933e-01
-5.152874444652399966e-02
-2.582925372987681101e-01
-6.788079677108989074e-01
-6.011979502858535440e-01
0.000000000000000000e+00
6.927267679861468519e-01
2.544730183642918142e-02
4.525843406720935214e-01
2.852915891926779413e-01
1.634951972032481216e-01
-2.205037138722951706e-01
-4.624498548206885662e-01
1.144736969655766323e-01
-2.421513942572373068e-02
2.902582156093076460e-01
0.000000000000000000e+00
0.000000000000000000e+00
6.419509011364175066e-01
3.372154324174603257e-01
-6.635596835500245927e-01
-9.003689731049326905e-01
3.061671987158365305e-02
0.000000000000000000e+00
5.574867495621307345e-01
-8.220993070688462634e-01
1.409504479309751090e-01
-4.181234007070857572e-01
-2.247483172259283624e-01
-3.870107316432673805e-01
6.479717285588471043e-02
-4.541151855912093360e-01
8.468129924342826520e-02
-1.086433153373298488e-01
-8.699806834738654793e-02
9.044129514543997050e-01
2.284672505310669788e-01
3.130872345360131703e-01
-9.025672717528654410e-01
-7.796402753076263625e-01
-2.406685976863687237e-02
-4.843719522933145338e-01
3.603386334821829795e-01
3.165779415265048691e-01
-6.277299007766576899e-01
-5.015316551288644398e-01
-1.486531559567549898e-01
-7.225470326320371228e-01
0.000000000000000000e+00
4.202895001572748424e-01
5.349316423277983290e-01
-6.552238814762134655e-01
-3.631359399059030935e-01
-2.693453738299871336e-01
6.714981327074607265e-01
4.146408316650063153e-01
0.000000000000000000e+00
-6.278060752659169186e-01
0.000000000000000000e+00
0.000000000000000000e+00
0.000000000000000000e+00
-9.464723394199336948e-01
6.251216942205124472e-01
4.799559508796442664e-01
7.666653149049618143e-01
-8.858200563694087482e-01
0.000000000000000000e+00
5.941385670066994251e-01
4.586825017735580712e-01
-2.524862513268613107e-01
0.000000000000000000e+00
0.000000000000000000e+00
-1.647595248106830113e-01
0.000000000000000000e+00
0.000000000000000000e+00
-6.755740857428873536e-01
-6.697585942897541500e-01
7.750116000308964193e-01
-6.481474999488483490e-01
-3.811064005266406873e-01
9.573277276580243189e-01
0.000000000000000000e+00
-1.482311965920093400e-01
6.922847953723350045e-01
0.000000000000000000e+00
-5.006825933706808840e-01
-2.064775807719523293e-01
1.094321724809277363e-01
3.214973626256845129e-02
-9.575682823482254413e-01
0.000000000000000000e+00
-1.511800017645792416e-02
5.629839338610087562e-01
-1.030360259846074822e-01
-3.148335788725080686e-01
3.470418072323750991e-01
-6.994201411868794516e-01
-2.708823608392465498e-01
5.493275991264798819e-01
0.000000000000000000e+00
2.546196189570966162e-01
0.000000000000000000e+00
-2.582344155560332144e-01
0.000000000000000000e+00
-9.408994377735524495e-01
-2.156323029915927503e-01
0.000000000000000000e+00
-2.614169492747653312e-01
0.000000000000000000e+00
9.287649318488675476e-01
4.099983867766880952e-01
-7.613162324504869627e-01
-8.026629509821803232e-01
-9.190827472889881999e-01
-4.029493696483230636e-01
0.000000000000000000e+00
-5.337792205931748413e-01
2.250343298227708289e-02
-2.394850413672282574e-01
-6.818802552764369196e-01
0.000000000000000000e+00
4.724884527334038964e-01
0.000000000000000000e+00
0.000000000000000000e+00
4.292662482954965331e-01
-7.138776367491324049e-01
5.408409331337800108e-01
0.000000000000000000e+00
5.544691255760125781e-01
-6.632655032934879902e-01
0.000000000000000000e+00
0.000000000000000000e+00
5.587045764326206143e-01
-9.709989748597964709e-01
-9.164694875478738290e-01
-2.665338738050282430e-01
3.208008854171648938e-01
0.000000000000000000e+00
6.410312030659082172e-01
-8.970136714426715230e-01
9.784392719436476593e-01
-4.001645516137271041e-01
-8.150333415000796666e-01
-9.192172831559553003e-02
6.635171270748274619e-01
-7.217972047092608978e-01
3.152721084870120372e-01
-5.469177763342476517e-01
2.473210834636951905e-01
-4.036703840309308067e-01
-3.033941965312048072e-01
-6.220317565780475455e-01
-8.885479205717863316e-01
-7.306321295127937709e-02
2.390195251654680941e-01
-3.441305916893289130e-01
-9.272651258960495912e-01
7.886014518935680062e-01
7.425519441476386984e-01
-2.704863638890750988e-01
8.266116485963732607e-01
-2.592917854781537912e-01
-2.141063535934311091e-01
0.000000000000000000e+00
3.327991050728120737e-01
9.589221643935996742e-01
-8.774506104894823633e-01
-7.451676349957216949e-01
1.371805954261597904e-01
0.000000000000000000e+00
0.000000000000000000e+00
-5.971453760498903751e-01
-6.233283938204221553e-01
3.973878183023251687e-01
5.772424888883520566e-02
-8.996006256559614389e-01
-1.090574080308595040e-01
0.000000000000000000e+00
2.157190859688169482e-01
7.006181716506365564e-01
5.626502084284941141e-01
0.000000000000000000e+00
9.604086719381872417e-01
-2.553529859476519892e-01
2.077087584859940161e-01
-5.319737954579253358e-01
-4.854673162967169109e-01
-3.987598512381040905e-02
-6.316633882920823506e-01
-3.236122938006524841e-01
8.814682755929730273e-01
9.369095180405127010e-01
0.000000000000000000e+00
2.727666673902242600e-01
0.000000000000000000e+00
9.768633935905206567e-01
0.000000000000000000e+00
1.331555654100373687e-01
-6.404839196150091674e-02
8.192804777986673059e-04
2.332930220224183060e-02
-4.277392541493734157e-01
9.887867559934790940e-01
-4.730386018875738507e-01
0.000000000000000000e+00
-2.508302685915411168e-01
0.000000000000000000e+00
-2.574447174827070306e-01
-7.003325812443477183e-01
0.000000000000000000e+00
6.765778747291075756e-01
