6.571209820079741970e-01
9.429378936934293964e-01
0.000000000000000000e+00
9.421065337380367666e-01
9.843463250430743994e-01
8.925341812109550688e-01
-8.933533346542470444e-01
-8.737186341273905921e-01
-4.261143919226331178e-01
-6.098437391786930561e-01
4.332582080249052225e-01
5.264397781974428092e-01
6.159250163151970270e-01
6.754166287246181621e-01
-9.794720607903484311e-01
-8.756542524835597696e-02
2.118577812632682633e-01
0.000000000000000000e+00
-3.794069831432864692e-01
0.000000000000000000e+00
7.794681304923261056e-01
2.327889851327997750e-01
0.000000000000000000e+00
-4.898919248347117783e-01
2.179987236758673674e-02
-6.830624159451548216e-01
0.000000000000000000e+00
-7.340112739428055200e-01
-7.843268556461671093e-01
1.633272788713564516e-01
2.346988026712071296e-01
8.660945836339144499e-01
0.000000000000000000e+00
3.977168858228217196e-01
3.803989731135650754e-01
-4.854425512429454415e-01
-6.552442642985931709e-01
7.593413839796021580e-01
-1.338172681000906472e-01
-4.226618919576052846e-02
-1.163004507272333843e-01
1.800539885675067620e-01
3.967171568625522671e-01
-1.442684467243744439e-01
-2.531337204649004580e-01
-4.934392224002299709e-01
4.049505752799911207e-01
-1.915228955766077323e-01
4.168151694165280752e-01
-4.270167450593407299e-01
-9.408680059781113769e-01
-2.709800630965031321e-01
5.116322726698196988e-02
-2.504264625709762271e-02
-6.492346358888174684e-01
1.116822662441170344e-01
-2.875299753637121647e-01
-7.631591662591123981e-01
7.082493053281422313e-01
1.052074393725694890e-01
-9.618260326620997613e-01
-4.741067128961722332e-01
3.968347492048909242e-01
1.362823651949167658e-01
2.589162813141585584e-01
3.213391251707176099e-01
-8.528167284925025626e-02
-4.411700977922901057e-01
8.200471656911063612e-01
7.454636001595964512e-01
8.276607671490234797e-01
1.202963790763453833e-01
-7.371318072786126052e-02
-2.161283723178895055e-01
-6.338823575744534367e-01
-3.798749706031148143e-01
5.916909557170928480e-01
5.304500215352845327e-01
4.472186350153077861e-01
-2.702395379619118021e-01
7.054540338864589977e-02
4.192899679267549917e-01
-7.903700887589026891e-01
-7.216510105094162686e-01
-5.233857985037098093e-01
5.845893348258530686e-01
-3.678520974969301527e-02
-6.559838777295172729e-01
-2.156945822967202275e-01
-8.278147313313828359e-01
-9.853710465121126028e-01
9.255493366444826897e-01
-9.356515199850110598e-01
9.709754552455340804e-01
-3.929557800377447840e-02
9.173024041008706053e-01
7.732417261301813838e-01
-4.049619105132433727e-01
1.613607677376198701e-01
7.682926780675969347e-01
-1.280633649505813487e-02
-5.820120992908319746e-01
5.850168997711739927e-01
6.482239955465680659e-01
4.386802738432131754e-01
-8.357353311091930692e-01
-6.219256494118341472e-01
0.000000000000000000e+00
6.821845487051352297e-01
1.091957245813310884e-01
9.266673859790639511e-01
-2.793390982662224964e-01
-6.108676844708991194e-01
-5.710209281735822984e-01
3.971286344178275307e-01
-7.807280231194015929e-01
7.401598296227065443e-01
7.588810187785950401e-01
-4.702672214973746545e-01
-9.430227276815672521e-01
-8.012268292689903593e-01
2.235209790822003662e-01
8.219437861618705821e-01
2.390718241409530709e-01
-8.216248445149865187e-01
-1.842810051670473737e-01
-5.444119264869899943e-01
1.241017781973672296e-01
8.452983036997723243e-01
-2.542959027578794995e-01
-3.288072815633240609e-01
-2.416079420754770890e-01
2.399549460542591550e-01
6.164637940115356152e-01
-1.583434310694809000e-01
-8.909448520833440632e-01
3.776219223105752310e-01
5.560621413448130212e-02
7.488032068030905375e-01
3.230479457883568273e-01
-3.439574554114104288e-01
-2.274780487365075654e-01
2.936101541397622139e-01
8.427897905664265554e-01
-9.291984139854256863e-01
1.502027029345653908e-02
-3.564174729560320998e-01
-5.174580999789788471e-01
-4.423001581287018258e-01
-6.763875178131215637e-01
5.981101572408451528e-01
6.087227037476854452e-01
-3.621703233769550945e-01
-7.352881931613595157e-01
0.000000000000000000e+00
-1.880497044972941900e-01
-7.548411900938600816e-01
3.502660177974228350e-01
0.000000000000000000e+00
0.000000000000000000e+00
0.000000000000000000e+00
-8.255385893861630908e-01
-5.981189985421482280e-01
-4.812076576011194984e-01
3.936464089132032385e-01
-9.669319023451254935e-01
3.921641810119147475e-01
0.000000000000000000e+00
8.380681537098828571e-01
1.978584819483399926e-01
0.000000000000000000e+00
-1.558444949238251276e-01
-7.721540708235057338e-01
0.000000000000000000e+00
1.000000000000000000e+00
-3.756760874101239267e-02
7.429267050866315003e-01
0.000000000000000000e+00
0.000000000000000000e+00
4.121362263414396487e-02
-3.108505546512994044e-01
-3.347366605450261545e-01
-4.369655250837405358e-01
-3.731066456059251024e-01
0.000000000000000000e+00
0.000000000000000000e+00
9.293057990524948853e-01
7.670666031720889677e-01
0.000000000000000000e+00
-5.352716608544874077e-01
4.587415396968750336e-01
-3.854501969341308509e-01
-4.733517091021244294e-01
-2.378739261461417787e-01
5.546782784104060671e-01
5.609153330721265984e-01
3.994772336982865824e-01
8.230348633134298986e-01
0.000000000000000000e+00
-4.122002200899503865e-01
1.855642597662912063e-01
0.000000000000000000e+00
4.223371767081096628e-02
4.003603330735225896e-01
2.858294400338379226e-02
2.657264914355121910e-01
-8.136415957245644037e-01
-4.199177735303427639e-03
3.571810168481095449e-01
-4.618950897217612983e-01
0.000000000000000000e+00
-4.676540171784828726e-01
8.960933529656596175e-01
6.176130502964531921e-01
-8.409808524258661766e-01
-4.150028973121426823e-01
1.525198729251373564e-01
3.470571252400027618e-01
3.630506048114854334e-01
3.049391563272996208e-03
0.000000000000000000e+00
-7.564510055138875533e-01
-3.764308702638152759e-02
5.717410293870792692e-01
-6.044603075948651316e-02
5.774103652016575605e-01
0.000000000000000000e+00
2.479816055904211503e-01
1.267318275852233889e-01
5.303406566604380590e-01
-2.226102688137610031e-02
-4.429277023363840105e-01
-7.812127048699291088e-01
1.456618498871935508e-01
1.351021059374879485e-01
0.000000000000000000e+00
0.000000000000000000e+00
0.000000000000000000e+00
0.000000000000000000e+00
7.569699116891812629e-01
3.283640788040784741e-01
3.651631435826645511e-01
-1.815048666809129241e-01
4.726638486541152595e-01
-3.755867853166496850e-01
-9.369466014337473059e-01
-9.272907324679036112e-01
1.600274670844048508e-02
-8.891292651416522475e-01
-8.791529426687727522e-02
7.949635868975453157e-01
-9.452837451142277470e-01
9.996725107915924724e-01
7.289674063231033063e-01
0.000000000000000000e+00
-7.355873641344876646e-01
-1.280150580056658161e-01
0.000000000000000000e+00
-8.942673505189913108e-02
0.000000000000000000e+00
1.864447471656491828e-01
-9.300589635241758302e-01
0.000000000000000000e+00
0.000000000000000000e+00
-8.848817068817771414e-01
