2.938644735365647520e-02
-8.592880043619888220e-01
-8.492421891694399427e-01
-5.747046735705365617e-01
6.352034559666819291e-03
-8.178881308354091217e-03
2.737069133589931091e-01
-3.794041345071228477e-01
-1.487441518908538818e-01
-8.824129762364516516e-01
8.168734919792517424e-01
4.992892977086313966e-01
5.160105883738903554e-01
7.549788447328713570e-01
-9.966700644663033515e-01
-4.845849540589508564e-01
6.257155420680460267e-02
1.528115758046184602e-01
8.432735017951742407e-02
-9.387693525519482662e-01
6.652439696171639216e-01
-8.349283739066049037e-02
8.011777674522664316e-01
-3.578844588776024516e-01
-4.337333525425413061e-01
8.441549918852839784e-01
6.236008808007935666e-01
5.383118930048080841e-01
-9.424680987690148282e-01
7.702923419628613377e-01
-9.432521780007401269e-01
6.554536151297878366e-01
-4.821246417158899789e-01
5.872371764890154111e-01
5.990478834030861233e-01
6.135450830906115094e-01
-3.866991428449171320e-01
-4.520650214936774436e-01
-3.732830607827124503e-01
5.054928489772714251e-02
3.180830781799559581e-01
-8.830715726542555100e-01
9.339938081899779032e-01
-5.799490082090397181e-02
9.672870033594278549e-01
8.600009498885592407e-01
-1.251429031740691755e-02
-8.053707837802015490e-01
-3.968528515814517821e-01
-1.116453648482336192e-01
2.471536208889777431e-01
7.244654232365854707e-01
-2.053403291013409238e-01
-5.304075199998550261e-01
-3.506025718506438071e-01
-5.104652378603304896e-01
8.276641811190286191e-01
7.034730412813805511e-01
2.982828952423932645e-01
-9.697204994830317393e-01
6.984061144158748569e-02
-9.148298114356880895e-01
-9.221003305429491537e-01
6.244107217164955870e-01
1.665120056121471848e-02
1.472098755268944625e-01
8.477470082260678552e-01
-8.485269500650556296e-01
-5.311153507941832608e-01
4.362960579813994766e-01
-8.373034514316048949e-01
2.949513673671706471e-01
5.293016786495348125e-01
4.557263521803651685e-01
-3.187629801959612763e-01
-5.023956555699511384e-01
-3.445318819972666979e-01
3.833123314473616539e-01
-6.831352606128304750e-02
-5.514135432855586938e-01
6.884939816342683372e-01
-9.414290346938949394e-01
-5.615377790666875590e-02
-9.628623667605558101e-01
-4.345323840943844385e-01
-9.801676713660107954e-01
-8.564475634984307639e-01
5.969677519388236764e-01
6.821824706773640390e-01
-8.139966706217853787e-01
8.519893859808334025e-01
-1.391125189061048761e-01
3.305974737511683248e-01
-6.034335521376275047e-01
2.950927475227600461e-01
7.850064810198373877e-01
-8.446006410147899324e-02
-2.783781364864597041e-01
2.270187300454453716e-01
7.184839958487068134e-01
-1.325391514975127194e-02
-7.935847114293241855e-01
-2.515166694437551698e-01
1.896354429681912368e-01
1.495097294487506279e-01
-1.974440755329522901e-01
-1.981792073013632915e-04
-6.168768070929884217e-01
5.258071534226911314e-01
-9.431277684210919166e-01
-6.638642504869289862e-01
-4.249944388721464961e-01
8.291521376646275865e-01
-2.277105781477462010e-01
6.494249321643255080e-01
-8.130271525327237292e-02
-5.064268704199688109e-01
-5.557047115693536377e-02
-6.393843141534489849e-01
-9.788075841598307125e-01
-8.190223116273411819e-01
4.789685038033488773e-01
-9.153432861182824176e-01
-2.930371282340538119e-01
-5.342781485419489940e-02
7.082572186050899443e-01
-6.766936599842783284e-01
-4.924566443875060262e-01
-2.421139975025021762e-02
5.543279143701600464e-01
-2.388619026785812061e-01
-6.952977519104390769e-01
4.860298282251598323e-01
4.163689832708654670e-01
-8.997615418664497433e-01
1.781154738958210526e-01
6.363616992546734519e-01
7.673417878966162231e-01
8.264512849075047463e-01
3.730481000653569357e-01
-3.238574871242561048e-01
5.850753278079463549e-01
6.688560700803547476e-01
3.246866314119754016e-01
-1.174932871891294361e-01
-9.636469087807344458e-01
5.513766815433651658e-02
-6.969212618480540300e-01
-7.587659261565786739e-01
-5.568391637374536796e-01
-3.977166931868671984e-01
-7.216363512172474515e-01
4.343818245070356632e-01
1.887334211034779052e-01
-2.635155292412247885e-01
7.408858612487263517e-01
-8.926326869801064490e-01
3.628676605591516502e-01
-8.487890768206498571e-01
5.796666475510174887e-01
3.426997938642262209e-01
6.232211022019833457e-01
1.293722282372991028e-01
9.038549181526782661e-01
4.595115328778638375e-01
5.198604558167287948e-01
4.025980699596314327e-01
-3.248338622555282384e-01
1.672089518128998531e-01
-1.340679881366317883e-01
3.857406105186389489e-01
-6.169009907379026103e-01
-4.854224466599259546e-01
-9.308072462444791917e-01
6.440354188142283220e-01
-8.592561467897197325e-01
-3.517488464553550909e-01
6.964000103731404767e-01
1.696125429580006561e-01
-1.034379931185025470e-02
1.362262630705206590e-01
8.510656102573472825e-01
-4.182863577211390904e-01
-7.616705559868623965e-01
-8.059131971906918768e-01
1.434100374265359079e-01
-1.751446865955033072e-01
-6.456742711515373045e-01
-9.990152382858774605e-01
-9.664117755488002004e-01
1.388998023141954086e-01
2.492939751152722927e-01
-6.361514327915405165e-01
-5.837933879593628639e-01
8.336496204639063379e-01
1.993090954340002163e-01
-4.051209041261010224e-01
-2.160860623538722880e-01
-5.885800069247266730e-01
-7.804095512457738248e-01
-9.704507636211483490e-01
9.778943401993711593e-01
1.047585663768708653e-01
9.974808895693401123e-01
-8.592134521413443693e-01
9.713685411503274469e-01
8.022575545449559531e-01
2.465972526424553557e-02
-5.780095048306272965e-01
-1.764135489741835983e-01
-1.108474075835108597e-01
1.579092525142928860e-01
6.798348612254783152e-01
1.340018097456283641e-01
-7.411374384270503768e-01
8.559626437672436250e-01
2.217260337952731142e-01
-4.570358945431980402e-01
-5.723249566211814354e-01
-6.921524281913251642e-01
1.953263337271062827e-01
-3.449151312057132657e-01
-5.665442913873752762e-01
1.729894877276416665e-02
-9.940718023829113736e-01
-8.774640650725027413e-01
-2.866155956919360648e-01
7.737270453438493956e-01
-5.771489322993077487e-01
6.478914043857795235e-01
-3.159415725438430300e-03
-3.268454924508323867e-01
-1.510339732527137269e-01
8.375040479739215282e-01
5.266410109517933869e-01
-6.208762057715302429e-01
-4.331415302872991813e-01
-7.717269868919873765e-01
8.383375509689829919e-01
-8.708655603300829995e-02
-7.420114072131509531e-01
1.841625103936961327e-01
8.841029631380050713e-01
-2.864595958462023972e-01
2.646283433433140875e-01
8.835108490555017013e-01
4.618350009907814524e-01
6.050805781419807960e-01
2.306020451748038713e-01
-5.425180432278442488e-02
6.708246514543394490e-01
5.994832038231325821e-01
-4.868669268145546791e-01
-7.017655799034048236e-01
-3.897353704413535347e-01
4.400252260679238248e-02
-1.468319622281866188e-02
-5.216519940911175102e-01
5.972943249071791527e-01
-4.069508712396638916e-01
7.626072347129435602e-01
-1.118229382976245745e-01
5.390329302493686026e-01
-2.538322656291194246e-01
3.769277117545992706e-01
