9.739258304986280201e-01
2.088953212812176274e-01
-3.173224000681961199e-01
-7.004265083621542543e-01
-8.619321126497860863e-01
-4.789266514126848673e-01
-3.158127971568913672e-01
1.385791413669964500e-01
-5.531706165806831166e-01
-7.334951803685743066e-01
3.465737015860428372e-01
1.000000000000000000e+00
6.814021281001421126e-01
3.488637344628595649e-01
1.000000000000000000e+00
-1.000000000000000000e+00
-4.944784917144556119e-02
1.065891816048285951e-02
8.007752944938971718e-01
5.414346123745642503e-01
1.000000000000000000e+00
-1.027688690070674288e-01
-8.614550624786196931e-01
-9.973637787957601031e-01
3.567184003309294971e-01
-4.568858728899064525e-01
-1.000000000000000000e+00
6.908929988317804582e-01
-2.923731933928121543e-02
2.807696451390800374e-01
-8.925755558832779712e-01
-4.814910857543869965e-02
7.870627133356616900e-01
-3.304010252902080946e-01
-3.823396725785477845e-01
3.151490624386812378e-01
-8.022718731505953382e-01
4.870702544119361876e-01
1.218064564713201570e-01
-7.430394657775836187e-01
-8.171389408763822804e-01
-2.400649766964220999e-01
-6.553177370691232184e-01
2.987576086853470647e-01
-7.698460329804515112e-01
-1.000000000000000000e+00
1.980973230222579373e-01
-3.479558962784382592e-01
-1.870258209374010827e-02
-1.000000000000000000e+00
3.543766736642069981e-01
9.448193278442460485e-01
-5.989941346763978380e-01
1.000000000000000000e+00
-1.048267347560113416e-01
-4.415620482833320093e-01
7.659387004115154607e-01
7.059168567546985074e-01
-2.368037932347002439e-01
4.463442509659212853e-01
-1.000000000000000000e+00
4.073809338820958414e-01
4.726643669210848220e-01
6.450577069854979140e-01
4.761857795133600524e-02
-6.954354663026095507e-01
-2.572779606704638788e-01
1.496664063578913018e-01
-1.930148019392727288e-01
5.029935068423234679e-01
6.923697375798362197e-01
-4.147553889249758208e-01
3.387500952135567012e-01
2.373910478506109367e-01
7.931066063330909355e-01
1.000000000000000000e+00
1.000000000000000000e+00
5.592462648664354719e-01
-4.685607804350499506e-01
7.347626400604878594e-01
-2.746613866184565919e-02
-2.669122811599243805e-01
1.000000000000000000e+00
8.741596038919827727e-01
5.204040834606616928e-01
-9.687558369521618307e-01
7.142588744538962420e-01
-5.446356561177354560e-01
-1.000000000000000000e+00
-6.508428231149590015e-01
5.907447433121051361e-01
-2.159805957394739240e-02
9.778658707221331570e-01
1.000000000000000000e+00
2.525344680935143749e-01
-3.598753063038394595e-01
-7.304574064739963735e-01
-4.785346407609404884e-01
4.545426642139979156e-01
-2.490460668802411126e-01
3.474874251651575152e-01
1.508426096840479458e-01
-4.194492979695051416e-01
-3.186548583664795542e-01
-3.875647287892008963e-01
-9.531068674406745211e-01
9.241235829882410435e-01
-4.538176319578105834e-03
-6.440277784193964017e-01
2.577209673978416160e-01
7.390009590551735452e-02
5.532553940111071267e-01
-4.083964032708414793e-01
4.031488969019592083e-02
8.316481210913477806e-01
-2.290423237313642946e-01
8.913421179883187495e-01
-1.000000000000000000e+00
3.764759826101074514e-02
8.180870989315431885e-01
-7.817777063405841886e-01
5.575485232742589670e-01
-5.450524319967532394e-01
-5.275546730742477486e-01
-3.416917548277753625e-01
5.468546695494973520e-01
-6.552145366375086155e-01
-1.626203017974967024e-01
-2.041215904522514224e-02
1.000000000000000000e+00
-4.315966783052906930e-01
3.518887670889679908e-01
-8.745628315291487098e-01
-2.075485603681164956e-02
7.066095949974371404e-01
1.569597691518779814e-01
9.982490492359751277e-01
-5.235812608786412081e-01
1.187141802782383793e-01
-1.636014015689171153e-01
4.706903416520537564e-01
-6.856540091673730686e-01
-6.969729565562237106e-01
4.428468286110460728e-01
2.438893296043368741e-01
-8.670923018519679504e-01
4.110830279510471752e-02
1.398820853546306475e-01
-6.225303036287124225e-01
-1.116915939702622790e-01
-5.113031581535413261e-01
3.640692397757635534e-01
-1.000000000000000000e+00
-6.412836953687254260e-01
-5.463261214370407348e-01
1.000000000000000000e+00
6.332715477392636405e-01
2.359484648597978129e-01
-7.498761726171734310e-01
-1.000000000000000000e+00
6.796418683325526899e-01
-5.980188471443261822e-01
-8.832844830692998528e-01
-5.760127036859314931e-01
7.785955451469259714e-01
-5.885179891515215367e-01
-4.953425132787353524e-01
7.278690661476829860e-01
-3.600417189478115065e-01
-8.552527904833454042e-02
-5.429162668489515009e-02
1.811005826539052732e-01
8.952532570091265018e-01
-7.184759572970158548e-01
5.153263110295844829e-01
-3.466786054493485314e-01
-4.501876055372829866e-01
-3.243978899909838454e-01
7.270904550715642234e-01
-2.069998520965636857e-01
-5.364282395804729209e-01
8.963618625123042083e-01
-8.592808331072405714e-01
-8.978212559521039360e-01
-8.939470679902830064e-01
-3.830846462326906732e-01
4.789258380464145315e-01
6.500326353997794016e-01
2.037281622741051457e-01
7.583128450362534023e-01
-9.373317011967519097e-01
-3.422398981376012506e-02
-9.178577685676923004e-01
-9.684292023169301100e-02
2.347092578330246260e-01
-1.000000000000000000e+00
9.507383541182554687e-01
-6.056075062637396034e-01
3.444370957017642843e-01
2.696943078039172881e-01
6.271459318150172102e-01
-5.501742485351949208e-01
-9.818356768586886663e-01
7.947678451831838853e-01
-4.306435208423577410e-01
-3.457032421026257074e-01
1.670163138298712269e-01
1.558436341067862552e-01
-3.185177178392539776e-01
2.346930842773571613e-01
-9.930716799356911206e-01
1.254507293136091772e-01
5.319556581296986941e-01
-7.795903835680384475e-01
9.525369846987239431e-01
5.169696532061172078e-01
-6.247973189853150977e-02
-2.783540065055625234e-01
1.299119760738919570e-02
1.000000000000000000e+00
-6.336013952113587200e-01
-6.721882929884241964e-01
-2.129896479900618977e-01
1.418239834009954459e-01
2.143811685120519672e-01
-6.757383956704849926e-01
-5.566038389052814228e-01
-8.222591439813846659e-01
-5.796846122907226007e-02
-3.877293146642625254e-01
-2.941136962067596172e-02
-8.885207706909281633e-01
-5.558396659078508328e-01
-4.148423780889474721e-01
3.987685721529756200e-01
-1.000000000000000000e+00
3.632879789108589552e-01
4.076081842846848713e-01
-5.051700167809142217e-02
2.363867892995632214e-01
-5.801078289533496690e-01
-3.136109816654880644e-01
1.000000000000000000e+00
-2.736645173545809717e-01
8.057606704786897112e-01
-8.529551302914006872e-01
-5.125012220739404434e-01
-6.174610495584095249e-01
6.669650929722410471e-01
-8.039304548240884252e-01
3.589674331517447303e-01
-3.587120908305527212e-01
6.882388928177651799e-01
-1.554821192511490757e-01
-3.590451605033254667e-01
2.563184226604808824e-02
1.000000000000000000e+00
-3.941467038315245586e-01
3.472996071201287505e-01
2.761181959326121094e-01
-8.792455301196295814e-01
-1.588172699605778226e-01
-2.256373394584037517e-01
7.698754241957788125e-01
1.000000000000000000e+00
