9.354172818734058925e-01
7.091385888277386140e-01
9.105613672274364134e-01
-9.025522825792604564e-01
8.850148093998098098e-01
-3.659391982954834366e-01
9.381912420335747349e-01
-3.213033167886176211e-01
9.078742736859567453e-01
1.000000000000000000e+00
4.297286983840772900e-01
-7.987784410243269351e-01
1.000000000000000000e+00
-2.207281097177841989e-01
-1.278485737059637528e-01
1.000000000000000000e+00
6.282812826709763820e-01
5.179844839647806953e-01
9.405770070114137793e-01
-3.353240972329379899e-01
5.982636569481171174e-01
8.856668563368867986e-01
1.000000000000000000e+00
1.052879141307634381e-01
-4.485107190382400244e-01
2.095493536935299494e-01
3.975220096556306704e-01
8.239674859509662497e-01
2.769373769446341615e-01
-6.905502816370343577e-01
3.951529005643598658e-01
-4.058759346537421653e-01
-9.456484136878418045e-01
-1.000000000000000000e+00
-7.936186635170119352e-01
1.978633785164087278e-01
-5.174569690896246854e-01
7.252199635290301760e-01
-1.847630824844936348e-01
7.103535472017197261e-01
-3.986956709235472268e-02
-3.007513436495850567e-01
7.802716619059621439e-02
-7.319629195562379342e-01
9.866203700987883352e-01
-2.388551909025725117e-01
9.383597378757028151e-01
5.111640071189652579e-01
6.417974757944269748e-02
8.478682552524245963e-01
5.355881605373822296e-01
3.180677418279387880e-01
4.302353745469679747e-01
5.604877076371924671e-01
1.000000000000000000e+00
3.554926766732269261e-01
-1.000000000000000000e+00
-1.000000000000000000e+00
5.544378213422876955e-01
4.007409373345726111e-01
5.709238161882526086e-01
8.840679921540415265e-01
1.027189035689505675e-01
9.668672562668991777e-01
-3.703495300588333095e-02
-1.000000000000000000e+00
-2.953438680095954449e-02
-7.441741565013705317e-01
6.783254779672601709e-01
-9.182099929360063584e-01
1.000000000000000000e+00
-8.551522926361413424e-01
6.984742573339887128e-01
5.998543373539085843e-01
4.364337010793204602e-02
-9.727377826892324303e-04
2.357176808747562524e-01
-6.278615456804632622e-01
1.000000000000000000e+00
-5.365523220794712334e-01
-1.000000000000000000e+00
1.000000000000000000e+00
-2.541364060874268249e-02
7.546737777775346379e-01
-5.611067647504802691e-01
2.251826160176997604e-01
3.957318189247773788e-01
1.000000000000000000e+00
-7.613333550748227485e-02
-7.438529148348740350e-01
9.456818495083756382e-01
-1.302542902485501197e-01
4.019975031130373910e-01
-2.684695063286768324e-01
-1.418969972722086970e-01
-1.479747740338330231e-01
2.556885623612439526e-02
1.000000000000000000e+00
6.683080153730636130e-02
-1.000000000000000000e+00
1.000000000000000000e+00
-1.771024603545266751e-01
1.000000000000000000e+00
1.000000000000000000e+00
-9.765179028925012883e-01
1.709990889935948666e-01
-5.003752867863755505e-01
-3.281830046694063086e-01
9.961910565745635271e-01
-3.460244659212862728e-01
5.256208415003100765e-01
7.488270407642090287e-01
-1.000000000000000000e+00
2.414785534858545635e-01
-2.604426110371562131e-01
-1.000000000000000000e+00
-4.919815765584636402e-01
2.656918281526626791e-01
-9.001407848310313820e-02
1.000000000000000000e+00
-1.839573917229416766e-01
-6.165111482646630225e-01
1.000000000000000000e+00
3.780594586745134045e-01
-5.915048552176316310e-02
6.222778667220899562e-01
2.079169609952521147e-01
5.105866124179144760e-01
5.931526463873659782e-01
-7.046207342768335824e-01
-1.000000000000000000e+00
3.905431307142609443e-01
2.532696836950192321e-01
-1.000000000000000000e+00
-1.549252268151797285e-01
1.000000000000000000e+00
3.425433974984876118e-02
-7.303995939607124122e-01
-3.538089576723680851e-01
5.201143868526849623e-01
4.667370331558021168e-02
1.008586151430136135e-01
5.488784682452909625e-01
1.980414739597875506e-01
-3.522737585781642311e-01
2.598153296894751829e-01
5.184847677214798889e-01
1.000000000000000000e+00
-1.716734329212878107e-01
1.338016216902902233e-01
-4.875869500713851945e-01
-4.747660625214318308e-01
8.196778164107192399e-01
-1.000000000000000000e+00
1.458284449909870994e-01
2.544555532085318039e-01
1.000000000000000000e+00
3.488831228279835051e-01
7.845065512098983729e-02
-4.614462611858484165e-01
-1.000000000000000000e+00
1.000000000000000000e+00
-2.082099597985499484e-01
-7.547979330936880338e-01
7.066583850833962899e-01
3.642837754434290476e-01
-3.879650610245495290e-01
-9.400055240373418330e-01
-4.988552803832777549e-01
-6.262962187424513105e-02
1.625457206266359145e-01
-5.624752095570288990e-01
8.984202870224026194e-01
-1.000000000000000000e+00
9.860963732085845090e-02
-8.072534081706425613e-02
-1.000000000000000000e+00
-2.481753221304924817e-01
-9.165839911897541992e-01
1.000000000000000000e+00
-1.000000000000000000e+00
-1.000000000000000000e+00
6.007241979535511422e-01
-9.495909254288408263e-01
-2.547230744806933123e-01
-1.000000000000000000e+00
-2.381179052496141257e-01
-1.435946586454597551e-01
-7.954017506657843350e-01
1.000000000000000000e+00
3.759768372536335113e-01
-8.544743452733246647e-01
4.721357404298489602e-01
1.000000000000000000e+00
-2.194318391709384752e-01
-1.000000000000000000e+00
8.574921033452309604e-01
-1.024042565062111554e-01
1.000000000000000000e+00
2.872469450564867355e-01
1.000000000000000000e+00
1.880911519811627741e-01
9.800864718292278122e-01
3.453384434817515225e-01
-3.155162008830277309e-01
-1.000000000000000000e+00
-4.825394870275477865e-01
1.000000000000000000e+00
-3.046545559331018671e-01
4.768766888036961582e-01
-7.830926850092350122e-01
-4.647806814750159998e-01
1.000000000000000000e+00
1.000000000000000000e+00
-3.171466947730338659e-01
-2.602692442571182263e-01
2.504839929285432865e-01
-7.035562973069937609e-01
4.902453808334339969e-01
8.252759220757073244e-01
-9.370877454087584990e-01
-2.728198296601276329e-01
-7.739799806769964707e-01
6.281648192457967017e-04
-3.389573198663151099e-01
-1.000000000000000000e+00
-1.636459993173621646e-02
8.018367980710054965e-01
8.375150479242854384e-02
8.287034761690476037e-01
1.000000000000000000e+00
-9.294970733639207339e-01
5.578433895018128919e-01
-3.741884437259274665e-01
1.257831858359945154e-01
-5.702908149927444770e-01
-7.492179564888566956e-01
-1.118953126842563428e-01
-1.000000000000000000e+00
2.851803368036007758e-01
1.000000000000000000e+00
1.016160029775793339e-01
8.617585396992517577e-01
1.000000000000000000e+00
3.590184721288918190e-01
7.199019325429740768e-01
-1.639885845999037028e-01
-1.000000000000000000e+00
-1.844988385771876294e-01
-5.260444028205735201e-01
1.000000000000000000e+00
9.034454818603115944e-01
-1.622207800789831067e-01
3.108286250183354138e-01
-2.706113655917415928e-01
6.346284099027584003e-02
4.188470159405546234e-01
5.169135118112271332e-01
4.972127736521314567e-01
2.579630489332939702e-01
-5.304825776359836098e-01
-3.268385384204567368e-01
-1.807640681380217884e-01
9.809934564056621564e-01
6.074411591278197076e-01
