-4.310272337321523484e-01
1.944539861499352540e-01
-5.968793849009199626e-01
-4.475837618658875527e-01
-8.826702814609908021e-01
2.748169792710828396e-01
-4.204220355842616108e-01
-7.128436872846199979e-01
9.196378200784625090e-01
-7.818774315628658211e-01
5.610376855854850575e-01
-9.127780837399743774e-01
7.674446979677174152e-01
9.562995905496740612e-01
7.210610239876640293e-01
6.242043479588441635e-01
7.694635680494230634e-01
-1.160939827970921545e-01
1.574734531874999455e-01
3.541714752621551998e-01
-5.636800875971539337e-01
7.542404397855189124e-01
4.693974685876038944e-01
6.309440403288886223e-01
-8.816523775940352525e-01
-3.307202638753445889e-01
3.978028317053288188e-01
-3.752159085579236386e-01
2.939427675491046443e-01
1.256949206213047177e-01
-8.964749282030142208e-01
-1.494974676323741480e-01
-2.731482130283910958e-01
5.835924326375157012e-01
-2.441860651808387406e-01
-1.070792801475186629e-01
-9.032800720168121522e-01
-3.719974516001893772e-01
-8.207464101529391431e-01
-9.271270535463125295e-01
-1.312759777777638970e-01
9.500238827747291559e-01
8.703880360064217836e-01
3.433358597577873539e-01
6.397264797270061365e-01
-7.129404556412719529e-01
-7.283556698210000846e-01
-8.678510423310004107e-01
8.463192280442661808e-01
-8.771522867415084690e-01
-8.196520461712391015e-01
-4.981780925018273187e-01
-1.026379137071753433e-01
-7.115908935751984465e-01
-9.223158881250193009e-01
-1.235818229504612731e-01
7.658992940165372243e-01
-7.435144199036398671e-01
-6.947623125786894782e-02
-2.238627377407949037e-01
2.035212711201357383e-01
8.894177337861486343e-02
-6.049175527657655316e-01
3.803316918108770039e-01
9.878379450838361553e-01
2.550929426807924116e-02
5.675469042363077143e-01
7.220685538502562562e-01
3.961465528523187007e-01
5.532358168245739005e-01
-9.179555650039481485e-01
9.066326926967662736e-01
-6.398820736213961524e-01
1.488050406764607203e-01
7.412105917443256864e-02
5.110011563050567140e-01
-2.138692053244908298e-01
-8.648530820366890914e-01
8.510345960141318944e-01
5.534794561550944181e-01
8.888346620700096068e-01
1.488828267399333605e-02
0.000000000000000000e+00
0.000000000000000000e+00
0.000000000000000000e+00
1.054149496756999760e-01
1.874139856848875407e-01
-4.652616403825300395e-01
-1.481710632651034310e-01
-7.595916036536998206e-01
-3.661426506143268256e-01
-2.694851433324314538e-01
1.865132987334832126e-01
-8.106285478102714936e-01
9.656742311855024408e-01
1.118384172288617862e-01
4.829876297967097276e-01
-5.133145067556992291e-01
-8.060165810378090434e-01
4.274011569741500427e-01
-3.544497039581100406e-01
8.454815612068165009e-01
8.576635537732903991e-01
1.425671152484284665e-01
-7.679596760257560994e-01
9.118848098204019870e-01
-2.373527026663722062e-01
-1.385914354219794919e-01
8.900815324206932111e-01
8.756355186525066614e-03
6.282013081537056731e-01
-2.239629524333681676e-01
2.394105127256374033e-01
-3.138451289516916987e-01
-3.390771450206939708e-01
6.699912288327185550e-01
5.198195528258848785e-01
1.064921661843767353e-01
-6.623331732544930350e-01
-9.510017108702037980e-01
2.871198399864247630e-01
9.241580867006649047e-01
3.455625923455469817e-01
8.583967449902076829e-01
9.398679431374539206e-01
3.334684440951862783e-01
-1.134727350372131127e-01
-2.215699119403908846e-01
-5.592116190802158826e-01
-3.625759777364592207e-01
-5.385604146761013844e-02
-8.028123513688103507e-01
8.218083553547739228e-02
-2.934537580061946649e-02
-6.764745416596895655e-01
4.495202222228016353e-01
-3.760204586460185183e-01
2.607344757116147882e-01
3.584695305249940844e-02
7.048784383815154264e-01
1.040350579322257829e-02
-7.610175634356080021e-01
7.417623526396233125e-01
-4.399558237880116796e-01
8.765312139149772364e-01
3.304629041399724798e-01
-3.464220524101944143e-01
2.131465485354813172e-01
-8.606361932671837689e-01
2.669449320486190214e-01
7.626122055596999960e-01
9.657100876789481703e-02
-2.070841062864965387e-01
4.874011810811131884e-01
-7.171233905621803295e-01
6.482852526766667012e-01
9.812653404046369765e-01
-6.531666500994042224e-01
-8.840719700419306104e-01
3.848740511620998284e-01
-1.423910975612110441e-01
3.644072712739254705e-01
-5.656308827256140148e-02
8.127118894098752655e-01
-5.900140462946372732e-01
-5.579761588269327444e-01
1.751352482023609269e-01
-4.382196927895800620e-01
-2.638946594083904085e-01
6.696706296010046522e-01
6.301896610903163776e-01
9.042200950885834754e-01
3.536550598974710358e-01
5.385635786743965259e-01
8.121348145404645447e-01
-1.665325233737400268e-01
2.911636429887121125e-01
-7.998601999045769073e-01
1.493321764039201582e-01
-2.054149405753600277e-01
-8.119796630447038144e-01
5.238128206832715072e-01
-5.491087669134433469e-01
6.313447964020511005e-01
-7.832208764875154827e-01
-7.981619675380182688e-01
4.397043258768484897e-02
-5.022357073513106229e-02
7.362543831885715040e-01
7.067966081160408365e-01
9.735451029336454898e-01
-1.283252281050455412e-01
8.636082978176866654e-01
6.859139215687455327e-01
-7.550995223747001273e-01
2.810261500809685398e-01
-1.008916769982570738e-01
2.373862051784214611e-01
2.414378303336024434e-01
8.960476915970720935e-01
-1.392585303021787180e-01
2.657571787966184207e-01
5.066421622138563841e-01
-8.908868150429551935e-01
5.550492054656863683e-01
-7.229748983839165977e-01
7.288417182425408480e-01
-4.737565085396218123e-01
-6.990416690635892216e-01
-3.041325732697011119e-01
-5.984753629539074637e-01
-1.191952964651896707e-01
8.187794001964276980e-01
-3.414278030932529351e-01
-9.586671632687762123e-01
3.765696035687517984e-01
-7.516663664556220148e-01
-4.333600137704274324e-02
-8.371538178735482560e-01
4.118321966155202851e-02
5.504416587632448010e-01
-8.735578265757020233e-01
1.789094929195611527e-01
-8.007173894647028334e-01
-7.900046428984974778e-01
-6.980165796732242800e-01
7.777507474603677640e-01
6.537271897845928770e-01
8.530590399889703690e-01
-7.978901783838743267e-01
-9.864495412656373308e-01
1.646323559542093307e-01
3.918517895097533010e-01
4.378157169589769193e-01
-7.627525217801047752e-01
1.577638963968603925e-01
-8.156724933904262453e-01
8.492584635403721549e-01
9.522559851756404736e-01
2.874076988127454158e-01
3.727181305780358223e-01
2.806478294538816698e-02
-1.718853122672592271e-02
5.045688717061562745e-01
-5.853178559732330477e-01
-4.800529318071955487e-01
6.094919725843477298e-01
-5.102264545149766128e-01
5.884144686742003305e-01
7.506269581160933679e-01
6.508550936437416112e-01
1.059665974461532212e-01
-2.442480448895316680e-01
2.048902297423338403e-02
6.521702633099124569e-02
4.797591385144130971e-01
-5.721416907628995574e-02
6.130408010700725274e-01
5.593588160748763638e-01
3.468980999435644641e-02
-7.994919387093160079e-01
-2.211025815268952144e-01
1.965672354428764645e-01
9.362440265877514101e-01
9.218733127029639096e-01
