-9.456032055763989863e-01
-8.521834154371834558e-01
2.608619883379423854e-01
-3.398878109410841120e-01
0.000000000000000000e+00
0.000000000000000000e+00
8.702313174296381071e-01
-8.692248927256627233e-01
-9.444115182321299873e-01
-3.452340921639736049e-01
-6.388216383677716159e-01
5.404528715958289986e-01
-6.742129240377954247e-01
-6.344627339447608261e-01
-3.717572985999684221e-02
6.693041994245179094e-01
3.802675697821111811e-03
-6.998650341420298293e-01
-3.487700388759831238e-01
0.000000000000000000e+00
0.000000000000000000e+00
-3.254201177930569067e-01
8.280010819698644386e-01
5.249219264929934070e-01
-1.832727987671001202e-01
-9.339484629107233093e-01
8.995024946631831053e-01
0.000000000000000000e+00
-6.912368476160235531e-02
0.000000000000000000e+00
0.000000000000000000e+00
-9.097236854105534842e-01
-2.899689182016478295e-01
-8.000237727234642549e-01
0.000000000000000000e+00
-5.868716005396379387e-02
1.400420239973954040e-02
0.000000000000000000e+00
8.258532696287539387e-01
0.000000000000000000e+00
-6.123882767581687592e-01
6.676071415297986089e-01
-4.251026580538930233e-02
0.000000000000000000e+00
1.466740436120710367e-01
3.249872306446244252e-01
-5.721583244233203747e-01
8.133244985253671455e-01
-1.429615720463983664e-01
5.226551278838975634e-01
-1.227565095192306721e-02
-2.751629465223057736e-01
-8.699706921040124552e-01
-4.658505359140596713e-01
7.631068052177716332e-01
-5.935233480983965748e-01
3.900509465186301483e-01
-1.211789320614080623e-01
-2.384862462278249939e-01
-2.325220521369133486e-01
2.799678291816909415e-01
1.175709188269524752e-02
-1.914359594301242584e-01
6.832032068134292757e-01
1.726282819517854783e-02
-8.843601059449002211e-01
2.885107354964175919e-01
4.020024932266583750e-01
6.860930397178728324e-01
3.322024669072631831e-02
1.455550066477848681e-01
4.939440337008060844e-01
-9.042087477317453104e-01
-4.133846415840181088e-01
-7.873214416400342586e-02
-5.099211648089176929e-01
3.107893379937791689e-01
-3.424654690094652842e-01
-1.148536523731698011e-01
-6.500428020518573824e-01
-6.267030796392583092e-01
1.802192452928599309e-01
-2.868672589485736779e-01
5.127207091858536625e-01
-7.771504137547800006e-01
4.036352566297640720e-01
9.154160700092131009e-01
5.155569118117329097e-01
-7.901089790330388940e-01
8.813900940640133630e-01
1.373650732632920590e-01
-8.699623620478236230e-01
-9.290934084071222898e-03
3.290084634301959632e-02
-2.263994530751545220e-01
0.000000000000000000e+00
-8.509260976830563816e-01
-9.818531201172460143e-01
1.908352035155855830e-01
-6.339543230125495032e-01
4.698358947619025727e-01
0.000000000000000000e+00
-9.484419141885551685e-01
-2.338480897634978017e-01
5.917102319855052084e-01
1.486904888438973504e-01
7.093918175961735351e-01
-2.165038486649106808e-01
5.017574891650584679e-01
5.100034864218905284e-02
0.000000000000000000e+00
-5.342481749715408679e-01
-2.459705646717751382e-01
0.000000000000000000e+00
-9.950972468002867721e-01
-7.321018178018174893e-01
6.618974735346914162e-01
-6.583269920506584771e-01
-9.927875234369292201e-01
0.000000000000000000e+00
-6.267678569198344984e-01
-5.565689224658163514e-01
-6.805167461289274300e-02
-1.429833966896805197e-01
0.000000000000000000e+00
-6.500628673573931593e-01
7.345396990741390741e-01
7.465368997687908958e-01
-4.533216457005198041e-01
2.657660915573718530e-01
7.286632365463396876e-01
2.105152182723664112e-01
0.000000000000000000e+00
9.127496708925448843e-01
6.779701360600964843e-01
7.239644423056585953e-01
-8.198236487715933052e-01
-5.720309946008990121e-01
0.000000000000000000e+00
0.000000000000000000e+00
5.068375894783108127e-01
4.434130945269063595e-01
2.953023296358845418e-01
6.305694206700622750e-01
0.000000000000000000e+00
0.000000000000000000e+00
-5.084538364706814306e-01
0.000000000000000000e+00
-8.390471535216017518e-01
4.303556115252478165e-01
5.859451570507290263e-01
7.791127962675112872e-01
-1.064268995085126956e-01
8.556575773441867927e-01
5.173298767061396131e-01
8.803732394147953944e-01
5.319103825626276816e-01
9.900837875445234193e-01
-5.774786906020734634e-03
5.145342630099847270e-01
7.745353878842275996e-02
1.697342626910802732e-01
4.655375031366260075e-02
6.252351696079871957e-02
0.000000000000000000e+00
-1.964414135072709566e-01
-7.417732376313246334e-02
-7.107660398211919084e-01
-2.083266117583115751e-01
2.304833465143119042e-01
-3.936591628985557367e-01
-1.703702810533720413e-01
-1.427941021986218750e-01
-3.470673620971524986e-01
9.764709075968684981e-01
-5.840679958825230056e-01
4.667149103971397484e-01
3.834671053608320612e-01
8.769280318801153662e-02
6.035257698785054803e-01
-2.278143702686123984e-01
-1.951474548785392393e-02
0.000000000000000000e+00
-5.537837790855104636e-02
1.437869716425370648e-01
8.528736566105645789e-01
1.202030633371617974e-01
0.000000000000000000e+00
6.559086277310404167e-01
-2.450250266092564022e-01
-2.920088605142112659e-01
4.074405453260132592e-01
-3.086381057218692270e-01
-2.188525636873162039e-01
-7.869974697929982277e-02
-3.899913649777131397e-01
-9.642453400939041686e-01
-7.634131321040640294e-01
-8.913021992539755800e-01
-1.440929866940707793e-01
3.462037083007756255e-01
-2.737849976568511590e-01
5.182158145023119111e-01
-3.664833458504594965e-01
0.000000000000000000e+00
9.018464560318251166e-01
8.811893119507818728e-01
8.506620614293347593e-01
1.317291861337592795e-01
-9.529531498583119209e-01
0.000000000000000000e+00
-3.800774643811057896e-01
0.000000000000000000e+00
0.000000000000000000e+00
9.169264383352186965e-01
-1.611177500087606074e-01
-3.259495590111207708e-01
-5.023612265182042513e-01
-5.426348570283896500e-01
3.633460824164203018e-01
-5.265528691663408090e-01
-7.773797332468812549e-01
1.447215973283142443e-01
5.352579952208920133e-01
6.041156922373362992e-01
8.051883557130126157e-01
-5.578329143759133135e-01
0.000000000000000000e+00
-7.182980460778962684e-01
0.000000000000000000e+00
-5.174391977965604461e-01
0.000000000000000000e+00
3.183261825167664760e-01
8.055812929792272037e-01
-2.470564548329641230e-01
-4.889675428864228568e-01
0.000000000000000000e+00
8.534409748491937897e-01
8.548055052509508922e-01
1.332221638617503423e-02
5.465168076968525135e-01
3.395072215693122342e-01
0.000000000000000000e+00
7.052256115306152484e-01
-1.626659793318314673e-01
-8.102211089700339652e-01
0.000000000000000000e+00
1.494287328685417471e-02
-3.288863384797178213e-01
2.251086390876519960e-01
6.140765906574714439e-01
-8.999762268771251961e-01
-9.964168900924930128e-01
-8.069965112097106097e-01
0.000000000000000000e+00
4.876704244067322502e-01
1.831104385220456710e-01
9.607054854588081838e-01
6.758529465568536843e-01
8.221471781122080547e-01
0.000000000000000000e+00
0.000000000000000000e+00
-5.117265139532209961e-01
0.000000000000000000e+00
3.399577450736634976e-01
