-8.102231514182531846e-01
-9.528727266838332710e-01
7.479244205310653371e-04
-7.900907727773955891e-01
8.822496614945438687e-01
-5.362243679966516297e-03
6.504046030064101203e-01
-1.893735972549670521e-01
-9.999037571539950431e-01
-9.648756016745207997e-01
7.718385559665705831e-01
-4.872193349101239246e-01
-5.404983064013328953e-01
-4.943910375528626222e-01
-5.732544035065656463e-01
-5.763329928013227743e-01
5.179087242157573989e-01
-2.635114396182380858e-01
-2.653315313616317894e-01
1.726902543341446439e-01
-5.184175610157135683e-01
-4.176688241644357369e-01
-6.618044589429243896e-01
0.000000000000000000e+00
-7.611166960593684916e-01
1.882786523783648303e-01
4.192659825834577081e-01
-2.628644004557787461e-01
-2.843445865502447489e-02
9.348096238967800176e-01
0.000000000000000000e+00
1.913441210344684063e-01
-1.959502138030715379e-01
-6.847207305105980080e-01
0.000000000000000000e+00
7.704295838974584143e-02
-9.167360384934191142e-01
-6.855622053721068809e-01
0.000000000000000000e+00
-4.084434202805133918e-01
7.915811601462627856e-01
0.000000000000000000e+00
-4.342698114433658496e-01
-1.928490728237632901e-01
-4.134084313371988451e-02
4.662649791945978617e-01
5.117507689525762071e-01
1.448238243562931515e-01
8.056361951458379522e-02
0.000000000000000000e+00
0.000000000000000000e+00
6.114554840084724940e-01
0.000000000000000000e+00
-2.707612532191918664e-01
0.000000000000000000e+00
-2.722226553386226655e-01
3.388189066584981202e-01
1.120602488091162474e-01
-8.316311273504530810e-01
5.431669686771545269e-01
5.105671557300006658e-01
-7.844828718191476646e-01
1.383196292438237940e-01
0.000000000000000000e+00
0.000000000000000000e+00
1.237853350795226071e-02
9.963384427985852998e-01
9.592305074579940971e-01
0.000000000000000000e+00
-7.367303397989020119e-01
-5.780826827421037262e-01
8.558678258632137492e-01
1.257963098583760875e-01
2.260086292891692050e-01
-1.861044976621508695e-01
0.000000000000000000e+00
-6.052159678057194014e-01
3.621280879768724592e-01
-9.631174110355777973e-01
6.490482017902765577e-02
-8.625617921733756965e-01
1.006238691292269394e-01
0.000000000000000000e+00
8.247213324726321293e-01
0.000000000000000000e+00
-1.671642531519468289e-01
-7.109838107916039984e-01
3.558808892362845810e-01
2.623175339224168567e-01
2.728024648368707616e-01
0.000000000000000000e+00
9.976160189392839772e-01
4.854260376333174865e-01
1.900446817995060655e-01
6.543118071419504744e-01
0.000000000000000000e+00
7.116932982082380121e-03
3.996376899234861391e-01
3.945704362376207808e-01
-9.043792854010528348e-01
-4.337650987912213818e-01
-2.139448372099126416e-01
-8.314088981047107474e-01
0.000000000000000000e+00
0.000000000000000000e+00
-9.399863739553329101e-01
-6.074998145720935661e-01
3.179648250453648295e-01
0.000000000000000000e+00
0.000000000000000000e+00
-2.425680777196479454e-01
0.000000000000000000e+00
7.801449813836973668e-01
0.000000000000000000e+00
0.000000000000000000e+00
-5.567163684278249036e-01
7.874062028568087346e-01
0.000000000000000000e+00
-7.373936774596210331e-01
3.417323369825209234e-02
0.000000000000000000e+00
0.000000000000000000e+00
-5.797899900123528738e-01
2.654921674050523261e-01
-7.449520330701795423e-01
0.000000000000000000e+00
0.000000000000000000e+00
-7.958212794558550129e-02
1.000000000000000000e+00
0.000000000000000000e+00
0.000000000000000000e+00
0.000000000000000000e+00
0.000000000000000000e+00
0.000000000000000000e+00
5.662842428057923705e-01
-2.007165926575151804e-01
2.889701898366412447e-01
6.671726568640734545e-01
0.000000000000000000e+00
-6.427007281521641691e-01
-3.740516433538849661e-01
0.000000000000000000e+00
-6.216600986961795527e-02
-4.283790290851337001e-01
-7.654361397403530720e-01
0.000000000000000000e+00
-3.317484259016425518e-01
-6.024562530312811415e-01
-3.913629714696014172e-01
8.958308359642779273e-01
0.000000000000000000e+00
6.298603325539309239e-01
7.043694979498678066e-01
0.000000000000000000e+00
9.388933308544848977e-01
0.000000000000000000e+00
9.129715126318107554e-01
3.886644512961192621e-01
-1.059607866242620045e-01
8.914976830896015336e-01
-8.221917148443260714e-01
5.596096996866022355e-01
-9.545745053670711133e-01
5.223794649288815428e-01
0.000000000000000000e+00
5.901394418974923450e-01
0.000000000000000000e+00
4.923481442915027539e-01
-8.343191389013633330e-01
0.000000000000000000e+00
-1.975700700123372844e-01
7.192927407950326923e-01
0.000000000000000000e+00
0.000000000000000000e+00
-8.236716412441429380e-01
0.000000000000000000e+00
-6.051804263047251276e-01
2.779461973638619465e-01
1.643064196724393078e-01
-3.812212347991379424e-01
0.000000000000000000e+00
0.000000000000000000e+00
-6.269759401506846963e-01
0.000000000000000000e+00
2.180544598803701994e-02
6.451009188721277265e-01
-7.673623684522070665e-01
2.590593801240301808e-01
-1.381379234338662165e-01
-5.126529984601633227e-01
3.284334259807299983e-01
-5.139276567086015213e-01
-4.041652154712269684e-01
6.035657319363627593e-01
1.521490958042903685e-02
2.637407633021717768e-01
-9.324371741742631947e-02
-3.393485359041981120e-02
5.220616638181294622e-01
-7.944402638935241789e-01
-7.632361627353163591e-01
7.849660849447033240e-01
-5.599051710990492481e-01
4.536315649330022737e-01
-4.569780085727763730e-01
4.456449884521629379e-02
2.421550100973124398e-01
-8.220068486683995701e-03
-1.400514892103008613e-01
5.030676836149294839e-01
9.192527028667418776e-02
-7.024210904653060972e-01
5.024960209044349035e-01
-4.915978131200784418e-01
-6.700120018150663714e-01
-4.446308913056906675e-02
2.097878735250184867e-01
7.987220244563497662e-01
5.785514723736471243e-01
-8.467258802888233404e-03
1.031411738842926695e-01
9.045429617560512003e-01
-2.049890503515978679e-01
-9.010534011805033661e-01
8.730319065907921061e-01
5.394091052223926042e-01
-7.660038673506854856e-01
-3.461018720645163693e-01
9.230746245483154588e-01
9.451651586150286999e-01
-1.682156630897844174e-01
-9.316208244955672679e-01
7.707884986830770835e-01
9.754602652124033657e-01
-3.786984506268986639e-01
7.819193510881470299e-01
-9.175238538032965963e-01
-7.222647336746719215e-01
4.857311398174082306e-01
-2.284401310785373340e-01
-6.050719472844843239e-01
4.996453092802166651e-03
-4.302692335923792299e-01
1.682503659509257954e-01
5.336690500778682456e-01
-8.779375986588788816e-01
-4.318415496185927793e-01
-3.248926151447415478e-01
8.168006562691265682e-01
-5.446234258321280830e-01
-9.952499060145931775e-01
8.244693457019294236e-01
4.360469767528800666e-01
-1.583181144009946362e-01
-7.978755228658072074e-01
-8.378468283515492221e-01
-4.433307781193958075e-01
0.000000000000000000e+00
-1.160223101850414995e-01
-5.897641059323976975e-02
-7.652714928508062009e-01
4.116902597219893600e-01
-6.512896854700156446e-02
1.050230216934020522e-01
5.671034845149767190e-01
