4.688827533965723715e-01
2.927282631805337432e-01
2.288510361053553710e-01
6.710566707593971225e-01
3.979599766071481026e-01
-8.327061497618157837e-01
-3.796184772978732913e-01
8.003629567282553869e-02
6.331213393974528814e-02
1.617257887878190137e-01
-6.400532448728021850e-02
-2.422615940058689410e-02
-9.992497261514857732e-01
4.435355536288567574e-03
-1.811801754495958872e-01
8.297985290683614901e-01
4.026529252547730309e-01
-5.045915618863641150e-01
7.081881314202238542e-01
-1.000000000000000000e+00
3.918187274843186740e-01
2.578987046908534086e-01
-3.725052938950884629e-01
1.000000000000000000e+00
1.228449195610259621e-02
-1.244069638500834990e-01
-4.381861819496972732e-01
-1.499687957121312865e-01
-3.381874208272854787e-01
-1.053464879116512987e-01
-5.946732131763190488e-01
5.427780141359698218e-01
-2.587194543989008166e-01
2.405545862030920856e-01
-5.016353708568048742e-01
4.832833600574452659e-01
8.556871863751765173e-03
-7.377857807868208884e-01
-1.000000000000000000e+00
9.948026843793965623e-01
-1.000000000000000000e+00
-6.292449593789035678e-01
-1.000000000000000000e+00
-3.064023407733451609e-01
-3.565149415511180697e-01
3.126544753052474812e-01
-3.469441149414699988e-03
2.684507486196178738e-01
3.796362226171003940e-01
-1.833962117883324860e-01
2.423863199741609631e-01
2.912545027721273883e-01
-4.221291841309184334e-01
-7.252135006936404060e-02
-9.197036979487810404e-02
-8.755988630458617639e-01
-9.984092416320385910e-01
1.059105383495466540e-01
1.534713024308458074e-01
-4.359222854327436947e-01
-7.746168781949333004e-01
1.420927422882714564e-01
3.237254254091973538e-01
-9.674858395753967999e-01
-4.090417056104266313e-01
-8.180555085980756314e-01
1.844223298360536112e-01
-7.890029702392562516e-01
-7.386247436334427707e-01
-4.365986560952568318e-01
3.699626577732831878e-01
3.384378467471858554e-01
5.199701615313980785e-01
-7.483823910128555024e-02
1.736685092105300088e-01
-2.575986746566149010e-01
-1.000000000000000000e+00
6.390487056099605212e-01
6.937002542839394437e-01
-5.652380377817981527e-01
-2.289393537720572219e-02
2.042792614145466368e-01
-7.141962059499218363e-01
5.334820716649528727e-01
-4.000711461276459935e-01
-9.565229111124284866e-01
1.000000000000000000e+00
-2.064081802758421513e-01
3.169728382862470051e-01
3.830416128802519027e-01
4.992520193337950107e-02
-8.685399775014988888e-02
6.152198064439730330e-02
-3.606267479688782807e-01
8.775203038159927749e-01
3.293233513146968106e-01
7.860348875511821154e-01
-7.204800074089954265e-01
-5.945041898278831116e-01
-8.789444177600444497e-02
-4.915502946391678840e-01
-7.373756981713588399e-01
4.208127523290542960e-01
-1.069548504945447981e-02
-5.988909855717017283e-01
5.808014181501593848e-02
-3.818606865632240277e-01
-3.044475209674857297e-01
-8.870687240054057066e-01
-4.628086740124319198e-01
1.000000000000000000e+00
-7.399805956083695957e-01
-1.520333539256110977e-01
3.708222027681772337e-01
-6.632818174617703955e-01
-8.361648656517113309e-01
5.897144906606116566e-02
2.290201205307568488e-01
-1.696588097010238994e-01
-4.889601616431598630e-01
2.522083940745887265e-01
-6.495889549882688518e-01
3.066794978214051337e-01
5.377242261964862990e-01
8.870335022340930520e-01
2.029542625421914270e-01
-2.150188426159429372e-02
5.954517523622189223e-01
1.000000000000000000e+00
2.525137632882989633e-02
1.163440881399928906e-01
8.928737619126967395e-01
1.000000000000000000e+00
1.393110999581054776e-01
3.591325665347220308e-01
-4.792988701514058203e-01
-8.371736340778010987e-01
-3.133726179118783151e-01
-6.009602145748896840e-01
2.439456537738263209e-02
-1.751873634488621545e-01
8.783281048546189851e-01
6.583595117892908632e-01
5.647227747153067412e-01
-3.863899197425742921e-02
-1.782589591830397446e-01
2.807321754907194170e-02
1.802207266727739177e-01
-6.700940789463158964e-01
1.000000000000000000e+00
2.707347740903975897e-01
-9.420011933254119896e-01
-8.182131900527901402e-01
-3.436383015392024953e-01
1.000000000000000000e+00
-3.333663618192441169e-01
1.957887574900515071e-01
8.032128935857384411e-01
-4.898810577612028316e-01
1.130778308486131145e-01
-3.077242880211723472e-02
2.158190911031938608e-01
4.531075310040771909e-01
-3.330708295643300398e-02
-8.339604947463963303e-01
-4.950482673533154188e-01
6.413230900291323477e-01
5.406976642692181700e-01
-6.912481490400247675e-02
-1.479482543690765206e-01
-2.072095974929657747e-01
-7.674247765107132802e-01
-4.641168232402950733e-01
-3.753012664602224935e-01
1.133362519385702483e-01
3.442095952611681775e-01
-4.842241628516489316e-01
2.302541434384514085e-01
5.107876786826072157e-01
-4.146760899550628876e-01
2.228748653704278049e-01
-7.406548182038422690e-01
2.182143992979928560e-01
1.136228782962325767e-01
2.867133486050251201e-01
8.818999255664270454e-01
-1.335486689909150537e-01
-4.798354657229050857e-01
2.320447539236886458e-01
1.021065079561789407e-01
-7.339133979657708196e-01
6.205137940347036363e-01
-3.106802762200193690e-01
9.102623537402245724e-01
1.000000000000000000e+00
-3.498341842420205072e-01
6.370875403052116415e-01
-3.275935674775809492e-01
-5.158256861535348570e-01
-6.796211372141894858e-01
-4.396250266976535759e-01
-1.000000000000000000e+00
-7.557522731679482408e-01
-8.043773924604114001e-01
6.314295387281612104e-01
-3.819047581586177964e-01
-5.954103534054792923e-02
-9.970758431123303289e-01
-5.897716165368437347e-01
-5.319922643035990273e-01
-3.363450050223187882e-01
-2.724735359733047035e-01
-3.040827822593055590e-02
3.770564580474499161e-01
1.000000000000000000e+00
-6.062612986302607920e-01
-9.200428473360786619e-01
8.269193473905364633e-02
7.911509323821336315e-01
-2.833220620506493037e-01
-4.869610775615411669e-01
1.917362090299641608e-01
8.797582233321622480e-01
9.880415260381521930e-03
-3.454173147674271527e-01
-2.791552926650914257e-01
-7.940019658930879132e-01
-6.474376760113090823e-01
8.602628533331266869e-01
3.550430971255109647e-01
-3.760923692690630871e-01
-1.923332286348314324e-02
1.000000000000000000e+00
-7.663150573477706118e-01
5.566215338050745087e-01
-6.578650398707330815e-01
-5.825058733473383044e-02
4.318069212753539166e-01
9.924476785606051177e-01
-6.775218253535071344e-01
-5.096200072620320487e-01
1.000000000000000000e+00
9.953969212431985625e-01
9.250885429313161490e-01
3.035663746866477941e-02
3.802388691548404531e-01
8.885019083217540192e-01
9.071619577744098883e-01
6.721114762883627636e-01
-1.101231771890680972e-01
5.245002760475920428e-02
1.169142358559505518e-01
5.369603844661702263e-01
1.000000000000000000e+00
-3.282321176223144676e-01
-5.464685680504767218e-01
5.887514808320480630e-02
-6.687465003461876556e-01
-7.177169568724648396e-01
2.408410597974365575e-02
-9.405556018650824968e-02
1.000000000000000000e+00
9.585730349817815910e-01
5.359262304117218267e-01
7.433733710891763380e-01
