-2.841667953352666753e-01
5.663249817270361586e-01
3.424098021967840744e-01
8.183005602076025564e-01
1.462428591009696521e-01
1.000000000000000000e+00
1.627095787485415834e-01
2.748011747526729609e-02
6.200018796744879435e-01
1.000000000000000000e+00
-2.937654420168114844e-01
4.089462800135363896e-01
1.551995106460245799e-01
-4.114551359028328914e-02
1.079783152274160218e-01
1.000000000000000000e+00
-2.938074327116546591e-01
5.144262912180261882e-01
-4.613372023710463621e-01
-1.388888113712902772e-01
-6.055999034512775658e-01
-3.957771668831108203e-01
-5.997941420609226304e-01
8.897986763168623803e-01
7.862020269396330363e-02
-4.685570719428858166e-01
-1.000000000000000000e+00
1.267031258008030348e-01
9.295895392766317933e-03
-1.060921957510813779e-01
4.182578823212670383e-01
-2.131921900527694314e-01
-2.925529553631837087e-01
2.081542691188776051e-01
4.817811114955923846e-01
-6.964712104432750905e-01
6.243719238521853176e-01
-2.185617399096053126e-01
2.057786907536221510e-02
1.000000000000000000e+00
9.083603504078932023e-01
-8.410213814488757267e-01
-7.940566032971377863e-01
-5.120255657362992041e-01
1.588092162978890429e-02
1.805623716616037988e-01
6.896485714450779625e-01
-4.301888546897737475e-01
3.746100707113257933e-01
-5.247690413489877193e-01
-3.530999523864408185e-01
-2.408187727868980055e-01
9.379536251254450008e-01
6.864483864105209721e-01
-5.856816630968699755e-01
8.948432741335302643e-01
-6.786057401224762087e-01
-2.708664848724930962e-01
-1.000000000000000000e+00
-1.785634635320622332e-01
-3.072415104595763169e-02
4.849363521711695935e-01
2.492809197151060752e-01
4.816460034776663401e-01
-8.404558134687429849e-01
-1.553890256684201387e-01
1.000000000000000000e+00
7.422584756179506638e-01
-7.059904920620894142e-01
1.000000000000000000e+00
-9.716299625958375596e-01
4.059819132233031258e-01
1.000000000000000000e+00
-1.000000000000000000e+00
-1.444265707728433212e-01
-3.464686630823115010e-01
8.031699374880398035e-02
-1.803861975518531446e-01
1.594708252554803141e-01
1.111897560941957630e-01
-4.099571025944301339e-01
-8.814791657926779322e-01
-4.033755472552599808e-01
1.235987466086769238e-01
7.445787203000407972e-01
1.000000000000000000e+00
8.119435219302304496e-01
1.000000000000000000e+00
6.215899411264491636e-01
3.884112123236186931e-01
1.000000000000000000e+00
1.611366472373708669e-01
7.329010213209807834e-02
7.538363854975251854e-01
-1.000000000000000000e+00
-4.833074583475820973e-01
-2.742158946469478997e-01
-9.920838181285243085e-01
7.128834374487826864e-01
-2.467503404672367617e-01
5.334053447907156631e-01
-1.808150365586552732e-01
-4.146703490258682456e-01
3.199387693922714493e-01
-2.817397168074516900e-01
-8.512277431599245547e-01
1.000000000000000000e+00
-6.975288697898707202e-02
2.299403022306731326e-01
-2.448858403252462401e-01
1.355716574471969305e-01
1.302369131425807347e-01
4.101695369993838547e-01
-4.710508536660497625e-01
1.000000000000000000e+00
1.692758855599657553e-01
-1.955965215181104666e-01
-1.308873687464940927e-01
9.818764949204834558e-01
1.503563709480305599e-01
-2.045460553430158979e-01
9.490827650116275827e-01
-3.190736200720009630e-02
-3.392730455210677398e-01
2.935397874795643292e-01
-6.638128262625575537e-01
-2.799126739943148534e-01
-4.041206704500553415e-01
-1.808269626581389677e-01
6.973333322922603550e-01
3.507374731769010712e-01
4.494621127957453832e-01
1.000000000000000000e+00
8.943227172247565360e-01
-1.000000000000000000e+00
-8.506765886817299616e-02
5.083061883165385098e-01
6.759287304485290804e-01
-5.241040671661967298e-01
-8.066243513390897180e-01
-7.445381851838352993e-01
-9.372273140618662124e-01
2.272146047029680593e-01
-9.193087009632333606e-02
1.000000000000000000e+00
1.000000000000000000e+00
7.010531458136862182e-02
-4.625893010171998054e-01
-2.194741462563789824e-01
3.700218020912948158e-01
-2.397934413419356703e-01
-3.856213194530433430e-01
6.855667675116025039e-01
4.218966671640226873e-01
1.736429879783767394e-01
-3.079945500531861002e-02
-2.786769175762956463e-01
-1.236832702534431672e-01
1.838898398630074427e-01
4.650111579637340453e-01
-7.430475354254386655e-01
3.057331920103581457e-01
-1.592912855121538240e-01
8.447849243357986593e-01
2.497009445477906264e-01
6.840037231323432554e-01
-6.108594977828895045e-01
5.301098131927124424e-01
-1.453354522262749193e-01
-3.222759305396718510e-01
-2.475056885507426196e-01
4.524448956127670174e-01
4.421005841625972321e-01
1.000000000000000000e+00
-6.971695799902664081e-01
7.468309544086511043e-01
3.692140243469906880e-01
-4.340079268926220202e-01
-4.911127308813552084e-01
5.025075033233762367e-01
5.621549377078189913e-01
-8.253223297492502386e-01
-1.849016077676544911e-02
-3.274557616762481804e-01
-1.250593770410573791e-01
-5.458142846020056504e-01
-5.903475302843181893e-01
2.693974809200652132e-01
1.000000000000000000e+00
1.000000000000000000e+00
-9.886868642630824988e-02
-8.168231741504078380e-02
7.885057889720905600e-01
5.490633942507745502e-01
2.759832548404983488e-01
7.856679871198748444e-01
2.618013706240811533e-01
5.378849726712798818e-01
-9.294134868151177065e-01
2.179026318423601394e-01
-4.448403699420890867e-01
6.027912004405017177e-01
5.954465879594277311e-01
-3.038706312832133438e-01
1.190100408470431415e-01
4.029779322136852193e-01
1.000000000000000000e+00
6.754887669734186417e-01
5.115571235743912037e-01
-8.984933384908920795e-01
-1.000000000000000000e+00
-4.309976083416269810e-01
3.751252938572299800e-01
6.750439927981002342e-01
2.083913561055255048e-01
5.795713954795632672e-01
-7.096688459320753539e-01
1.572822346835840435e-01
1.863062154684193839e-01
-6.778270536133087498e-01
-1.000000000000000000e+00
6.248493209758695238e-02
5.245522720579316456e-01
6.336301047149842103e-02
3.723272903754304419e-01
8.831903103761820084e-01
-6.543222010971989910e-02
4.116283676980602158e-01
1.000000000000000000e+00
5.326180720727965445e-01
4.464528020288452970e-01
-3.914909907963128877e-01
8.067606277250405356e-01
-2.715303354460703034e-01
1.000000000000000000e+00
-2.921321740196777816e-01
3.677119464513056712e-01
2.565725230066855378e-01
1.000000000000000000e+00
-3.777191276243773710e-01
7.286832661057802696e-01
-5.423599809270762684e-01
-1.634974053871848798e-01
4.347430771174334851e-01
-3.250401363209368122e-01
-8.883285736215777995e-01
8.064101912818465445e-01
-2.484292440102389976e-01
-1.000000000000000000e+00
3.295778859068732580e-01
-8.037716292746116542e-01
1.946487021343566437e-01
-2.960213044288042550e-01
7.321791894918325827e-01
-1.443120241444142970e-01
-6.554034423734634851e-01
1.583708005489778692e-01
3.129033469914699328e-01
9.416998747778320134e-01
3.393480596796096815e-01
-3.914732812064329881e-01
3.414093968116778122e-01
1.000000000000000000e+00
1.975238810974558334e-01
5.392512918683090017e-01
