-2.340117783463855350e-01
-3.582242462380038628e-01
-6.773481626016319979e-01
8.076451339763456305e-01
-3.243448872284414586e-01
-1.801963867124247720e-01
-1.980628485809265427e-01
3.169895998857932828e-02
3.664352636361875026e-01
-3.870802638347675684e-02
1.000000000000000000e+00
1.000000000000000000e+00
2.851375973003561493e-01
1.000000000000000000e+00
1.578713658397888631e-02
4.419439089726783232e-01
8.500531939561078998e-01
1.139912186834665248e-01
-4.187901318377664217e-01
1.411686797477101907e-01
-5.085838648546475715e-01
4.684348667219225271e-01
-5.582726957198516082e-01
7.830152074100076298e-01
1.000000000000000000e+00
5.565236606656884799e-01
-7.074823958572085125e-01
1.062603625304007482e-01
4.678986436559077200e-01
-1.242152568178321315e-01
3.414531232984483466e-01
9.783916952419081658e-01
-5.991956660422280700e-01
-3.112605278856391822e-01
7.177200695756696947e-01
-4.440550838730476513e-01
7.612587094144044331e-01
5.240435890942813923e-01
6.919048844129541687e-01
-6.439042523623846881e-01
-1.000000000000000000e+00
3.934885237823192439e-01
-6.421068236661329198e-01
-8.025944212469915406e-01
-3.168068568463272561e-01
3.211271490843934373e-01
7.720125743578477584e-01
1.917294062848987346e-01
2.502265758849483435e-01
-8.098640476644098918e-01
-5.016238414135942847e-01
-3.798120373567425712e-01
9.514693948699165515e-01
9.264593548223735153e-01
-8.508693954977962770e-01
8.127799675109934618e-01
-7.842411445873543885e-01
-3.131047621976800199e-01
-4.307819333309108600e-01
-3.123366402634947248e-01
8.027649097476381446e-01
-9.635135971632048657e-02
-3.593203553527198890e-01
-6.047712203413487808e-01
-1.000000000000000000e+00
-2.007519234240091044e-01
8.768431319294387460e-01
3.402208579315954551e-01
-3.836786131086800666e-01
3.078790688994366698e-01
-5.804971721957347119e-01
4.570779890481990737e-01
8.270242070597602080e-01
-4.794679076899898140e-01
7.467329829164576216e-02
-6.373479283607015322e-01
-6.218019509542754841e-01
1.000000000000000000e+00
2.482799445786731951e-01
1.000000000000000000e+00
-9.304018649700422916e-01
6.661886266043389737e-01
-2.442614191271345603e-01
-7.993419389028928457e-01
9.725735242883608578e-01
3.164543542919718844e-01
6.845112504119965635e-01
7.108022961063239498e-01
-8.145491053938842818e-02
-1.205666226803496499e-01
-5.601462839392878923e-02
-3.733121280630679606e-01
8.963826458486814919e-02
1.779775559986117028e-01
4.980459324157406886e-01
-3.401259432083743595e-01
4.171406611648942331e-01
-4.872581106831457287e-01
-1.596636542897913735e-01
1.000000000000000000e+00
-1.818483869223353755e-01
-2.184915676207047769e-02
-1.437635057888332901e-01
1.028891548420998725e-01
-5.582663855906417893e-01
-4.039841245300700157e-02
2.155337901859752658e-01
5.326936913437232413e-01
1.000000000000000000e+00
-2.887573947648237604e-01
7.232553032311999086e-01
-1.000000000000000000e+00
1.000000000000000000e+00
-7.068647251538674459e-01
-1.000000000000000000e+00
-4.676618289987173327e-01
2.979124920370823659e-01
-1.332413766502093810e-01
7.244708078324684219e-01
3.033027963867582777e-01
-4.741752633369398784e-01
2.717509944369449482e-01
-7.643873639133671460e-01
-4.290413419755112479e-01
1.000000000000000000e+00
-2.702454286961530339e-01
-3.215387640988914275e-01
-6.409621310487900736e-01
1.596797587305880950e-01
-5.104125028188664093e-01
5.742007874359321695e-01
2.955767908060624727e-03
9.741528172433738808e-01
9.980923808624627691e-01
-9.620026191363274526e-01
-2.330191730699071040e-01
-3.244517365581726653e-01
5.576833383927279897e-01
-5.971502949337637034e-01
-1.000000000000000000e+00
-9.818841000061865332e-01
-9.383339015598748389e-01
-1.000000000000000000e+00
-3.422862404770850020e-01
-4.055702179780222294e-01
-8.363407296411468073e-02
2.650110890499141059e-01
2.154625338241056287e-02
4.401103686232320511e-01
-3.160810312258517663e-02
-1.294891733374420872e-01
-2.638843077638242107e-01
1.000000000000000000e+00
6.881110819423755798e-01
-3.753129501357312103e-02
5.208993385845704649e-03
6.539320324655784056e-01
9.034844983918872974e-02
5.818052373309037240e-01
8.126505868539494193e-01
5.430865677452126894e-01
4.208496879437466642e-01
2.182498215657034113e-01
4.490783736304382878e-01
6.936156353699542976e-01
1.000000000000000000e+00
-4.870319829861721184e-01
-1.000000000000000000e+00
1.000000000000000000e+00
-3.483540099635475951e-01
-7.691658156685717007e-02
3.270200500508321229e-01
4.564033412852700478e-01
-1.108077755043710977e-01
-6.062758338864859819e-01
-8.508859740518878723e-02
6.390208737543980888e-01
-6.698511206822559405e-01
2.205363747077502268e-01
6.374215933231894282e-02
2.397735843096301389e-01
-2.872777511132028616e-01
1.000000000000000000e+00
-9.599306281274170294e-01
-5.060151570676977295e-01
-6.013402438321707733e-01
-2.656718283684221804e-01
8.971486875953392781e-01
7.644340235296731567e-01
-1.729585809967618126e-01
-3.877086799426620045e-01
-6.938100553320152297e-01
5.423673997448141826e-02
5.980451432161576486e-01
-6.440651308914224771e-01
8.661674285289471253e-01
3.959426351196038141e-02
2.572236060764669374e-01
-1.000000000000000000e+00
1.042150919352289457e-01
1.000000000000000000e+00
7.419563146175022217e-01
9.460004261667785963e-01
1.000000000000000000e+00
2.386150208217865110e-01
6.833495960060826935e-01
9.920719194075239278e-01
9.747409824622691454e-01
-3.790312060293358765e-01
9.584638678161764291e-01
-6.622188736687100175e-01
-5.385131285919629862e-01
-3.965869350760284906e-01
-4.506120606148513175e-01
4.797977279824456875e-01
-1.256735181668588441e-01
9.193271607093594922e-01
9.284056136854444974e-01
2.188322742834782064e-01
-6.671351185046451304e-01
-7.435751593453815422e-01
3.658480612242373531e-01
4.284656355755923074e-01
-3.682286218441047088e-01
-4.342115942419089158e-01
-1.000000000000000000e+00
-2.647746849963565907e-01
6.453765804543445395e-01
-2.737361917035122105e-01
9.705456722368027700e-01
4.906592376447534154e-02
-3.344404176716741506e-01
3.938499520080910310e-01
4.064330432129805715e-01
-2.889638040937725916e-01
-3.773019125540813534e-01
3.389443269485499233e-01
8.380479288355895395e-01
2.706622396920136397e-01
6.744898250891055991e-01
2.590722008974243873e-01
-5.153732090522689102e-01
3.017025183544009836e-01
-3.204153446842211705e-01
-1.390091246790114143e-01
-5.817307367147640518e-01
1.000000000000000000e+00
-2.524280545174913404e-01
8.896285158455577990e-01
7.005084574632526317e-01
-2.059129176228486902e-01
-6.056609218488288038e-01
-2.692542027828657147e-01
8.811827251736650268e-01
-1.683922996451417686e-01
-7.127592749128728311e-01
2.657498512455820916e-01
1.000000000000000000e+00
5.738218773638270598e-01
6.980866165504735488e-01
-2.399706999749358638e-01
-3.190309398847009925e-01
8.583753365504672717e-01
1.774556102986845907e-01
2.627428570034445743e-01
