-1.582557341982648635e+00
-2.015405526996026375e-01
-1.011143769696951633e-01
-1.448726397030030977e-01
1.463715718166984425e+00
-1.459278685373565920e-01
-6.508723191234835337e-01
2.679915882448111186e-01
7.954908701307698005e-01
-2.875680751147423053e-01
-8.627454756447232587e-01
1.348891139020095720e+00
1.109236195407481973e-01
1.559887251924748419e+00
-3.092923025373189860e-01
-2.686499306588295277e-01
-1.656742848969491533e+00
-2.753202709194302322e-01
-2.060980609237582639e-01
4.888950871538429443e-01
-1.088124363142681128e+00
6.926981007470922602e-01
-6.467754306081128224e-01
-3.919958032141815263e+00
7.537019564350971867e-01
-7.287456455100878028e-01
-1.153366715502960466e-01
-4.314270582278772331e-02
3.173428486762831097e-02
-4.939613673099653157e-01
3.249028895752812396e+00
4.107221047103607470e-01
-6.940204307143037488e-01
-3.363873522213889355e-01
-9.048683883792854044e-01
-7.024509827805932582e-01
3.631602591006861253e-02
1.552171900765782486e-01
4.380913778297630956e-01
-6.248888174184120681e-01
2.727624961291092234e-02
1.067995066500943224e+00
-1.523506277314185198e+00
-2.442340942664820713e-01
-3.387605025491737809e-01
4.230466175293173814e-01
3.299486700886986035e-01
-7.753675348727540051e-02
-5.535172682887685991e-02
6.577237121601179348e-01
8.762869979286699307e-01
9.081697001616356735e-02
-1.076054469266643832e+00
6.195432611603840511e-02
8.151462292803169918e-01
1.339490896578021950e-01
7.377744628212219435e-01
-2.601482040816322505e-01
-8.285755101783456311e-01
2.221475930782739749e-01
1.182349217618687554e-01
6.524888702727218437e-01
8.453471227142859146e-01
-1.030711784052418922e+00
-4.442746125774067467e-01
-1.738213578663102554e+00
9.630965981157175726e-01
-7.260348588357731225e-01
-2.154488763912307370e+00
-1.814844597733982212e-01
5.681927586972346234e-01
7.974781139755686699e-01
-3.198747452616247378e-01
-1.845533328035578791e+00
-5.252951741225720950e-01
-3.257573390032568739e-01
-1.856474733560882495e-02
-4.284931241968672477e-01
4.791530889577503283e-01
7.384984286482293436e-02
-3.649356009465729578e-01
3.800396858701895475e-01
4.914914733097225374e-01
4.984259158979835735e-01
1.043306986689439775e+00
-1.718409284551330574e+00
7.565855350639909549e-01
1.226537459967538046e+00
8.813552125112001923e-01
8.601198550909540108e-01
-1.229194855183203955e-01
5.410686428700018924e-01
2.527050468192520993e-01
2.553253778427707621e-01
9.835377633450913537e-01
4.550006386553634430e-01
3.953732712117135062e-01
5.976787603664598381e-01
-5.173858796581201069e-01
-4.339384916573556517e-01
1.159748360547287138e+00
5.247782101883837619e-02
-3.016087224140819867e-01
-3.427690082744554445e-01
-2.612347513083626005e-01
1.007913642519288056e+00
3.903348971774719400e-01
9.836838120850082134e-01
-3.046569223080776156e-01
4.327615985443027391e-01
-5.685375510188037662e-01
1.025434640556149510e-02
6.307601466443572003e-01
4.201431924575582677e-01
-1.904084767703973391e+00
2.693635439179065671e-01
-2.736328754074366376e-01
-4.010912548847866965e-02
-3.134925140933965126e-01
6.492333600058351750e-02
-4.362002264840720289e-01
-9.015708371508197594e-01
-4.019338957945557400e-01
-7.968754431122767462e-03
2.930339488389576141e-01
2.536965464122376002e-01
-5.613153679924461764e-02
-7.484799448540777611e-01
5.353749180741831371e-01
-5.483333441029939470e-01
-8.979133144779238851e-01
-4.764567308378609423e-01
-1.060593982275387370e+00
-3.119441189801670511e-01
-1.452256534705990809e+00
1.877746076785750562e+00
-3.793012533768108652e-01
-9.783579751999922358e-01
-2.447217121139236562e-01
1.980607888066092670e-01
6.360355955981215059e-01
-7.941351521234526478e-01
3.345551174430980157e-01
-8.017940124348185149e-01
-4.347745633365541762e-01
6.862776950544265953e-01
6.718141291858193975e-01
-7.903986038950704396e-01
1.977313326472464605e-01
-1.186307988622496312e+00
-5.870085691168693831e-01
-1.190393588410654235e+00
3.745151666926264111e-01
-6.497379615210167048e-01
4.045257976706736480e-01
-4.267721425569469540e-01
-8.125459239961243529e-01
1.890318525912541681e+00
4.158224098754439990e-01
1.927211624486653008e-01
8.261701034648849529e-02
-5.840116586632750906e-01
5.572277302631047924e-01
-1.053660955727609982e+00
-4.493554568197054289e-02
7.469396507605812197e-01
-8.393189086768724216e-01
-5.785929752438326995e-02
7.918744438412022024e-01
-6.234406335785324105e-01
8.416412632981240538e-01
-6.102543262647104338e-01
-6.314073168537764902e-02
-6.340063618808541301e-01
-2.909442706165359382e-01
-8.871419542507756884e-01
9.875753356138095018e-01
2.063706594358709623e-01
7.344075760231356664e-01
4.338601100280770062e-01
8.091857313110749628e-01
-1.007385540178561856e+00
3.791775647751983724e-01
-6.012608108290011799e-01
-6.061354141112572647e-01
9.709982358371864741e-01
9.397286120681788701e-02
-3.805383751845091700e-01
1.998507440854131387e-02
8.350578909864405652e-01
-3.966113290265930735e-01
3.470525867620771199e-01
-6.918040156082034819e-01
5.906892965905200521e-01
2.589966964825871631e-01
7.919562444750193053e-02
8.606777321695992244e-02
6.576772891717641567e-01
5.178765594706127295e-01
-5.186594963535746672e-01
-6.319133358317063909e-01
1.537366092333426026e+00
-4.172599140007853258e-01
-2.625535598138206139e-01
-5.063878367109665435e-01
3.828467424708050237e-01
-6.972412119293853738e-01
2.599940165639190504e+00
1.725708871408126566e+00
2.491888577746052547e-01
-4.688606531061687011e-01
2.899859699282875819e-02
6.237809451714819708e-01
2.114820141652601904e-01
5.485713836876902894e-02
-2.147860574864729200e-01
-3.905203134695261480e-01
2.655239369657870774e-01
3.619131095224182193e+00
-3.788581953342951003e-01
-3.791260959710600342e-02
-8.285999845407596709e-01
8.610657278878284249e-01
2.214930265874706539e+00
-1.026399132037047190e-01
-8.483881893375512240e-01
-3.037659859465161594e-01
2.352067784309814225e-01
4.715644693512983099e-01
-5.726975456774219264e-01
6.749065276257310009e-01
-5.777978943827348779e-01
5.718994467765868561e-02
1.540064502190388485e+00
1.597963881285861643e+00
-3.393633379941133343e-01
-2.722710368241776369e-01
5.019035847192514499e-01
-1.123955793959032334e+00
-1.097124852199118816e+00
-1.115140496491346278e+00
1.104016192992047785e+00
-1.965916107526022027e-01
-5.310268906234463238e-01
1.122490410355891033e+00
-8.991030724475470581e-01
-1.232526368406407086e-01
-8.904359322911066521e-02
-1.323081508889011881e-01
-5.567408018834091310e-02
-1.963364433552145238e-01
6.551970655213110728e-01
-3.503857619530133527e-01
5.667319375081376620e-01
1.495930095699214091e+00
-8.509027134430611206e-01
-9.366629344579144867e-01
3.898880696854574723e-01
7.682688517559430608e-01
-2.290821968095965444e-01
-1.653192012633379893e-01
8.554834463037255254e-01
-1.327680220404759526e+00
4.609063548604425131e-01
-1.652442986347497644e-01
