2.185893795038089393e-01
-6.791304800109621009e-02
1.694418215178057630e-01
-2.108449528526990524e-01
1.017835852559667131e+00
2.557431270274625468e-01
4.330700209767898157e-01
-1.932562770015478160e+00
1.564684161630607306e+00
-2.331867920497824043e-01
-1.262020811147037014e+00
7.618136848176081388e-01
-2.988549973802298032e-01
5.193708660297801094e-01
-2.110601266949654775e+00
8.312098203561770760e-01
-4.376359555305791016e-01
-1.203749253781484230e-01
2.050420974546269814e+00
9.155872732630210287e-01
-1.667388109865833634e+00
-7.346274932549166081e-01
6.462530817017224649e-01
-1.047861653151386907e+00
-7.689562736510630048e-01
9.938322496660545458e-02
5.723830119299179175e-01
4.319323808742458470e-01
4.547869779529901124e-01
4.544014327447913892e-01
1.046779247027879389e+00
-3.725461695683642271e-01
5.912677120289036026e-01
-3.801486106074133953e-01
1.096294487869650114e+00
3.518891899695828496e-01
-5.486535392460248906e-01
-1.687911645041155762e+00
1.074381863547638205e-01
3.408812687757524218e-01
-2.765960065246853006e-02
1.272042256606658928e+00
-7.334613432505350250e-01
2.541637310309734499e-01
1.078860297883496022e-01
3.868777704543145957e-01
-9.141200513615542755e-01
-9.967341370727589300e-02
1.668271093472982747e-01
-4.752734510455296491e-01
-1.457226904542158641e+00
8.734986650835829813e-01
-2.445452407843378417e-01
6.710981294465592217e-01
-6.851983606880915900e-01
-5.796779303586651055e-01
1.250076608841885761e+00
2.152884012395045454e-02
4.369822270707381939e-01
6.499581085210970333e-01
-1.992161731135226876e+00
-7.915381824479483797e-01
-6.350199978827818503e-01
-9.443020629900655827e-01
1.192598436712952736e-01
8.547916472920510933e-02
4.198948477858265527e+00
-9.482318724149989553e-01
-6.236629836211101674e-01
-2.168344959924401599e-02
-6.690925910581529967e-01
-2.905810073149702605e-02
-6.588556426207812233e-01
-1.181794791999068783e+00
1.577600627660001642e+00
-1.000500007342762121e+00
-4.914458010470815763e-01
1.021177355270328269e+00
2.385014378235124910e-01
1.177373097906249555e+00
-4.472265868170165470e-01
6.787744073498451769e-01
4.989110641164729021e-01
1.087400521791495267e+00
2.217573011263491267e+00
4.366147408398298069e+00
-6.835344213937949442e-01
5.669564514620226703e-01
-2.180927313856650951e-01
4.972684117090394595e-01
1.820890695212450394e-01
2.356303283684109129e-01
-5.463798393479617488e-01
-5.031711098155626782e-01
-6.579664125056636781e-01
8.059861385104558074e-02
-4.895787165799124485e-02
-1.430307584569414925e-01
6.414318641080840599e-01
6.851210203971408452e-01
3.508454187005780600e-01
-4.433880196652499328e-01
-1.050120346178603503e-01
7.726579106845704592e-02
3.056888371521819248e-01
4.009618211685836986e-01
-7.643382373782979800e-01
-2.677549484996933349e-01
1.209722810320205955e-02
1.067648790688042748e+00
-1.207432065577196956e-01
2.028883209709394786e-01
-6.200563504867329101e-01
-6.796542777139433777e-01
6.695349082272816776e-01
4.670461850258577075e-01
-2.424506399500352127e-02
-1.695748604051898201e-01
1.553701843692468998e+00
2.060144658693167374e-01
-1.007539768470138375e+00
-1.782891578089464524e+00
1.055998117408636139e+00
4.062862999431655631e-01
1.581970024496328064e-01
1.377218539991740931e+00
4.702465755862020313e-01
3.857963224233849520e+00
2.373705332892684650e-01
2.567445869296278507e-02
-5.999122787428849968e-01
3.547506483181268599e-01
1.114493851123067536e+00
-4.577513962459267005e-01
8.110161541893110559e-01
3.230527731365075150e-02
-8.369808332213687363e-01
-4.319103269393774758e-01
5.704107564010642006e-01
3.978961395299340786e-01
5.206646114814114101e-01
-8.717717020641613246e-01
-1.758145536433886047e-01
-2.657411131198437193e-01
-5.533202119834875754e-01
-8.012850041508423615e-01
2.642160369675272125e-01
-7.411960021027934609e-01
-1.129820275517082528e+00
6.255801412121684280e-01
3.420826818444745676e+00
-2.205975906834312106e-02
1.062689426706087126e+00
3.632964164879157742e-01
9.403340305787812048e-02
-1.134823305003217264e+00
-5.030154318579047601e-01
7.645792386677061625e-01
7.419438918184627640e-01
4.129832434556835602e-02
4.831482430619355450e-01
-2.530250120708247064e+00
-7.006562447946348415e-01
-7.194669942370676141e-01
4.409935882744163704e-01
5.950057127461754192e-01
-6.308479000877365017e-01
7.707377226756270128e-01
9.780394192324320946e-02
-1.735018581866915266e+00
-5.401474748798459347e-01
-2.479990501055495677e-01
8.527061454617838043e-01
-8.280824032167433124e-02
5.247825895800563023e-01
1.275053332428012220e-01
-3.940719448613059228e+00
-6.308333386369435747e-01
1.266696224552502859e+00
2.604641469928193898e-01
-1.378787950318579592e-01
2.381495047475788024e-04
-3.266175841575975625e-01
-5.758562397241587805e-01
9.776537637067879150e-01
-4.107165863743957868e-01
2.992767865031770169e-01
-2.929011574008373309e-01
2.186352829689121702e+00
1.044699770780584736e+00
-4.842446658962200612e-01
4.767201292504306687e-01
2.326591987853708354e-01
-1.111771964107689525e+00
-3.857721696664961897e-01
-6.354924903349516985e-01
-8.013693810649802352e-01
-5.517263786543794568e-01
1.304986240177762769e+00
1.349247191827549708e+00
7.066282772844181270e-01
-9.165888641371530698e-02
4.409092912125792130e-02
-1.865860120635269848e-01
5.597450349158762384e-01
-9.965529307145561955e-01
-8.928834382120416358e-01
-3.585836762390364751e-01
-9.881906438744914034e-01
-1.177923081348334899e-01
-1.180576900739503526e-01
-1.053652384530368247e+00
1.454094684498795087e-01
1.503468663970224828e+00
7.883670619296175852e-01
-4.728412037515781763e-01
6.387492231195177061e-02
1.880841864184358836e-01
1.498507011912296960e+00
-1.955592237753551177e-01
3.609430620044081772e-01
-1.688320621600490234e+00
-3.235672161595415930e-01
1.589136822971251473e+00
1.464748357016417035e+00
4.902528731634998582e-01
9.540403483273274254e-01
-4.552507558872223026e-01
4.712043345663651017e+00
-7.202630917294572388e-01
-9.213904633088514373e-01
1.152215308180071091e-01
3.297575102170502426e-01
-2.958188803305019099e-01
4.350937742031921740e-01
-2.785346878924878311e+00
-6.005137049726033682e-01
2.363001856200502848e-01
7.590030104624325702e-01
7.417301732237393530e-01
-2.726137206424326109e-01
2.518578968170739341e-01
6.983065478201856413e-01
-2.176627666215083856e+00
4.384059249319732787e-01
-7.847922084010143795e-01
-1.381942129535464803e+00
3.089582723960672683e-01
-1.122592916586565154e-01
7.750313784540862061e-01
-2.821127743959471745e-01
1.349245418569935684e-01
4.472876915769459227e-01
1.760231459372444962e-01
-7.444491376620536727e-01
-9.420187819112163519e-01
4.384535552185550022e-01
1.145575148211090077e+00
6.041649715396062437e-01
-2.413078933330911058e-01
3.146754796458450243e-01
2.186640590445759480e-01
4.277097014896299454e-01
1.092121087594988715e+00
2.518964150268167557e-01
