5.335866201531551667e-01
-2.418271566372602599e-02
4.198802794113603021e-01
-4.785513728995255400e-01
5.096358502974513982e-01
4.063386125186224662e-01
5.647548131238721014e-01
-1.724291880336680238e-01
4.346585963770766003e-01
-4.776154875161477409e-01
6.012168120282345152e-01
1.410740482655662431e+00
1.506721242771458247e-01
-4.308565458284441263e-01
-1.285250266721393309e-01
-3.332275621200975202e-01
-5.070977230135026437e-01
-6.327559650643888034e-01
-7.053493694866226349e-01
9.314570761138932786e-01
-1.126602265712706580e-01
9.959302473610144590e-02
-3.845692177681530044e-01
-2.549592664562962963e-01
1.244955082344461728e+00
-1.646759076467906591e-01
4.714314754113327899e-01
1.193982200492493817e+00
1.230325379996810353e+00
6.147614353032228030e-01
4.430444028305083881e-01
3.721989517615921228e-01
-7.327489377159068784e-01
-7.632554345304427557e-01
-1.120183973299282432e+00
7.298823084861745247e-01
6.170246358338704606e-01
-4.492779996617751737e-01
4.496852627627540011e-01
9.431250527941923423e-01
1.944846001024480575e-01
-6.521244438103981356e-01
2.926603872109421745e-01
1.835353939081828978e+00
2.796947511060660641e-01
2.885747339877100526e-01
4.410206063443370406e-01
-4.378686826450349234e-01
1.969509628781791477e-01
-7.674271369844337665e-01
7.426353473907123526e-01
-1.712394332187311408e+00
-3.951819661586031818e-01
-5.934805492363398605e-01
3.487366780836571034e-01
1.615773201988921770e-01
8.597703370024256664e-01
3.142497162709085301e-01
-3.670490544787642362e-01
7.028811437784925065e-02
1.020251350615403396e+00
-7.798390856499502755e-02
-1.815217429131401161e+00
6.834435425141682785e-01
-6.068718862733529784e-01
-2.734610548060616431e-01
3.437696925362415667e-03
7.699894869907935036e-01
-9.943200172565233586e-02
-2.681861298966468077e+00
2.505076588506651714e-01
1.056834943715917241e+00
1.132990965547115980e+00
2.122379999406470485e+00
2.912832282940031048e-02
1.101816576239908807e+00
9.169803358533831217e-01
3.956337095718254759e-01
-2.188804706781407039e-01
4.254469616586133984e-01
4.099812788345615910e-01
-9.509450045097350701e-01
6.027414388644021237e-01
8.325097192142141278e-01
-8.261269208297431499e-01
-8.340194038339920901e-01
1.866149583666290024e+00
2.970557710461964596e-01
-2.335130565326387075e-01
-5.718084016539403125e-01
2.122692498892911062e-01
-4.095285200566451955e-01
4.575050796450241819e+00
1.136984155818527992e-01
-5.304433365595209726e-02
-5.722768278444969603e-01
4.276917948144268178e-01
8.626511925868807218e-01
-3.957720876662864651e-01
1.157709447606579123e-01
-4.663099935222726478e-01
-7.837322035593086156e-01
-1.637072462465775757e+00
-2.948071234225428938e-01
3.020119565989103916e-01
-1.269163090019281848e-01
-3.284662202930128116e-01
5.215547476023566498e-01
2.994966079744370568e-01
5.293451041349652719e-01
1.139279995421068753e-01
-1.676050244815812107e+00
-3.527165080925538376e-01
-6.615912286790547325e-01
1.723381053173525523e-01
1.666699063926975477e-01
2.487951714767160372e-01
1.499470369902994038e-01
-8.067145499193629776e-01
-4.196478035333674472e-01
-9.388380715511651653e-01
7.509787873102872213e-01
-9.547778402097509276e-02
4.738151520861199617e-01
-1.210313542958793454e+00
6.146313704965972180e-01
-8.766195422912820279e-01
3.338121936644738996e-02
-6.712122743292516791e-01
-5.992743195187461014e-01
-3.923774145814384884e-01
4.018736995384865063e-01
2.763956499720059967e-01
1.505171491166518716e-01
9.318403642795707320e-01
3.272472051996794251e-01
-1.456000551932973563e-01
2.387517618582968848e-01
-1.808653840300965987e+00
-1.239690561982160766e+00
3.675152736848538160e-01
-9.210828035284295001e-02
5.238100627289123956e-01
-5.021677795971067615e-02
3.771494106762515175e-01
-1.447394090012662282e+00
4.410178684511762981e-01
4.834338344503725793e-01
-1.526111102648860296e+00
-1.582539505420470574e-02
-1.142517486184716047e+00
5.365893193987196774e-01
-1.278437402380943888e-01
8.190620248224376176e-01
-6.622243737524642349e-01
2.013378306642864546e-01
8.516554879540016998e-01
-7.652299169557527092e-01
-9.656248341376353350e-01
-1.164123164237689315e-02
7.433757235529266927e-01
8.661815272168602586e-01
2.805643645840198097e+00
-5.862072834042965086e-01
2.362044531088536847e-01
6.576363006067675876e-01
1.803204794796147148e-01
-9.889524755682070623e-02
-4.146626722974843804e-01
9.453269902050034368e-01
7.710355830898742990e-01
3.812830056694879177e-01
5.490631601764998093e-01
4.923510560093171673e-01
-3.900020560100710965e-01
-2.329649212893040167e-01
-7.081060238718911437e-01
-8.739096127468735098e-01
1.573695980222393209e-01
-2.703460724672062665e-01
2.518820655413652743e-01
-3.408176420763737724e-01
-5.287371531648325795e-02
-5.378357728066230914e-01
9.477950530422651898e-02
3.607869616536444890e-01
3.807085983869001877e-02
4.233821182972553054e-01
3.534847834392117472e-01
7.635774987934413893e-01
6.775689651892283782e-01
-1.782512683731991010e-01
-2.029278462550355044e+00
9.473534101486238979e-02
-5.833535194568427729e-01
-6.514441092924425081e-02
-7.980349784324182461e-02
1.341934267080784893e-01
-5.314244849401308368e-01
-1.348585516428606468e+00
2.964803834196622301e+00
9.515943681933609621e-01
-1.139388367070599095e+00
-2.069130358917811718e-02
-9.339999733159590756e-01
5.242100585383618894e-01
5.983774785917501671e-01
-9.383940498002782959e-01
2.638880986047715815e-01
-1.600979447217869778e+00
-2.043571627281731418e-01
3.870793739680018497e-01
2.899605400713752834e-01
2.439261752418320217e-02
1.593470629022472607e-01
-6.560062140163240851e-01
-7.175105067680478399e-01
-1.220005514961141957e+00
4.284132294135234442e-02
9.938391399804625825e-01
3.157714984591865059e-01
3.034493704447269735e+00
6.021177049128576542e-01
8.493954050739431771e-01
5.557526669162772270e-01
4.464827422189242001e-01
-6.253394558798963665e-01
6.361344669531096008e-01
-4.009063828481202463e-01
-3.897169770509819609e-01
-8.803447246148482508e-01
-1.024175094019742494e+00
4.884519707057883853e-01
2.678055365097695706e-01
-2.558971960483794050e-01
7.090227463287718246e-01
-2.421759762363137725e+00
-1.135943421057077352e+00
2.288024873653350388e-01
-6.543059327632558819e-01
-9.647440873866210964e-01
-9.505045734753259090e-02
-1.688132402786238495e-01
2.427114881818191738e-01
1.007598502438290300e+00
-3.137246810071251613e+00
5.982134625971697872e-01
1.793593747578072328e+00
4.337664798480898032e-01
4.362593999220159557e-01
6.387430511076409856e-02
-5.592320779276338527e-01
-8.899170900453751143e-03
5.349006075030353635e-01
1.204370293075635256e+00
-1.799264793611294877e-01
1.335797749705278870e+00
-1.058849505882326181e+00
-1.136779526536794815e+00
8.805935004341201855e-02
-1.324018296970188580e-01
-1.232341908726824586e+00
1.353760642555635441e+00
-1.942459603488563002e-01
7.484233866352441034e-01
