1.802944397560452217e+00
-1.103174346204077061e+00
-1.363836987451519933e-01
-7.908660015464291648e-02
8.026798895757121244e-01
7.136548165750280504e-01
2.541148518622015073e-01
1.958493314693691700e-01
6.502361128694948977e-01
2.555088778018221179e-02
-5.055272324201918188e-01
4.681824183087022195e-01
5.357818943725846106e-01
-1.823245712695809040e-02
-9.787473598222848903e-01
-2.388103792435500028e-01
-9.576003985296106802e-02
-3.834976905081128318e-01
-1.678201483369299862e-01
4.677593772994906862e-01
-3.540233987365154489e-01
1.031502331217693108e-01
-3.310397590607425111e-02
-6.663628381882938934e-01
2.372168297091292288e+00
7.075389449729784230e-01
-2.768083827634199023e-01
-3.585114465584563481e-01
-5.466396278394279884e-01
8.161833356303027642e-02
-7.264437128310314851e-01
1.028859407946372817e-01
1.120548808512072725e+00
-1.116213065582830843e+00
7.505734647551856042e-01
3.918909857161106958e-01
-1.886956864377270504e-01
1.959830141515621627e-01
-1.277043090427673333e-01
-4.474747992973285848e-01
-1.287630572553175035e-01
-3.888099817281019388e-01
-2.885747173208353944e-01
-4.021506723894811841e-02
-1.020338872352651638e+00
7.019432052650991238e-01
-8.872659101759791667e-02
-5.249016556331980166e-01
-7.288376012528756664e-01
-1.974665260506916376e+00
6.573836262585711077e-02
-4.724123618365960731e-01
-2.361098205830494678e-01
1.418640165527791597e+00
2.013762456806189149e+00
2.485368357539025352e-01
-4.411695847667857495e-01
5.897262278076003117e-01
-8.129457712394841384e-02
2.661914105786004070e-01
-3.252496222878684673e-01
-9.184586842092814507e-01
2.098104390617890891e-01
-9.724989396335563807e-01
-2.737695639853973684e-01
1.962224306266552309e-02
5.551649833369145526e-01
5.281624623991685308e-01
-3.306328252754305308e-01
1.230073542237410500e+00
6.654771372590719825e-01
-6.313066432964480335e-01
4.152907492225579311e-01
-1.481357250895430688e+00
-1.369313273779252604e+00
-4.226157589423586436e-01
-2.919273728757632025e-01
5.795270522666031709e-01
1.509558773639502194e-01
1.700317050483071135e-01
2.226976328801777705e-01
1.939169706299824547e+00
2.405616221373800379e+00
3.484577419202918858e-01
-8.226888482952996462e-01
1.108100375098319379e+00
-4.630945539749171669e-01
-4.863633751623661072e-02
2.976201801226583399e-01
-4.513958215449463962e-01
-1.031538058646672695e+00
8.826288492528948648e-01
4.418977446531319186e-01
1.616025133384914492e+00
-1.856249358444240771e-01
-1.930847231220814142e-01
-1.432291216563652325e+00
3.328585286143748156e-01
9.149362532034726048e-01
-1.763735468923503524e-01
2.955602827726604875e+00
9.355336136143367620e-02
9.991659367826302152e-01
4.340163038208856294e-01
-3.350001782540456663e+00
6.451438095964803221e-01
-2.554546626134709397e-01
-2.246067735975260660e-01
-2.626283162923479519e-01
8.110461534787022364e-01
3.220113477657922108e-01
6.798003395217582234e-01
-1.125571040360447306e+00
-1.705908919722560757e-01
6.065387039940497438e-01
-9.932818633297083033e-02
-6.982689360779084087e-01
9.967268171668310917e-01
5.426230649330912037e-01
-3.799952703717679459e-01
-6.826434873170211803e-02
-9.226778504582902052e-01
-5.086643780283770511e-01
3.453471188619632315e-01
-1.546121969617681557e+00
-7.328426506686156472e-01
3.428269340400855736e-01
-3.954186550460144778e-01
-1.307107953027060177e+00
8.152078909103956939e-01
-1.567134961812593597e+00
-4.290227094472255920e-01
-4.073688003949439418e-01
3.731426087871581032e-03
-1.367753072824058613e-01
-1.160770227772569413e-01
4.437286153757737384e-01
-5.410465608871868337e-01
1.982381210440461172e-01
-2.689749728233279402e-01
-1.122306909127900876e-01
-7.435217891783642008e-01
2.896647145984388994e-01
5.122424825058462527e-01
-1.196499176467626935e+00
-2.026980496392301323e-02
-1.933872853268207570e-01
-2.937497545155261930e-03
1.309219389296756297e+00
2.356180894922633162e-01
-1.362677232612136802e+00
5.347873568065654171e-01
1.321850886589064356e-01
7.002244423985810595e-01
-1.491295025930033380e-01
-1.210606741507262024e-02
-2.347848740966433367e-01
-9.294794812248261540e-01
-5.614514706584026182e-01
6.243518855051384264e-01
1.563825377824371365e+00
-1.457907583961340681e+00
-1.540206242507337731e+00
1.786569996310867214e+00
1.007290975829130186e+00
1.991354547523597418e+00
7.884637430377999801e-01
-1.517348062802101882e+00
-9.683912487762603716e-01
-6.953349720759397501e-01
-1.836802174985875391e-01
2.996793246881677142e-01
-5.258011312704236051e-01
3.167432201858499941e-01
5.664163835608115871e-01
-4.950740112432100437e-03
-5.315312309675169350e-02
4.093232728320844727e-01
3.407851968850255653e-01
4.652919158642976338e-01
-4.332926630528735612e-02
-1.839709739560937973e-01
9.690457014176050432e-01
3.604731257281924561e-01
-4.916356345501776692e-01
-5.192001255850338115e-01
1.316690715738707329e+00
-5.379810390619110816e-01
7.308239674827635146e-02
1.435512019857831056e+00
2.741154373258272159e-01
-3.920286763677720554e-01
-3.695153544487257413e-01
1.039580872189878491e+00
2.676009485922114378e-02
4.626902592280131288e-02
8.989326888555650985e-01
1.318940596797764986e+00
2.003574376763880283e-01
1.170925075331182841e-01
2.112096766991315155e-01
-2.685675773929737178e-02
-2.256169572820723168e-01
1.659334733357871738e-01
-1.396325119610221765e+00
1.347027343343452754e+00
-6.940125318609504657e-01
8.939419736764372404e-01
7.813986626890758735e-01
-4.941399720285151176e-01
-7.855606506414696266e-01
4.931749045587807689e-01
5.868181747003105020e-01
8.321532839713960961e-01
7.647067682730004368e-01
-6.420398166222093805e-02
2.095435094026309564e+00
3.462130858302079894e-01
-5.912096812173477378e-01
2.151300599238242794e-01
4.153343490763776735e-01
-4.094351113583581947e-01
1.156905200536555878e+00
3.074673931893086021e-01
-3.789669365919963173e-01
4.926897100909917449e-02
-1.334278034745917108e+00
4.312558863414956978e-01
3.824097467134057737e-01
-1.803757761237592683e-01
-7.990183655080728142e-01
-3.490444509914956139e-01
5.118347211436025113e-01
3.958881856664382970e-01
1.527589502425470425e-01
-2.544799337568012798e-01
-3.723467525772269360e-01
5.865678664297100386e-01
-2.488706130384331638e-01
1.962328555288801679e+00
9.425058204406666640e-01
-3.007057910955623914e-04
1.364882022117571481e+00
9.490447800482211260e-01
8.353584448254975925e-01
1.547360781332793311e-01
-6.822676577533448583e-02
3.558690572952807329e-01
-3.836753558972677558e-01
6.265054066064625893e-01
-2.587311382117820843e-02
-6.287501445378587128e-01
1.158802316160171930e+00
-2.727917956090091245e-01
6.621012803232071420e-01
3.275145909131478295e-01
-1.200834299245591374e+00
8.157202614885299408e-01
7.022923079020135795e-01
1.301263215224258030e+00
-1.806271539319532216e-01
-8.125868281981254992e-02
-2.008238417130684406e-01
3.522215524237080064e-01
-4.743004368020074524e-01
