-1.511172882737081835e-01
1.062249347072077299e-01
8.511206159909179281e-01
-2.306764513479953038e-01
0.000000000000000000e+00
-9.864199771633883618e-01
-2.732781608147278885e-01
-8.593863171038984561e-02
6.266494791094816552e-01
-4.783802016185958461e-01
-9.868790767925803564e-01
-9.619005315712780835e-02
7.077515129444154063e-01
7.178807414136734177e-01
-4.104894745163512049e-02
8.325099683687076091e-01
0.000000000000000000e+00
-3.276087614470353238e-01
-9.205172082851320603e-01
2.883760993783690552e-02
9.762978452537878216e-01
-4.464474812755714339e-02
8.828209701517719665e-02
5.477081335920257477e-01
9.188779348123885526e-01
5.238638633430063862e-01
0.000000000000000000e+00
0.000000000000000000e+00
2.112004049042792708e-01
-7.987946412285196196e-01
6.229503091335726328e-01
8.152316704644617662e-01
-9.384631366670654895e-01
-7.398181924018631950e-01
-5.813573879816646972e-02
2.382250231973939147e-01
-9.152963980650778986e-01
2.326924968092090040e-01
0.000000000000000000e+00
-9.974542892754294510e-01
-8.933205650102313822e-01
-7.908281146639353221e-01
6.059036536122117678e-01
8.961469419248415669e-01
-5.361582715800570220e-01
0.000000000000000000e+00
8.895308321844335175e-01
0.000000000000000000e+00
5.537879359196766771e-01
6.792834985514391022e-01
5.201117294024970583e-02
9.660923727669841199e-01
0.000000000000000000e+00
3.381877619917466049e-01
-5.199141328435097353e-01
7.207399659547091275e-01
1.842485724806524061e-01
6.181331261483651307e-01
-6.953808446007918587e-01
-4.129637476657890272e-01
3.279744508997772812e-02
3.642712885721441918e-01
8.646360186131789582e-01
-5.487780387543499394e-01
8.316184642676414107e-01
-2.238893731863076386e-01
5.400568546946225013e-01
-2.188811478449617098e-01
5.671668456105838363e-01
0.000000000000000000e+00
1.036169961053097222e-01
-3.596858084685912171e-01
0.000000000000000000e+00
3.355346281298543509e-02
3.907891688115985307e-01
-8.041265401725667950e-01
0.000000000000000000e+00
-3.319223738722301142e-01
3.095202434120452040e-01
8.147021138284744612e-01
0.000000000000000000e+00
-1.353157419965329566e-01
-4.089523873867555448e-01
-9.812827095063445526e-01
0.000000000000000000e+00
-5.082990147498498423e-01
0.000000000000000000e+00
3.287325954637183578e-01
3.063518316180147139e-01
0.000000000000000000e+00
7.293938463816731499e-01
9.524333703965428555e-01
-2.709039614897346127e-01
-7.140310120590320775e-01
6.296075208527314171e-01
4.944365675902415713e-01
-4.277373606583660948e-01
1.584053839635315430e-01
-9.390397295277503886e-01
4.545793246555489553e-01
5.687225709148198138e-01
-1.170654144210363512e-01
8.628233715119082436e-01
-1.315881936671425834e-03
-1.302326605929644554e-01
-2.607708605401994895e-01
-3.181805916256921218e-01
-6.738781711605734692e-01
-4.558443315117621797e-01
-9.335788525969812568e-02
-3.464370791337298972e-01
-7.536842776126759791e-01
-9.170079539669884205e-02
6.526987720216030908e-01
-3.723098230389183527e-01
6.789978642492089378e-01
4.292317037920985179e-01
6.875861145581705358e-01
7.358242384049198392e-01
-1.577605063764297988e-02
-4.992147048041482016e-01
6.925401014635932384e-01
3.773250605557276760e-01
3.984448103679971709e-01
7.918891983527771572e-01
0.000000000000000000e+00
5.839759479694479616e-01
-3.976712255566416943e-01
4.529800120538651775e-01
0.000000000000000000e+00
0.000000000000000000e+00
1.043342127129058827e-01
5.732521945683906051e-01
-1.243291128822821001e-01
4.738581782325328451e-01
5.475939693372304795e-01
6.194935110315622495e-01
-9.492960165574155784e-01
-9.095031362300516342e-01
5.944978377817633497e-01
2.357851175288157020e-01
3.466931048755554912e-01
0.000000000000000000e+00
-6.085215304779352241e-01
5.984834250085186991e-01
0.000000000000000000e+00
-1.204594049777751863e-02
8.364136961653561020e-01
-4.671367416509912829e-01
1.131554276430226658e-01
8.652013549765857903e-02
-4.581174934137661747e-01
4.199717607211919113e-01
-6.294271582349304506e-01
-8.020679425843060262e-01
-5.227614231996500216e-01
-2.471623695282463284e-01
2.978212949394603015e-01
0.000000000000000000e+00
0.000000000000000000e+00
-2.903849469909347558e-01
-8.156344872177458960e-01
-4.478546397657701128e-01
6.887128808019844506e-01
0.000000000000000000e+00
-3.453349607703199986e-01
-1.004525928176109861e-01
6.581035027278263616e-01
4.486651539903210306e-01
-3.432823072113067031e-01
8.228167815375431182e-02
1.651824282001304045e-01
5.755102591228302700e-01
-5.967998485022567579e-01
0.000000000000000000e+00
6.750028352498029793e-01
-4.579609171215708319e-01
-5.088546938722240398e-01
-8.370438601472260931e-01
5.725263581076394104e-01
6.542384360358561857e-01
0.000000000000000000e+00
6.969322452743300644e-01
-5.985834244066481347e-01
7.216035474381135018e-01
-5.992750735235408133e-01
-9.325089126143488727e-01
0.000000000000000000e+00
2.453451816903839955e-01
2.353465521068502930e-01
2.480112827870821768e-01
-1.649564289457119415e-01
-9.402854249106549211e-01
4.571031190648688902e-01
0.000000000000000000e+00
-6.201754095820839474e-01
-1.803644893294036322e-01
-2.786141847028689167e-01
0.000000000000000000e+00
-1.358616488602473193e-01
-1.969396608756124323e-02
0.000000000000000000e+00
7.052653819557781478e-01
0.000000000000000000e+00
-5.517500549786968911e-02
9.845983640394491143e-01
2.692218453704704473e-01
-4.699851912846828572e-01
-8.578842411121021527e-01
0.000000000000000000e+00
-4.248934551524869985e-01
9.104747514027122790e-02
-5.318091275485579139e-01
2.786127471874357830e-01
9.585924953102153978e-01
0.000000000000000000e+00
-4.101920418692233117e-01
0.000000000000000000e+00
-8.470896637715665811e-01
-7.794489457622941764e-01
8.465196012911635481e-01
-5.851016279723006974e-01
0.000000000000000000e+00
0.000000000000000000e+00
3.542619596777478730e-01
-4.351413164967099512e-02
8.086896032506369902e-01
0.000000000000000000e+00
0.000000000000000000e+00
-5.751397763416128406e-01
-7.702428451734602000e-01
1.837361958175436349e-01
0.000000000000000000e+00
-5.451627456682484052e-03
-2.058905672640840567e-01
-4.331549159574581420e-01
7.221675405960110705e-01
3.482684694202897724e-01
-9.991659462492608057e-02
0.000000000000000000e+00
4.117932272280777628e-01
5.749143003032255450e-01
-5.295942950220275947e-01
8.267535361353082202e-01
-6.691903123738403014e-01
-1.714293431969120540e-01
-9.988317323735536046e-01
0.000000000000000000e+00
-1.194030285098515165e-01
4.804927934656713084e-01
-6.463248315419904966e-01
-8.662856538010459406e-01
-4.792583258238281019e-02
2.290095981291493388e-01
9.726561564576781116e-01
5.578565622932252221e-01
-1.920293120664848807e-01
-2.704163129076095906e-01
-4.355054141460223960e-02
-6.932649239629384841e-01
0.000000000000000000e+00
1.953523695015322303e-01
7.223902956675820608e-01
8.543543834739302234e-01
1.409033693218917360e-01
