-9.358702462112304943e-01
0.000000000000000000e+00
-6.787163536347466941e-01
9.518995428762000444e-03
0.000000000000000000e+00
-1.403811257921068201e-01
-7.219996599559681538e-01
-8.932602881128537398e-02
-3.211516402471141785e-01
-1.666070101604528730e-01
-5.414550672415818777e-01
0.000000000000000000e+00
-1.388510666427515972e-01
-2.465033915042773582e-01
-8.373295082078668905e-01
-5.405892173743966911e-01
-2.925829637723067478e-01
-1.924700551744253918e-01
-6.880839594088783429e-01
-4.145296818771408986e-01
8.985772307708985718e-01
0.000000000000000000e+00
0.000000000000000000e+00
6.670910112804862013e-01
0.000000000000000000e+00
-2.430324923342361831e-01
7.005110887448353640e-01
9.969051441735894414e-01
-8.032089264685282615e-02
6.885184757288520530e-02
-1.773307621417548052e-01
0.000000000000000000e+00
-7.288911458721407666e-01
-4.544886993101682204e-01
5.264047696537172971e-01
-3.026399594305426710e-01
4.855500717331273641e-01
4.050759653818236661e-01
7.387983855003446010e-01
1.237436154476745376e-01
-6.880112383197096726e-01
-4.105581262946915722e-01
-2.738287429371502046e-01
-5.652347863050009025e-01
-3.104216530543062458e-01
-7.131582395096283111e-01
0.000000000000000000e+00
-7.618241998316952479e-01
4.033504325598991080e-02
-6.343494818530484025e-01
0.000000000000000000e+00
-6.015948618935391679e-01
0.000000000000000000e+00
0.000000000000000000e+00
-4.601750396300627877e-01
2.973855199517871917e-01
-6.321935488971952566e-02
-2.954833831348675499e-01
0.000000000000000000e+00
-1.069755866641464159e-02
3.781784214872043748e-01
6.523275452903620764e-01
-1.121871115420658427e-01
-8.914496220746070954e-01
4.050868900743758161e-01
-2.561716081730753825e-01
0.000000000000000000e+00
-7.628810387144118188e-01
0.000000000000000000e+00
-4.189218716681797350e-01
6.498685592727557747e-01
-9.765893335137814102e-01
3.441079051294317903e-01
7.231065476230547073e-01
-6.614742337860362031e-01
8.427443663266014351e-01
-6.145108891606914092e-01
-7.392647815013457802e-01
-8.859819619780613387e-01
-4.108304723936606617e-01
9.396243049174211048e-01
-5.495688216872385290e-02
2.403015713750311644e-01
0.000000000000000000e+00
7.669910254182554787e-01
-9.625906922812488276e-02
-9.612971359503192925e-01
4.597200224664448331e-01
8.868055429143140156e-01
7.999053861109073349e-01
1.017604315743552146e-01
-3.313990858281301577e-01
-1.582964716059660493e-01
6.753455851882486094e-01
-5.241000041313510494e-01
4.025083956285362419e-01
3.433302724036688680e-01
-8.318502477591054323e-01
6.808616073294047055e-01
-3.447627360049632106e-01
-3.977869578589079413e-01
0.000000000000000000e+00
6.506075348640703027e-01
-5.675259332421418446e-01
0.000000000000000000e+00
0.000000000000000000e+00
0.000000000000000000e+00
-2.730205924488973146e-01
7.874446204219673895e-01
-1.085640998425585479e-02
-1.434209233479719625e-01
6.019902185552852281e-01
7.237872988128286611e-01
3.561877729633780021e-01
9.847008764918196988e-01
-7.337576316418761291e-01
-1.531917282781327661e-01
-4.624909285529676950e-01
3.282952562056458135e-01
-8.172007879208271763e-01
4.231055787962048065e-01
-3.786874985816435224e-01
1.028996193503615153e-01
-3.330748259090399177e-01
6.274790669548329092e-01
9.918051596026391525e-01
-8.795450738363495002e-01
-2.368019392706022241e-01
6.469212358662455031e-01
-5.860379880398145502e-01
-8.318122850491094233e-01
4.631531131969746085e-01
3.546755164321444553e-01
4.627571540540513784e-01
-2.030603252209703946e-01
-6.075290916643847350e-01
1.899902179818337977e-01
-2.577407184651248073e-01
-5.868121930803607000e-01
-2.619175407062821481e-01
6.715492024645695057e-01
9.617435871459953933e-01
-3.144860301120848689e-01
7.086613191496173858e-01
1.468007713665964165e-01
5.611626908731754959e-01
9.000769067899661025e-02
-7.657404254374038377e-01
1.427563890442986594e-01
-3.418617049127183893e-01
6.594497779562500384e-01
5.798351475227228047e-01
2.867025112822076949e-01
-6.921892144361923016e-01
1.447801521689802140e-01
-5.496893066210677414e-01
3.608386812392132548e-01
-6.754954424476802277e-01
2.153399179030690558e-01
-2.842572993127490122e-01
-6.880439807394282958e-01
-1.917492621979348666e-01
-7.791064650878520847e-01
7.716442161262593302e-01
9.078393618856095415e-03
5.046134832587172436e-01
3.855323178622835911e-01
9.030907806207273403e-01
7.088713102268811017e-01
-3.694957819978978986e-01
-1.790649293672594844e-01
9.379885357858701589e-01
-5.298702557670529334e-01
-8.372722652168902435e-01
1.896983219302836865e-01
-7.485180366490971071e-01
-6.537761697828945451e-01
-2.178797456558965173e-01
-3.672998146996964142e-01
4.557195536515790124e-02
-5.328894103992136699e-01
-9.151418626167626691e-01
8.436836407029968399e-02
-7.010593008995886777e-01
-2.692977615087204235e-01
8.663142550207874049e-01
6.035685928265022149e-01
8.838279326050280105e-01
9.526482610743640667e-01
4.793233797321245770e-01
-6.558222919267231443e-01
2.498518585598290542e-01
9.147750553154936348e-01
-6.034000312731906401e-01
3.152843145372681288e-01
-7.915838684589082686e-01
-8.578726415317077247e-01
2.921144576140699556e-01
-2.935485828263317831e-01
8.651570280309028860e-01
-8.325660099389087243e-01
8.670486910005181791e-01
7.171798034271534839e-01
-1.662182278662989177e-01
-4.969829766389073367e-01
8.800179912310206465e-01
5.589482027671304198e-01
9.058627069171247825e-01
-7.754067865442175744e-01
-7.978127284548326426e-01
8.864641863606179673e-01
5.523135761165021140e-01
5.449848083756880790e-01
5.097211131275534157e-01
7.039479974753095615e-01
1.110286777007949421e-01
6.277850270137894650e-01
-2.540043611253262057e-02
4.989044007166107964e-01
7.615341413102465484e-01
-1.064085717024485511e-01
-2.985398350104824239e-01
8.499753040082507205e-01
7.811669366949474114e-01
-8.419771196576220085e-01
-5.698319932049860093e-01
3.272486707224218083e-01
8.224765695381905939e-01
1.486431658666791389e-01
-5.789698091143979930e-01
-1.682411364393154862e-01
9.760761110336435564e-01
-3.639522149483718216e-01
3.044364719850023437e-01
-6.321139658086050162e-02
-6.635529283454688620e-01
1.210027285466999114e-01
-8.230559867578410849e-01
-6.385842800415320042e-01
-1.931277898035979046e-01
-9.723245867839418466e-01
9.534818027801599261e-01
-9.775033075670025440e-01
6.940726007621922378e-01
8.972391001977484404e-01
-2.594646766926449466e-01
6.506569682766034646e-01
7.689811979662533048e-01
9.640046700207411945e-01
1.992836011924747908e-01
-1.108779548228373546e-01
8.813491355810916250e-01
2.660573800651337972e-01
5.062394904305063115e-01
-6.665205965183138570e-01
-2.163344220785250460e-01
-6.361861875451988446e-01
4.440297099483903054e-01
-7.349297905593858982e-01
5.110855162251282113e-01
-3.953627831216888211e-01
5.249288991183842512e-01
-1.629376022937385482e-01
-6.405152444987944893e-01
1.463630259046206916e-01
