-2.067935916252567896e-01
0.000000000000000000e+00
2.905076810447615454e-01
-8.926303812470137711e-01
-9.212223262906469312e-01
-6.027381135490730291e-01
0.000000000000000000e+00
9.737492770495463912e-01
-9.637948470659638556e-01
-2.496622754910426956e-02
0.000000000000000000e+00
-1.450568412978991972e-02
5.638960529835719271e-01
4.734898193534304855e-01
8.802531157221356040e-01
2.893382004502775828e-01
-5.399904357755977991e-01
-8.136703861096878931e-01
2.986275807820140127e-01
2.327637557424644399e-02
9.771033296166975468e-02
0.000000000000000000e+00
-4.262095521780167040e-01
-3.594671340570010365e-02
0.000000000000000000e+00
-4.108081320846688200e-01
4.721188634798338946e-01
8.656537772638022155e-01
0.000000000000000000e+00
-8.577485173522252371e-01
4.119404588784170151e-01
-2.255971140714989609e-01
-6.842074017740729097e-01
6.688104447485090365e-01
0.000000000000000000e+00
5.396344369340577707e-01
0.000000000000000000e+00
-1.013785105250970542e-01
6.735440964406496089e-01
8.779693397414021216e-01
8.770069516288570011e-01
2.542817896749776096e-01
6.155656038106187555e-01
-1.716617278114052070e-01
-5.723614305623063725e-01
-4.208475711015540188e-01
5.973179913238915173e-01
-6.296774391964061746e-01
8.756209408799495719e-01
-2.726931223830020290e-01
0.000000000000000000e+00
2.687465915474276379e-01
-7.782939365501111428e-01
-6.394279038793464487e-01
0.000000000000000000e+00
-5.705807839197687414e-01
9.009515249846637985e-01
0.000000000000000000e+00
3.371504107984861776e-01
7.723237421510018574e-01
-8.498093393200947254e-01
2.451719094785778097e-01
-8.343912831456836710e-01
4.248876259581995107e-01
4.643589507660406124e-01
0.000000000000000000e+00
0.000000000000000000e+00
-5.291118034317117136e-01
-8.029443058919187859e-01
-2.951390307991521578e-01
7.680015094862968628e-01
-7.834842974405507032e-01
-8.783666727592400747e-01
8.053693667942638523e-01
-7.660768509281059568e-01
-3.553999963069665036e-02
7.635987515467748121e-01
5.629446408763996157e-01
6.891832744517931708e-01
0.000000000000000000e+00
-9.685080475245742004e-01
7.528423486030111356e-01
3.768387967408179939e-01
6.477010809333920704e-01
-4.524656309087571326e-01
0.000000000000000000e+00
5.977831685008199170e-01
3.641185951104475294e-02
-5.890037343182064067e-01
-8.609689694877238342e-01
0.000000000000000000e+00
5.168120609017194944e-01
-9.833839283268952514e-02
-7.359231231316758493e-01
-4.553022818472494126e-01
0.000000000000000000e+00
0.000000000000000000e+00
8.570727023283875035e-02
-1.518161480601742941e-01
-2.501599978377844202e-02
-9.195938064646149712e-01
-4.453707821350398888e-01
9.863325467565384752e-01
2.714430200879758281e-01
0.000000000000000000e+00
-4.643139955939947772e-01
1.665321309555856111e-01
2.132075878393595580e-01
0.000000000000000000e+00
-5.859051402548729470e-01
-3.071569655241352947e-01
0.000000000000000000e+00
0.000000000000000000e+00
-4.392540305356893438e-01
4.845902609105190439e-01
-9.040795656729805341e-01
0.000000000000000000e+00
-5.790316793507666038e-01
6.127083904518539903e-01
3.772550256600697427e-01
-2.631459959221311706e-01
-3.719415120979541189e-01
3.522004792205213342e-01
0.000000000000000000e+00
2.994338397687621445e-01
4.607483122103910311e-01
6.439638985660511850e-01
6.944541714225558326e-01
6.274855697187491366e-01
-9.478038372238632991e-01
-1.236922074238937519e-01
-2.236804528354594535e-01
1.474358281984278207e-01
-3.624738306952635103e-01
-6.426404254193274213e-02
0.000000000000000000e+00
-1.390755557174021551e-01
0.000000000000000000e+00
2.566743718095085836e-01
5.651871599816580272e-01
-8.322992470436605394e-01
-5.945536463737810529e-01
2.550839149992154553e-01
3.030037604133868356e-01
6.666931638331452525e-02
6.211224892448876655e-01
9.084673194481966974e-01
1.254150158470976884e-01
-3.530445715127725759e-01
-5.051481749177781921e-01
-2.654207685271270378e-02
5.192230409965461480e-01
3.584173249364763780e-01
-3.482484283305897765e-01
-6.518146194903553514e-01
2.902104976056787411e-01
3.096547013257777703e-01
-2.017941000122052131e-01
-4.406854102526449601e-01
4.129249140025377240e-01
-6.706157727806183466e-02
2.834684982194128899e-01
4.108396141174619487e-02
5.565889296432484645e-01
1.425143118650189500e-01
-8.089546633512851859e-01
-8.870554737816052082e-01
6.185500985403840080e-01
8.293604464315609270e-01
5.996517097267719532e-01
2.498673525364454306e-01
-3.505107972459127197e-01
-6.757513108533090840e-01
-1.376890256903753329e-01
-8.319554331218554921e-01
-1.881185416348412076e-01
-3.936971513551432711e-01
-8.394316371700849544e-02
7.125295814812713235e-01
4.805493553252280226e-01
-5.548284838415178388e-01
-9.233818051738413857e-01
1.846291571722569191e-01
-6.288795783729850264e-01
-9.384630484971170361e-01
-6.971169617091232951e-01
-3.263590412783063943e-01
-9.095548822018317825e-01
-3.917212595307517642e-01
-7.314922377720893820e-01
-3.080640558954406139e-01
-3.134921771579806116e-01
2.456569574326536998e-01
-9.687620979936852894e-01
-5.788660800737057688e-01
2.657736241497430374e-01
-6.389404488337724342e-01
-5.446181955249742579e-01
0.000000000000000000e+00
-1.146311408356992523e-01
4.523161569442077923e-01
1.011208147743969388e-01
4.702360508299587849e-01
0.000000000000000000e+00
5.465975519509385094e-01
5.527675555912883176e-01
0.000000000000000000e+00
5.631572462779481647e-01
0.000000000000000000e+00
6.423450142118038997e-01
0.000000000000000000e+00
-3.971455851302627682e-01
-2.268716556958758623e-01
7.831684686513358251e-01
4.998230517131467820e-01
0.000000000000000000e+00
-8.335388119638040827e-01
0.000000000000000000e+00
0.000000000000000000e+00
7.285358017968424083e-01
0.000000000000000000e+00
2.552975296541142303e-01
-9.125814417465711870e-01
8.750872715090096676e-02
3.450791209936543424e-01
-7.645119548118799457e-01
0.000000000000000000e+00
-2.548183569680375626e-01
1.102336528748826261e-02
5.099966237369275568e-01
4.058612151896927589e-01
-7.126286036026774351e-01
4.324806719664167076e-01
5.796532071993818480e-01
3.167172306511698565e-01
0.000000000000000000e+00
-4.830293885795811093e-01
0.000000000000000000e+00
-3.016943953137822820e-01
0.000000000000000000e+00
-5.623675788373383444e-01
6.766581678302405756e-01
-2.464142095175609892e-01
0.000000000000000000e+00
-7.689830959094148266e-01
0.000000000000000000e+00
3.138141459123446886e-01
7.704265894376531865e-01
6.366683903389733779e-01
5.626604941201760468e-01
0.000000000000000000e+00
-1.520002124996475690e-01
-1.253737303727073815e-01
-4.456590238810647087e-01
8.934632746552173543e-01
-2.265035595696194282e-01
9.335558890424962009e-01
0.000000000000000000e+00
2.870848154334719737e-01
3.307114983382555273e-01
3.117177039697818230e-01
0.000000000000000000e+00
-5.659507441417415130e-01
5.409308860603521119e-01
-8.733090412731510099e-01
