1.058948497782778442e-01
-5.513916572409855998e-01
-3.945741459912799343e-01
-1.111102703087698984e+00
-1.535142432364091092e-01
-8.188294989422801873e-01
-2.725023678878476519e-01
8.540403767047963779e-01
1.349500980919442206e-01
2.178114279350121141e+00
-2.029417905888817458e-02
-1.837282994820330362e-01
-5.833396197622291862e-02
-2.869144469931014796e-01
4.332793919458366450e-01
-6.953252754815302250e-01
4.890178823171557054e-01
-1.145799381189997357e+00
-3.948852821172188499e-01
-2.133675205639705474e+00
-3.246567894056633097e-02
1.430262380779441511e-01
1.052563705547348016e+00
7.557333629053931690e-01
-4.748758245941195888e-01
-5.916644239929140514e-02
-3.788471157009317136e-01
4.849939973960737394e-01
2.555720112130657196e-01
2.157500872433921302e+00
7.033255273981533495e-01
6.530134800742044554e-01
-4.082955194303087287e-01
-2.066364988854531293e-02
-1.373051727652168097e-01
-2.121368366462066946e-01
-3.956183866179232567e-01
-1.971525766760075793e-01
-8.690170613007045519e-01
-4.550264130841163990e-01
2.609603317156116153e-01
-5.487326024294212345e-01
7.361031375495191709e-01
-9.746930163919663714e-01
4.224396418121174612e-01
5.688764155515251275e-01
9.566844049668965511e-01
1.548651987217442683e+00
2.456270752433378779e-01
-1.482825573269870301e-01
-2.037579646760687424e-01
6.781210648620343839e-01
-4.711202384743125027e-01
-4.136351849721986440e-01
8.969194731779792651e-01
-5.093380232601384394e-01
-7.364602517270358861e-01
3.228133876514496237e-01
8.565810308664294492e-01
-2.670515837225553250e-03
-1.848009983037953233e-02
-9.814308776143105817e-01
2.470994467043021725e-01
-2.775472983363524992e-01
1.395682772901549185e-01
2.239555219962505728e-01
-1.315797809341923363e+00
-8.844579140404880413e-02
3.788189521996725984e-01
-1.416013257572545037e+00
-5.364309702574865391e-01
-1.430776885668400666e+00
1.248109586171962881e+00
1.252447693240174909e+00
6.084186791469174960e-01
-5.569255579986034932e-02
-3.931854587045643390e-01
-5.288828680011599115e-01
9.775228058978414625e-01
-2.628870661773605177e-01
8.068787482224801799e-01
-4.032461199459345114e-01
-7.342421310397793111e-01
2.005419480045339542e-01
-4.804438256935186780e-01
3.660181090756056133e-01
-7.828386992048461668e-01
4.521999286423171727e-01
-8.131529423334498130e-01
-5.712530599017763278e-01
1.480927039183748718e-02
-5.559951916558111273e-01
8.196795266017025128e-01
-2.298029176328242051e-01
9.815963564235270500e-01
3.244098271875582307e-01
-2.759725663254995465e-01
-8.101959300977117362e-01
-6.701662199221067873e-01
8.987527946929776412e-01
3.608755084096316734e-01
1.061059555185321912e-01
-2.079948328401402119e-02
6.936873162278328619e-02
-1.893548179213880633e+00
-2.430102714149114940e-01
1.932876627510917711e+00
4.945493758728571748e-02
-1.223819824664805545e+00
2.810716700785425015e-01
1.241076136519673190e+00
4.209241550249411268e-01
-3.008711223103128773e-01
2.859976987769692891e-01
-1.139152578612652733e-01
1.364606983825096931e+00
-2.443374551399993821e-01
1.785556983788575691e-01
-1.890053528681776340e+00
9.698477773472879981e-01
-5.497657464920768788e-01
-5.941818647827721289e-01
-5.916780650472729386e-01
-6.792176260058440107e-01
1.124992237710667364e+00
-8.314685006776495468e-01
-5.363653357069519956e-01
-4.096422295153248072e-01
1.828745256685056386e+00
6.466353827560208378e-01
7.159177557308070705e-01
1.425923230566384259e+00
8.223581682770385592e-01
-3.463601716759098781e-01
-4.678537511250791536e-01
1.145618896467580861e+00
-4.426413540212017494e-01
-5.005042209825606436e-01
1.447395708534142234e+00
1.113806190056680689e+00
-3.957536166976041603e+00
-3.883642790120855892e-02
-5.420045962064655720e-01
7.470026169891607060e-01
1.193133840190646389e+00
3.755377798419322621e-01
-6.445719802888094652e-01
3.186432812745649823e-01
3.886997809389817204e-01
1.264916129167883152e-01
1.771251343667094913e+00
1.143634399966590554e+00
3.755658458138451672e-01
-1.235233072881922967e+00
5.989631734392464324e-01
-4.369353939896354344e-01
-3.704112117632506473e-01
3.012604630083988710e-01
6.184785345415139135e-02
1.304935012810147232e-01
-2.259179620629810648e-01
2.815079506950230459e-01
6.208655026658206344e-01
4.316867559584850467e-01
-1.255247557532531422e-01
9.709774887368542995e-01
-2.195401101401176724e+00
-1.458547826755908439e+00
-6.644820142619740633e-01
1.264543640881113484e+00
-1.027736087138996668e+00
7.360859596011617434e-01
5.168465370633743561e-01
-4.046210131431512425e-01
7.893725294931757119e-01
-6.961100395781687489e-01
5.581718318152114611e-01
5.553971214794884981e-01
-1.835055252561523131e+00
1.977420579124530009e-01
1.017078160427245415e+00
-8.105970955696281677e-02
1.126681769560573754e+00
-3.352379635553378590e-01
5.945007075839969790e-02
4.187136211015609621e-01
-5.473475640930636210e-01
-3.711340773229914736e-01
1.240585522435848631e+00
-8.165050267936737605e-01
-1.322046854763913704e+00
6.510769246520197173e-01
-2.982630957920666681e-01
5.026283133013217941e-03
5.255874887581969412e-01
4.533932723728308356e-01
1.082700924589952846e-01
-1.114246967936607602e+00
7.667497601182241551e-01
-4.870583739300866633e-01
6.632604899663652187e-01
-8.599794307017046002e-02
-2.210638639782543380e-01
-2.168410555129238748e-01
-1.650418832609688913e+00
9.982640874607469350e-02
-3.687647275356354948e-01
-5.536264918040846306e-01
-8.310678164862248529e-01
-6.999722679019843019e-01
1.064910517255196754e-01
2.426911819499769640e-01
2.994530723299355657e-01
8.552722301102648750e-01
1.607269593057315982e+00
-4.144203773729029372e-01
7.567729733263461878e-01
-5.732143150171853385e-02
6.802925044558925105e-01
1.316909974796193428e+00
-1.580403592546831604e+00
-5.634950319628562188e-01
6.523483096820434368e-02
-6.671129000806447218e-01
1.497727517408335152e-01
4.633649987413959170e-01
7.921751960915999202e-01
-1.005343496580423324e+00
5.477559134723080092e-01
1.018160571335462228e+00
3.923444403850606665e-01
-3.637328826505673574e-01
5.795308322841251636e-01
3.270420978190591993e-02
-4.723715262590964525e-01
1.452719786438093630e-01
-9.407107493459219150e-01
2.113417778652277423e+00
2.799881298657806439e-01
-2.179188186381197240e-02
-6.009811433561016436e-01
5.039971420804943703e-02
3.834623588507534708e-01
7.883355782007533952e-01
6.224310276824112087e-01
-4.120939253596733742e-01
-1.201877592156564534e+00
3.263064217038970545e-03
1.171143331425758438e+00
-1.538652625906511640e+00
6.199462650544217135e-02
4.211428462792344285e-01
-1.050781078538407104e-01
4.037794046060733111e-01
6.156993071219611924e-01
-8.194799953229532363e-01
-1.573415690777457243e+00
-1.649499533863605372e-01
1.054230351635955243e+00
1.061806926618334312e+00
-5.927282712959460742e-01
-6.863807075412997616e-02
6.428685386972528004e-01
1.428696940408525490e-02
1.600435222384569978e-01
