-1.866471190195436280e+00
-3.852479192152815646e-01
1.012836661995307752e-01
2.916477298902809823e-01
3.701346575379943493e-01
-5.751980791631703394e-01
-1.237808810664599302e-01
4.981885530699782239e-01
1.700145800930556034e-02
7.070422636993861643e-01
-1.102996295329790710e+00
-5.827607100362628856e+00
3.573682590790474567e-01
2.430374855289797464e-01
-1.514444722924596087e-01
7.371543054660247840e-01
-1.687497670200151845e+00
-3.715990426708541960e-01
-8.245307551807389279e-01
2.770284051865278818e-01
-4.209610053080474756e+00
1.150948698704584716e-01
-5.213117447418248451e-01
-1.156196231775027394e+00
8.894473945212465482e-01
-3.613032499915337370e-01
5.139801289386565220e-01
4.018355429343386381e-02
-4.455700969087348917e-01
-1.496615060866736124e+00
-1.310094462119855585e+00
2.181936537877194882e-01
2.188228435509326442e+00
2.820427155409331865e-01
2.358929394476731556e+00
6.099740521926287629e-02
9.977894755262093490e-03
-1.907941101206680479e-01
7.671915456534182942e-01
1.664627022120912292e+00
-5.041358746440712801e-01
9.289542279707196926e-01
1.339586706398039895e-01
1.795093750587589965e-01
-8.837292130417816471e-01
-2.894660783140791782e+00
1.098108625217008250e+00
-9.191266890917785259e-01
-9.308055512176999224e-01
-1.790095078438519893e+00
-1.466811228466019301e+00
2.313544328280256579e+00
3.281602699239771770e-01
3.018985428233212365e-01
1.583837768999069029e-01
-3.398541627918867936e-01
-1.588793019810406548e+00
-8.955779800084339159e-01
1.060673325819862844e+00
2.095910629939873981e+00
-2.877795913490294177e-01
-1.161082263769330103e+00
3.967572540522530389e-01
2.064735741594164953e+00
-1.160093702633009372e-01
-1.099669311721726273e-01
3.969766466808677952e-01
-1.192501191340231692e+00
5.080623275460540711e-01
-1.954484930277092802e-01
-1.653471908593660278e-01
-3.484598686723905825e+00
2.315701465409892301e-01
2.634680763264464431e+00
-1.108212403779731181e+00
7.004471231641029583e-02
1.044190457625251200e+00
-2.894191212539753533e+00
6.826176141050253054e-01
1.235199812704052547e-01
-9.016703065302921205e-01
-2.551001463190493146e-01
-1.649723154591488328e+00
8.923352313434869398e-02
2.094161703813521402e+00
-3.765321687853827592e-01
1.393467649638078454e+00
4.224391075229104175e-01
-7.418702364808944516e-01
-3.223051952932816100e+00
5.666071210505126965e-01
5.737660084891891277e-01
8.338509313797317635e-01
-1.805916666733329512e+00
-1.933643204517239145e-01
-2.227334490372369746e+00
-6.130252906737273522e-01
-2.118446994980555109e-01
3.071210368081023656e+00
-3.092024794597320048e-01
-5.216644944108963511e-01
1.335151167621709600e+00
-4.031601299071654321e-01
6.925802504730051989e-01
3.970443739892637325e-03
-1.057369722599909689e+00
-1.412237830398903604e+00
-4.550113423525820044e-01
-1.752978163441290871e+00
-2.917750326033751396e+00
2.065691147264283600e+00
-5.127902909986750135e-01
-4.908714168415707624e-01
-3.376754871028957883e+00
1.881602784606766443e+00
5.617740204994791098e-01
6.891652203446524405e-01
-1.975301577717639923e+00
-5.955543482022218615e-01
1.935411757878633843e+00
2.027824608059303202e-02
-3.592428190939431776e-01
-1.543039084278643447e+00
-3.195402119710008537e-02
4.509758874506657467e-01
4.098056183444801492e-01
-5.046945676416787485e-01
6.077768343592045985e-01
7.050962077779718284e-02
9.583081346016328883e-01
-2.533627152485796730e-01
4.015708235103861434e-01
-1.086994457710269701e+00
-5.608548235669390536e-01
9.317774775332474668e-01
1.169006295847873300e+00
-3.197535222481276973e-01
5.269963038541899403e-01
6.987802547679222709e-01
-2.011522786657551076e-01
-5.013557617233740243e-02
-4.223055396963547592e-01
-3.882903342488709386e-01
2.379071837716981719e+00
7.718704530354359994e-01
-4.049547917508267841e-02
4.461271732670159196e+00
1.142106589971906061e+00
-6.343054982205862391e-01
9.537673610095134258e-01
1.212415507473329629e-01
1.605060050132054883e+00
8.159445696677345428e-01
6.233649121502078394e-01
-6.580796833946993551e-01
1.618915207354594266e+00
3.677554385696143457e-01
-1.110779520900183392e+00
3.369471064430002993e-01
-1.558283218390168257e+00
2.956483032795263477e-01
-3.444842418347997537e-01
4.449003385162715318e-01
7.413559227519022077e-01
-7.385439004461545609e-02
-1.216765832398301939e+00
-1.628627073722111795e+00
-9.047954986759983997e-01
-1.229861402375076462e+00
-8.204362240496505532e-01
-1.224156129745045674e-01
3.479382060745947469e-01
3.178594676299952404e+00
4.042865662207901362e-02
-3.145618555173539388e-01
6.454209770911695232e-01
8.721192611828640917e-01
-1.003977616643741522e+00
1.087586922216841612e-01
1.733787847257962644e-01
-2.845384032304119626e-01
3.340784987757182689e-01
1.271256376706937363e+00
-8.043034276672859917e-02
4.923859858496158481e-01
-3.348926403765231097e-01
-2.372103973973641033e-01
-1.872266131164320724e-01
1.586107197562579563e+00
-1.302647066623918992e-01
7.914255665863015876e-01
-1.921323752646972860e+00
3.356334724773086808e-01
1.235110888578297761e+00
4.922637285845941624e-01
-1.048972471617148683e+00
6.879165288082288165e-02
-9.079561578580965797e-01
1.046633245040052618e+00
1.163556407104518797e+00
5.861074215328352377e-01
8.034662052649739206e-01
-1.257261881768953204e-01
2.095853924031371829e+00
-1.094155036694185013e+00
-4.307353475856445235e-01
-1.622753840451435892e+00
-3.814147477479047921e-01
-5.363672464336111112e-01
-9.390331253380522492e-02
-6.420709742386691010e-01
-6.937749529411019189e-01
9.289565576652762946e-01
4.723325442213768821e-01
4.861448862469222032e-01
2.526169196788824456e-01
-5.443922606734923342e-01
2.302230583717181034e+00
3.848327664152163541e-01
4.949552340560882113e-01
5.981168750240147824e-01
-1.104361666849479562e+00
8.919822218331177055e-01
-1.271567413710158911e+00
2.302825631447841026e+00
-1.625630590504210993e+00
-1.073119304756249281e+00
1.168270515204466120e+00
6.852296029635116525e-01
2.148042861516035629e+00
5.677187426880972998e-01
1.927371950943771228e+00
6.394531004432149057e-01
1.033191522850023025e+00
-1.963415347221672269e-01
-8.679020265209960172e-01
1.020654368791662936e+00
-4.089278650038816743e-01
1.031928953593571480e-02
-6.779522736286875961e-01
-9.601234266155223018e-01
-3.931037215487241721e+00
-6.738841594506903565e-01
9.717558959735483892e-01
-1.424359738371500761e+00
-2.471886543500928513e-02
1.931805244487712292e+00
9.185587382334077233e-01
-1.849647633466093621e+00
2.657162441021505561e-01
-1.822241744279976761e+00
1.531601135582910889e+00
2.470886037191291074e-01
5.720033659628689371e-01
-1.468122460460111078e+00
-5.860579951437946411e-01
-2.843836388754242162e+00
1.172167520680508224e-01
6.024572853159786412e-01
-2.120432503773788668e-01
-5.628425054219512447e-01
-1.045563834308681050e+00
-1.176627048347451021e+00
2.370933428770992113e-01
1.079596517285866142e+00
