4.011104767355981870e-01
5.849001042656504223e-01
4.017458349735527623e-01
7.770625581852650399e-01
5.088782174671946379e-01
1.000000000000000000e+00
5.360460889600324741e-01
9.903330777985948075e-01
1.267571376881783951e-01
-5.034625544556623790e-03
-4.333427024654371573e-01
-8.265876287295880198e-01
-3.592512977821200604e-01
3.004136700229838586e-01
3.939857603543891473e-01
-1.913867651270897627e-02
-8.766862118795515357e-01
8.355799491713065130e-01
3.568615115807868277e-01
3.651416444832839003e-01
-4.811234169368464597e-01
9.849003769010247211e-01
5.490481895483084740e-01
-6.030966347566351082e-01
5.679839662493973984e-01
6.058272605096611807e-01
1.092241191347617241e-01
-1.635501727223708790e-01
-3.956056025190452519e-01
5.899352194999925025e-01
-1.170978589174686557e-01
4.216482273548610715e-01
-1.340930910053259317e-01
-3.886572314617122714e-01
1.902525458932679547e-01
6.727555982151015579e-01
6.189933945016335981e-01
-4.665486531509116519e-01
7.685956448778010763e-01
-1.316479509404930824e-02
8.751695049913035263e-01
-2.953883610891319123e-01
1.000000000000000000e+00
-7.786634523196964697e-01
-6.222586577591318058e-01
8.869042870668079059e-01
1.550702720017579361e-01
-2.999888369532004995e-01
-1.000000000000000000e+00
-7.115185921026110361e-01
5.733290094255106828e-01
-5.478019849371142946e-01
-9.694467161051671944e-01
-1.460807980934240580e-01
9.043490734249144403e-01
1.000000000000000000e+00
4.175109445477470649e-01
-1.372071720289431418e-01
-9.965524814299366874e-01
-4.359203341972142653e-02
2.352351093201011656e-01
-1.825417045610689404e-01
-4.035541753960670830e-01
9.438369700341095458e-02
2.646917043715152906e-01
-1.983188078347368835e-02
4.546649124279845688e-01
-9.380791673673115616e-01
-1.910775028623427629e-01
5.709440528024043449e-01
7.456480872479144262e-01
4.537303212300597410e-01
-3.487521880337540736e-01
2.807683083506121724e-01
-6.719103869919405003e-01
1.962270322398237399e-01
-4.992431147179980655e-02
-3.695551744923848969e-01
-4.469135920129578832e-01
-7.401118077086198399e-01
-9.370639573080579154e-01
-7.380882763953846570e-01
1.118846129762968433e-01
-6.067411064929897346e-01
-9.732608205542208069e-01
-5.211401895472766999e-01
1.000000000000000000e+00
-1.000000000000000000e+00
1.446921547237373651e-01
-8.125818746660092851e-01
1.513419783304315869e-01
-1.316411709161903476e-01
6.708398756434190702e-01
-7.618709055664042440e-01
1.000000000000000000e+00
-4.116983445193417301e-01
3.492862754318405427e-01
4.068481349591761276e-02
-6.156713949940508801e-01
8.310864456250393051e-01
4.066065103505915879e-01
-7.496178955463309590e-01
-7.076792745408841956e-01
-7.099854050981933007e-01
-2.574256186264243240e-01
-9.340147310716882811e-02
8.369904330110670143e-01
1.000000000000000000e+00
3.184238815646412979e-01
3.364383774672375371e-01
3.732817053854106115e-01
4.898014333766740336e-01
1.253637020571309879e-01
-3.705831946962615531e-01
2.675834643726932027e-01
1.000000000000000000e+00
-6.320459725848306398e-01
6.925021722874589170e-01
6.817519725170826383e-01
-8.291385092353068531e-01
-6.812358369555189530e-03
1.000000000000000000e+00
8.536976126575899215e-01
-7.267131574946986694e-01
2.897479280074285457e-01
3.348830544377773832e-01
3.558704749413696966e-01
7.136983457878708359e-01
-8.238049240372643522e-01
-7.500919456072334679e-01
-6.377116953134795985e-01
4.200676306735162124e-01
-1.000000000000000000e+00
-7.945566826780617875e-01
8.429672326046344644e-01
-4.353810026369436814e-01
5.513695393208974949e-01
7.825078459569509981e-01
-1.203139743456762556e-01
-1.000000000000000000e+00
-1.000000000000000000e+00
-5.833124044597883806e-01
7.925851959973473360e-01
-4.873186949368559784e-01
-1.767410372765869098e-01
-7.712936973035560140e-01
9.716377903285622342e-01
3.764487201939463734e-01
-9.158935958151288581e-01
-7.850567063330413098e-03
-8.037496696088172188e-01
-8.073537740859583201e-01
-9.111528769522057036e-01
-1.000000000000000000e+00
1.081664499167732940e-01
6.765261651424558931e-02
3.183578534347467626e-01
-7.685790933173692885e-01
4.080599463957699791e-01
9.280413993577099063e-01
-6.875601987280008931e-01
5.338827652778754818e-01
6.168287364128632877e-01
7.768266935633295622e-01
-6.519551733436557139e-01
9.056372928988849491e-01
1.364527705701389093e-02
6.857883558636801435e-01
3.924656467654243919e-01
-1.999603939077658765e-01
-1.237045284012213697e-01
-9.732566218268548508e-02
1.623083641519862397e-01
-3.255553448366273472e-01
-3.671691979766592007e-01
6.066311381628661931e-02
-7.651211839597449327e-01
2.047571828578845232e-02
-2.105708672944333060e-01
4.187629654564564707e-01
-7.173259282582404861e-01
7.093650748660258465e-01
1.000000000000000000e+00
-2.991259651376774187e-01
9.994480101957745610e-01
-2.681456717961338554e-01
9.978261695352923510e-01
6.718793304396458721e-02
-6.305206566970900095e-01
3.430257131459110709e-01
1.000000000000000000e+00
-5.770314131406037994e-01
2.431364782190778284e-01
3.539575053896772405e-01
1.453399214032232226e-02
-4.972749527878612685e-01
2.694808377339390215e-02
1.554406268152447312e-01
-6.074311514366717013e-01
8.189003398418683854e-01
4.597401696978737906e-01
-1.071097268373157052e-01
-9.317725093641079925e-02
-4.085568394645365808e-01
-2.181367863473635815e-01
-4.200808409232761886e-02
-5.472870675016677788e-01
6.213258943817326907e-01
2.611470788286144318e-01
6.464557314003813726e-01
-8.136311729249888769e-01
-2.323162602225116447e-01
-5.656910645668534743e-01
9.768382738972530843e-01
6.147083731149649566e-01
4.909493774163853352e-01
1.179373071764049929e-01
-6.506108783433017795e-01
3.750309478939614083e-01
1.000000000000000000e+00
-1.000000000000000000e+00
-1.616535730778565286e-02
9.406986680727926764e-01
-1.781673609143633041e-02
3.230649436394823493e-01
-1.373260002897243592e-01
3.228151105654526454e-01
4.307926475793349419e-01
1.608232019598382911e-01
-5.204102650599327085e-01
3.065498839744270065e-01
-5.791499691472089539e-01
-2.953361795860687811e-01
9.975004028208599438e-01
8.490100226833977026e-02
9.945959086451803266e-01
9.136168519905714103e-01
-3.328248527199007545e-01
-4.552047918687469191e-02
8.074196124739803082e-01
-6.886980041797086116e-01
-4.188155042620740343e-01
1.155787176975929947e-01
6.685680255275986417e-01
-7.050099333163357684e-01
-2.358751252685145072e-01
-5.123717066360687911e-01
-1.210523163190263818e-01
-5.124627676140477428e-01
3.121456519738969870e-01
4.247250997441085474e-01
-4.333811629440396107e-01
7.306316039211973035e-01
-7.770907360444314627e-01
-6.744223481639241013e-01
2.017901416336209675e-01
2.225733562605686777e-01
-7.875180970488206145e-02
-1.000000000000000000e+00
-5.977187279388835872e-01
-2.814611170445479593e-01
5.059743859158063461e-01
1.632928632415061310e-01
9.995447726248543052e-01
5.270498829928853546e-01
