4.011415056030493975e-01
5.854151112664687240e-01
3.769952683397195248e-01
7.771024388261065230e-01
5.088792924047880195e-01
1.000000000000000000e+00
5.178210370841012100e-01
9.902947801775621173e-01
1.331175478756879138e-01
-5.080857908557001590e-03
-4.331569242915291329e-01
-8.265968131517953399e-01
-3.592556158001941058e-01
2.775990657262830119e-01
3.929606041720005161e-01
-1.793011288639186906e-01
-8.792228577024818748e-01
1.000000000000000000e+00
2.764296815347514480e-01
3.637486712576771808e-01
-4.398601306566390923e-01
1.000000000000000000e+00
5.437509450004274214e-01
-6.032844292405635800e-01
5.685902780447291693e-01
6.054844413963683669e-01
1.090891628301429994e-01
-1.562825094376247004e-01
-3.956211869728469832e-01
5.898740677056584225e-01
-1.160539575685985703e-01
4.220819171485147292e-01
-9.664245446768224279e-02
-3.886590786107227968e-01
1.915846359868292603e-01
6.626429743793602611e-01
6.204223778371331655e-01
-4.479867744785301364e-01
7.983251630875549676e-01
-2.331846073342418169e-01
8.751729245140433822e-01
-2.715259807825322058e-01
1.000000000000000000e+00
-7.768840373974773561e-01
-6.911813941851085996e-01
1.000000000000000000e+00
1.552696463840030905e-01
-3.004528515698363655e-01
-1.000000000000000000e+00
-7.115316807078027050e-01
5.884637547818484249e-01
-5.516214948896307479e-01
-1.000000000000000000e+00
9.387461327208093675e-03
9.044951731738709588e-01
1.000000000000000000e+00
2.275758745917973447e-01
-1.373570323928349768e-01
-1.000000000000000000e+00
-3.964718239665519783e-02
2.884218443190468828e-01
-1.924446536336456015e-01
-4.100334026454645064e-01
8.805241280854346486e-02
5.133026379363863079e-01
-1.644990835461818124e-02
2.297697651735941538e-01
-9.485869621603874036e-01
-1.902796656473534076e-01
7.022175405213630928e-01
7.565054469033447582e-01
4.477637209518862127e-01
-1.611027138757172295e-01
2.792995482255813400e-01
-6.114536471305354048e-01
1.962244770741170541e-01
-9.587228384248717983e-02
-3.697643224870513778e-01
-4.484082635674143669e-01
-7.885418996338409148e-01
-9.371191614731649855e-01
-7.380676664546093058e-01
1.117723818376896161e-01
-5.366171481248755981e-01
-9.763647779676422056e-01
-5.184777717233047811e-01
1.000000000000000000e+00
-7.276917708660017858e-01
3.867824088928993320e-01
-8.124601139628732094e-01
1.518861911148286503e-01
-1.319621927964120811e-01
6.973921978754660245e-01
-7.618710685437333208e-01
9.211974765462884740e-01
-4.130856456667816312e-01
-7.804922648325254286e-01
-2.565841238368036376e-02
-6.158501295849585500e-01
8.327237778657363698e-01
4.069098753268252100e-01
-8.310752607180020846e-01
-7.080788766895599329e-01
-7.099579780639099225e-01
-2.611578145791698669e-01
-9.369088989458798644e-02
7.331136887580322892e-01
1.000000000000000000e+00
3.189628221137420505e-01
3.364234282515118912e-01
3.746241667345805437e-01
4.898275496360620651e-01
1.254066776956556106e-01
-3.712900248610440102e-01
2.681636954174227983e-01
1.000000000000000000e+00
-6.312400706733198863e-01
6.924656164990052876e-01
6.817390908737457345e-01
-1.000000000000000000e+00
-6.814133252196930002e-03
1.000000000000000000e+00
8.537241240809070320e-01
-7.166109187461149332e-01
6.955517450697634718e-01
2.470472456247417570e-01
3.559839511568898551e-01
7.132764153246951011e-01
-8.288318527636814315e-01
-7.501249125607714063e-01
-6.407892646039288209e-01
4.192509494176984708e-01
-1.000000000000000000e+00
-7.880433613615340782e-01
8.440823992374739682e-01
-4.353808481815301112e-01
5.537094226768114469e-01
1.000000000000000000e+00
-1.175229008567157812e-01
-9.953038823456876738e-01
-1.000000000000000000e+00
-3.756347026893060992e-01
8.132868361965420734e-01
1.067712956210109532e-02
3.554520203208921120e-02
-7.724710125274522055e-01
9.716456249599725314e-01
3.762542427478393625e-01
-9.148981092183330333e-01
1.174319640407124332e-01
-6.929505878793090767e-01
-8.083944979464916525e-01
-9.025187085238313145e-01
-1.000000000000000000e+00
1.081577741307540863e-01
6.762416608601262702e-02
3.183865443046619559e-01
-7.685435067807826481e-01
4.883966416542872002e-01
9.384396026578254446e-01
-6.882607861510154912e-01
5.338020426656078232e-01
6.245964179075000899e-01
7.766042048223846805e-01
-6.518648332485437180e-01
9.056377560109805103e-01
1.359273372755798182e-02
5.978626793893930813e-01
1.290533544349706241e-01
-2.012703633582847984e-01
-1.233833014526287269e-01
-9.999479440127775898e-02
1.623050383701087895e-01
-3.184704707616136665e-01
-3.675924865597345326e-01
6.080174000140789459e-02
-7.647096089867413404e-01
2.452054515107771060e-02
-2.100761283600900975e-01
4.187529348817783936e-01
-7.172683606133547496e-01
7.119293022984893859e-01
9.452884996022667963e-01
-2.995065923762714188e-01
-9.379856190056753418e-01
-2.691741803898859420e-01
9.959584129204654968e-01
4.866975821083645987e-02
-2.907676618962614090e-01
4.419462768751600823e-01
1.000000000000000000e+00
-5.772047100142276843e-01
2.430349809909151393e-01
3.516325614679137734e-01
1.456965404889597887e-02
-4.971934088823323217e-01
-4.759305554523580173e-01
1.539957451297336299e-01
-6.074310143707197795e-01
8.230691270916202784e-01
4.573882318899482047e-01
-1.152470064957536733e-01
-9.327268067696622977e-02
-4.090775025852819713e-01
-2.180346425380468023e-01
-4.201555301464565684e-02
-5.472363356481788621e-01
6.214778693142484212e-01
2.611477900326630852e-01
6.459602804941717569e-01
-8.136404823424001620e-01
-2.309885191252385450e-01
-5.657557614292447745e-01
9.737273131419557082e-01
6.147166877111884808e-01
4.909566530725815725e-01
1.204339789147336887e-01
-6.508442594849924712e-01
3.750177213755179761e-01
1.000000000000000000e+00
-1.000000000000000000e+00
-1.654783205654972167e-02
9.154183883702162738e-01
1.181715845027593859e-01
3.242829416305920143e-01
-1.408220140304100310e-01
3.229374447761454436e-01
4.309119190188953619e-01
3.850098829464495553e-01
-5.204199815760784942e-01
3.065490176581552317e-01
-5.791610812907248551e-01
-2.212036605450680149e-01
9.973028369886871580e-01
8.518514688518658007e-02
1.000000000000000000e+00
9.183739148045579892e-01
-9.618015176602328076e-01
-4.199654505291422479e-02
8.074199265166218664e-01
-5.635914624361990644e-01
-4.188105796236941680e-01
1.156201694849432610e-01
6.828708752304265550e-01
-6.624796854391646894e-01
-2.383834571022586668e-01
-5.102821476043344351e-01
-1.218059708884606795e-01
-5.605768086860665189e-01
3.165030295425695916e-01
4.192644484726773535e-01
-4.207968343084005358e-01
7.300517991847528254e-01
-7.770641064065453296e-01
-6.744300561016494111e-01
2.174322578763523417e-01
2.295920741077388805e-01
-8.160550370854974256e-02
-1.000000000000000000e+00
9.709118621170555186e-02
-2.813201533914858610e-01
5.006491117175466687e-01
1.632940657862553824e-01
1.000000000000000000e+00
7.618078463921993393e-01
