4.743291848928459231e-01
2.409941648701375005e-01
-5.041774623388035614e-01
1.085821229562914658e-01
6.246104037981781154e-01
1.675644705397775491e-01
3.100715684512985737e-01
-3.935716001652331819e-01
-1.683720749351060864e-01
7.375059225686496356e-02
2.477303428329554469e-01
1.000000000000000000e+00
-7.268320576930165089e-03
2.207737697099740048e-01
1.000000000000000000e+00
5.863383043302878850e-01
-8.479089974928228912e-01
-8.004984474720812093e-01
3.337070361970991828e-01
5.389769232607060090e-01
-9.175004368614873007e-01
-1.953731336785823336e-01
-9.602381515734160766e-01
5.981187427044452054e-01
-2.245746063609145582e-01
9.723272413022562288e-01
-1.000000000000000000e+00
-3.233606589931967701e-01
-2.995120570823870398e-01
-1.268013968207541975e-01
6.164302705100911384e-01
-7.782787823196166688e-01
-4.286303029712925650e-01
-2.208051081357273737e-01
1.000000000000000000e+00
4.085432891915763420e-01
-6.146370518515920089e-01
4.504925581748134289e-01
1.963068466346242630e-02
5.642182882831671131e-01
1.000000000000000000e+00
5.646292648142440251e-01
6.802773308693437215e-01
1.827453527296746261e-02
-4.202440085222339250e-02
-6.936013511056581260e-01
6.638611343204460224e-01
-7.954939170942343374e-01
5.043895288778871278e-02
-3.731350924448115225e-01
9.429937048941027244e-01
-1.471507176192010657e-01
-9.390123166966592994e-01
1.000000000000000000e+00
-5.843905593624367789e-01
-4.868464059700792768e-01
-1.956310963517573498e-01
-4.663636918352960237e-01
9.908515923562293271e-01
7.963652340197374668e-02
1.053227386912585217e-01
-7.769271994444167939e-01
1.249991713559435724e-01
-4.956700805507717189e-01
1.000000000000000000e+00
9.310925828191725095e-01
-3.550470287775111394e-02
6.851587200049552573e-01
-1.000000000000000000e+00
5.024457684331341545e-01
-3.084171661610976556e-01
-1.163962975223346713e-01
-5.688329125665690933e-01
-7.005323991736027711e-01
8.720964612924297921e-01
-8.757959120230200956e-01
7.878463181323624998e-02
-1.000000000000000000e+00
4.490584141342837676e-02
3.552849504506661038e-01
-7.147399511726264532e-01
5.343879186800867265e-01
7.335306624293812527e-01
5.465910810732613756e-01
-5.887099848316881268e-01
-2.980828574430078870e-01
4.301883113757731247e-01
6.094766332726144764e-01
5.364178729695148196e-01
1.000000000000000000e+00
5.924323168785610161e-01
9.256165411554637679e-01
5.594171256285059846e-01
2.784161869642508003e-01
-3.703889305810121879e-01
-2.673294067564707110e-01
-3.822822592667863284e-01
1.212376399615370803e-01
-1.000000000000000000e+00
1.588392777269402034e-01
-2.774079101942320547e-01
-2.631435587813862886e-01
-1.350007672899397049e-01
-1.338740781172073069e-01
5.866138453036611189e-01
-4.072061103139699156e-01
9.145492504700365455e-01
1.043167696921159515e-01
-1.000000000000000000e+00
1.000000000000000000e+00
1.860263842812604762e-01
1.909210543097848989e-01
-2.339960335186743734e-01
-1.000000000000000000e+00
-5.304349339296760002e-02
-1.000000000000000000e+00
4.318154464581376306e-01
-2.433405858915304865e-01
1.032109068951623243e-01
-5.339247867036261974e-01
6.244606377349499748e-01
9.892533360527744346e-02
-2.598263787227128585e-01
4.628514764793079106e-01
4.991991768417871622e-01
-3.517432977813649275e-01
8.140084556932295490e-01
1.000000000000000000e+00
-5.660393844452364931e-01
-7.854162139194217351e-01
5.660084495042293495e-01
3.119640912779209629e-01
7.226913141100461679e-01
-6.930210133301475395e-01
4.866038189254554003e-01
-8.924875903377038622e-03
9.852129942102980653e-01
-4.414209155311198396e-01
-1.015005364110871389e-01
-6.563017518213816182e-01
-8.292027835912415545e-01
8.900838263327368605e-01
9.874977230548511731e-01
-4.654070563085707102e-01
-2.692257475923306442e-01
-8.374920142902110287e-01
-8.659157373900129295e-01
-4.325929691309614022e-01
3.153882646170813597e-01
-1.000000000000000000e+00
-1.000000000000000000e+00
-1.000000000000000000e+00
-8.719048974876048019e-01
8.093639752439085733e-02
1.000000000000000000e+00
-8.194597655122398683e-01
8.127816171937298773e-01
-9.544332004661599811e-01
5.717167374077640751e-01
-3.079785517908804060e-01
-1.000000000000000000e+00
8.191657983599385240e-01
-1.070480870342393476e-01
-4.294540656367651921e-01
-4.028157691721618305e-01
5.424213859379558578e-01
-3.251480817942104529e-01
3.692283777444835824e-01
-1.278629637647072659e-01
-7.827301544201001882e-01
-6.588361645866339655e-01
-5.585423556282591573e-01
2.061603778705544399e-01
6.968570768708300944e-01
-5.910402553696610939e-01
-9.946940135847749387e-01
9.776881307733943371e-01
1.439649940925245009e-01
-3.340382593099677777e-01
8.157267599553847948e-01
-9.779617864952203643e-01
8.048145727282131068e-01
3.976131108324136298e-01
-5.664927887514729088e-01
-1.969922377696977644e-01
1.579062630064644313e-01
-9.658480119262595476e-02
-5.182012943329954435e-01
1.697932930158239651e-01
8.802099506128432393e-01
3.615872399423284422e-01
3.914317095832887672e-01
-4.675129847247066484e-01
-1.000000000000000000e+00
-7.592312108411300997e-01
-2.382408580593267378e-01
1.000000000000000000e+00
-6.764803950131814680e-01
-2.441912290060319624e-01
-2.262262187817251913e-01
-8.607686295025194223e-01
2.461220711465419431e-01
-3.050512324197778846e-01
3.724248772090004156e-01
-1.407922300476719957e-01
4.751109687358781586e-01
-7.969964765175587829e-01
3.165747994514803709e-01
8.226150030938510493e-01
8.269376640234076259e-01
-1.000000000000000000e+00
-2.291317930854207541e-01
-5.818825789597205367e-02
-3.513483375799164588e-01
2.088532105244712000e-01
4.349286589779665091e-01
-1.000000000000000000e+00
-1.000000000000000000e+00
-4.397502335352562741e-01
-8.102508140334788167e-02
-5.769864128384235569e-01
-2.404171971033598476e-01
9.014200670609617827e-01
3.369555439272503006e-01
-5.239733768060887975e-01
-3.099863969355632354e-01
7.780892397885377232e-01
4.994763069854808446e-01
8.456134189838958592e-01
8.154333356962177870e-01
2.888896417718370691e-01
-2.892365079493888769e-01
-5.017618058825952243e-01
2.353735665470941263e-01
4.938348049146658036e-01
-1.000000000000000000e+00
-1.359480080156691972e-01
9.095501552739548856e-01
6.698420280050272346e-01
5.779915254635978883e-01
-6.259214745272870806e-01
-5.080644633957706047e-01
-8.527788272623042509e-01
9.618813054287078668e-01
9.917988245032988148e-01
2.476588283118595912e-01
-2.494884127098836446e-01
7.053872263043829971e-01
1.000000000000000000e+00
-9.807837924665631091e-01
-3.922657955901374116e-01
-1.536876884469854376e-01
-2.998894497416512150e-01
1.935089633151129140e-01
7.989548971425963764e-02
-4.366221633184610429e-01
-7.626357794756809527e-01
-1.245828111119757220e-01
-9.199644335460263611e-02
-4.323644181028611921e-01
-8.451229795549705104e-01
8.337712462903423827e-01
9.592778101723670181e-02
-1.000000000000000000e+00
3.828560740834640597e-01
