1.026993531290499195e+00
8.132542003222863469e-01
-7.744022131002123444e-02
-5.000654955659748074e-02
-1.949244191641685831e+00
-6.797943926807797910e-02
-4.018841726953616827e-02
-5.813929886178947903e-01
1.313447729670986358e-02
3.447859138214199870e-01
6.831759628896423298e-01
-1.799246562383862991e-01
6.554820976062161186e-01
-1.543343873108779518e-01
1.443553192854143963e-01
-5.363981494535327577e-02
-3.999226937082965561e-02
-3.152317029190430109e-01
1.850053588555655715e-02
6.158283897524303718e-01
8.920983294268128305e-02
6.993941878068110629e-01
1.694965211448226761e+00
-1.013602452331566761e+00
-8.896214736925784905e-01
4.728128870978659526e-02
2.947810614679854946e-01
1.224991790920001211e+00
-5.536282590081340604e-01
5.120992563258079944e-01
1.643620236582821748e-01
-7.309779558398545041e-03
-3.917977564343866890e-04
-7.567624513405433184e-01
-5.703473045162785748e-01
-3.688629811399448122e-01
-4.796994336636185574e-01
-1.711079740425448525e-01
-8.497703860112709728e-01
5.855094646114076262e-01
5.234873838526012957e-01
8.662937602381347579e-01
-1.647398233647422994e-01
3.320220044972940432e+00
-1.022829881031402266e+00
6.197929562437025641e-01
3.305337642609654791e-01
-3.361301557717060184e-01
-2.718565693056951282e-02
8.042552018229584543e-02
8.037772802822631402e-01
-6.107501761812055285e-01
-4.570491510406760605e-01
6.635157556496791287e-01
1.514995440190706422e+00
-3.359302963419378285e-01
-3.878085895989266674e-02
-1.090161258035499819e-01
-5.263889984684408940e-01
6.815950488205866353e-01
-4.476382055744344002e-01
-2.737701639061361769e-01
-1.948271982920195544e-01
2.928088614482636798e-01
4.400893937929848954e-01
-9.542116534115694382e-01
1.347479242252185849e-01
-4.094764845291619382e-02
-9.481836162372592192e-01
-5.055654133734310829e-01
3.157489531489325874e-01
1.189434797544047129e+00
-2.719286563359684661e-01
-6.330320743519108895e-01
-3.607772993764847558e-02
-6.160213054452183812e-01
7.241935284716730648e-01
-2.961126152379839893e-01
-4.051792445254592812e-01
1.606380936018209638e-01
2.074208787539438825e-02
1.013553651757068130e-02
7.144763504686233446e-01
-1.344612941472973500e+00
-4.919714479702965160e-01
-5.047303957987030465e-01
-1.401293701363891309e+00
1.544451503159254835e-01
-3.095593062962170849e-01
-5.971847449360463411e-01
1.595389557676339387e-01
-9.519809332345112729e-01
-8.475765041474934147e-01
-2.767573538536249877e-02
-3.557100993082402685e-01
4.704622417774892984e-01
1.369129486232247284e-01
3.080891499374042164e-01
1.489437092861612966e-01
-7.933074158624808803e-02
-3.826554593158324469e-01
-1.410354960692433435e-01
-3.575941818041430409e-01
-2.388418469461609739e+00
-2.694348477235976036e-01
-6.987881068732004763e-01
-5.976934881772875130e-01
1.018639361409589661e+00
-9.520160965823176724e-01
2.758799182568258956e-01
-3.582497449294862885e-02
-3.224510705026505386e-01
1.704787601518879203e+00
-8.169479854170278443e-01
8.740073295448230750e-02
-7.692562015075761206e-01
-1.967954815102418209e+00
-3.389855192678437046e-01
-2.978499325257980557e-01
7.260918498483058814e-01
8.384496056536260289e-01
-3.554844957356650959e-01
-2.583335574960837766e-01
-4.921241500498175769e-01
2.116573855746818555e+00
5.509086211544015343e-01
-3.875170078015924835e-01
1.891823622130654192e-01
4.360838107624898097e-01
1.018206405382422020e+00
4.486389803761545170e-02
-1.505254360739028963e-01
-8.782533146831865700e-01
-6.919459413732670372e-01
-3.799636336922975755e-01
-4.267587023287119363e-01
-1.008174702244905685e+00
7.969516029801706480e-01
3.520551209634187328e-01
-9.096555454463068902e-01
7.780374810352760351e-01
-3.110981496650803146e-01
7.816535039338501356e-01
-3.873542518227487408e-01
1.119411812139037010e-01
3.225776061728508060e-01
-7.111480528406716184e-02
-6.746043388101718996e-01
6.904408993038417819e-01
1.611378374306081107e-01
-2.232093951250628816e-01
9.673272749526520276e-01
6.961013642027471526e-01
4.804358439878116116e-02
4.721728143645240183e-01
-1.159248974147765732e-01
3.924279250646543066e-02
-6.087439150474398541e-01
-3.265793205929751197e-01
-3.317341348508007770e-01
-7.556728207957411625e-01
-7.586279130277546745e-01
4.566595433157691897e-01
5.916303627541963372e-01
-3.727357343798619604e-01
-8.507060659085523557e-01
1.138731430138231637e+00
-5.842494764285058872e-01
6.124220565959068718e-01
3.417681356047260754e-01
2.976263299670267592e-01
3.018673076185530713e-01
2.371192627642102480e-01
1.029352220190358658e+00
4.456211271852382749e-01
-5.119186306554338595e-01
-1.156844719760528495e+00
2.138549284456419397e-01
3.859595044938419761e-01
7.911245270047928546e-01
-1.604126379879992209e-02
6.160777980801314113e-01
-9.566720088614690809e-01
8.237090874190106105e-01
-5.056485505305463590e-01
-5.815731964596901893e-01
-2.477475513787730232e-01
5.048088964597515771e-01
-1.923906529275365429e-02
-5.951609120710485978e-01
-4.131219424270027307e-03
3.185097022452245685e-01
1.043049378910888780e+00
1.625803418406231438e-01
7.913100412666366212e-01
1.205622649088276210e+00
3.829843129404760238e-01
-9.149152764144732886e-02
4.958471972079923074e-01
-1.662466125663639716e-01
8.068368291727562314e-02
-3.016306268481266928e-01
-1.204288758860601466e-01
-6.469552367260944514e-02
-3.304591844749670271e-01
-6.612091206238540630e-01
4.073236644504083515e-01
5.464317397344971017e-01
3.998714421744905545e-01
-1.166097439880909636e+00
-8.224033214610837472e-02
-8.983967844257252366e-01
6.905427993241164408e-01
5.493323569208237167e-01
1.018880728455267004e+00
-7.598028752815044751e-01
3.257697938597566845e-01
6.909227452501589539e-01
-9.773063266355395129e-01
1.179806862028867975e+00
2.171294696326995233e-01
1.105543319314486794e+00
-2.281884652314057071e-01
4.897104712410776384e-01
1.012133049187926015e-01
-4.514234433840456640e-01
6.077828897196118074e-01
2.878814170754326884e-01
-4.482824190344772419e-02
-7.106350747390455247e-01
-8.192601533583455942e-02
7.390698278166590862e-02
-9.314036134363909425e-02
2.168528599597769058e-01
6.652812535013103989e-01
3.092765702679692863e-01
5.800179866920911476e-01
7.907127501458873775e-01
1.386563128756230778e-01
-1.183408592146595606e-01
4.592584643887561158e-01
-8.583422510429246088e-01
-1.061089695569220059e-01
-5.555214686406422242e-01
-3.588648130865283031e-02
6.831482556348613677e-01
7.738044656935580412e-02
5.990212936281245071e-01
3.670133981470059537e-01
-2.750114892979753714e-02
-6.468970951285601956e-01
-4.009234591291307992e-02
-5.402624032850358304e-01
8.593279018285600035e-01
-3.690758095745282075e-02
-1.870100381602529671e-02
-8.566037164655979641e-01
7.860404650026173723e-01
5.760609101322800019e-01
-5.157676814459872805e-01
-9.346779779384577491e-01
-1.097512358602109828e+00
-2.127251288388535833e-01
-4.783965411003313628e-01
4.024494809546184104e-01
