-4.759650588038616403e-01
6.358844177237843454e-02
-9.545017312251371511e-01
-6.308643014481511990e-01
-7.241563984851521196e-01
-2.890843633447224836e-01
-5.725904621303363334e-02
5.391946010561692315e-01
6.349104270259067206e-01
9.060092066146063772e-01
6.049868038203418674e-01
-1.881683784739927034e-01
-7.364421960647729026e-01
3.020497445897850353e-02
7.225085101603073712e-01
-1.116906731449169854e+00
4.256929993039986621e-02
3.331822379282353808e+00
4.664841956563262060e-01
-1.911769758553890641e+00
4.752857822346481242e-01
-2.440913862171996129e-01
-9.685324696135323430e-01
1.777432428168772560e+00
1.557012910658546856e+00
1.304344961650951484e+00
1.758734928467929337e-01
-6.179613270436961070e-01
1.920016756588521778e-01
3.865114733906958033e-01
-1.658113550021965921e+00
1.285965208554309402e+00
-2.858921852581753908e-01
-5.790986709628939133e-01
-5.074794598104048760e-01
3.948807183502853757e-01
4.811732301039933768e-02
-6.960949842819614819e-01
1.688152634907133631e+00
1.649064634298876397e+00
1.354621071332831050e+00
-4.058054636211625432e-01
-3.303277046167764075e-01
2.173971414099360011e+00
-8.104531759587363382e-04
-8.916648663919581885e-01
-7.536561967160915199e-01
-3.760295415273413600e-01
9.246119099068270675e-01
9.848620932308738141e-01
1.159651182921715762e+00
6.774594470208501473e-01
-5.746234650682235934e-02
8.402183978046358082e-01
2.818014759043507844e-01
-5.105345777979370947e-01
-7.296078829752018942e-03
6.444288971629432705e-01
-9.018448170058531721e-01
6.876448146007219098e-01
3.832145813545167479e-01
-5.339611339780144794e-01
-2.078230844689381573e-01
-2.240435698312883694e-01
-4.786655634753974042e-01
7.454887407747008421e-01
1.130229523824139548e+00
-2.096580128079842675e-01
-8.027688943823099166e-01
-5.975820381885004196e-01
8.482918323382569736e-03
1.992805276874395903e-01
-7.864323103150387961e-01
3.070803091775577975e-01
-3.155382924317884918e-01
7.248412617946091707e-01
-7.836696396276898735e-01
-4.207117999595327840e-01
4.746863701916961276e-01
-7.239637849942457404e-01
7.845782767699758242e-01
-2.750360589739287986e-01
-1.382224808322635168e-01
-3.892673241780541638e+00
-2.915805656976030447e-01
1.007720987022905579e+00
4.866425809191663454e-01
-2.051789180666626633e-01
-7.872838693678940736e-01
1.106362824817554102e+00
7.444331616662903939e-02
5.767018859979109457e-01
-1.204379289068178593e+00
1.608984729480684717e-01
4.425693085334996280e-01
4.875550320638985524e-01
3.072190334242422827e-01
2.174935837532584182e-01
7.145354135800534578e-01
-1.220111452582638645e+00
6.208336106933535214e-01
2.814658139448265040e+00
1.122129960003088456e-01
6.434168274479317162e-01
-6.975803099338784286e-01
9.029810534630296507e-04
-8.214172050763546284e-01
1.021324491373951648e+00
5.992936505533849045e-01
5.118313887711885002e-01
4.836010206241386777e-01
1.275990847235124903e+00
-2.710464802690928376e-01
2.093082119276487574e-01
6.711874897414114027e-01
3.898341539879410789e-01
-2.025752677642301158e+00
-5.826848192678944077e-02
2.214487544190197887e+00
-9.170516803498540703e-02
-9.795506408439358381e-01
-7.819016579839910275e-01
1.600770723479108537e-01
2.912190671035694844e-01
4.884082766823314437e-01
-8.550994634847688403e-01
-2.065427283249219315e-01
3.109967638996020689e-01
-1.748359267562224761e-01
3.646088961731737133e-01
-4.639552853575054092e-01
-7.223218711467833675e-01
1.025095296108425202e+00
-3.200827958056675637e-01
3.778581717171489718e-01
5.236329274606595918e-01
-3.688222716967894943e-01
2.258293991779360826e-02
2.901991334863483762e-02
-3.162168229249816553e-01
-3.995584923420676393e-01
-1.262496212952529007e+00
-1.245222381930589872e+00
5.159899738442623729e-01
2.908696482394994565e+00
-2.662715250355661700e-01
1.025136701154493402e+00
9.428426924457447567e-02
3.130536305414005627e-01
4.536125233899943598e-01
-5.574807328632043202e-01
-1.510617699828900040e+00
3.933446777951701279e-01
7.178924575256483143e-02
7.366480432752892105e-02
-1.132951657192596606e+00
1.766578514422548207e-01
-2.799810435712873358e-01
1.017400184000415209e+00
-4.658402732581805594e-01
3.023159227089612378e-01
5.295406468859813476e-01
2.487598067642095290e-01
-6.579028672470303707e-02
3.648790413107014796e-01
-7.761325529269846868e-01
-2.036045441022791835e-01
-1.090458296652007109e-01
-4.717937752250951911e-01
8.456467780304524062e-01
6.231886135634665536e-01
9.696993900582862036e-01
5.974479112804749192e-01
-4.008344069225027173e-01
2.179503332954559447e+00
4.649082491728031008e-01
4.344092546806700428e-01
3.610324239840856375e-01
2.952216328826138825e-01
1.178883058320097099e+00
-9.397317829127143085e-01
3.001545567550291116e-01
-8.670170684216459145e-03
1.200643481985751160e-01
-2.629951860417060194e-01
-2.681794477552129283e-03
1.060559936256312730e+00
5.253573439106004050e-01
-1.093749110076451592e+00
-2.465760169590818229e+00
5.200532428097860427e-01
-3.255239263878038081e-01
-1.773128337920989450e+00
-8.672811598173619796e-01
1.913778533652693015e-01
5.549334010617672508e-01
-1.035995060401406487e-01
-1.515652113108146182e+00
5.186474569737767881e-01
-2.242392636263589090e+00
2.115567478262514178e-01
-6.245824482307161807e-01
-2.096388228327674130e-01
-1.261463446588614978e+00
2.666921746634571821e+00
-2.315415698787517962e-01
-1.164426151656685615e+00
3.355601295348188962e-01
-9.576675537959093987e-01
1.530690909973057567e-01
6.266199657271856460e-02
-7.040376886154637859e-01
4.919531337935282300e-01
-2.363168089043674036e-01
9.587851455717182336e-01
-2.873727343052356886e-01
-4.939281016587375728e-01
-7.839044363077604105e-01
-5.772095638439272980e-01
8.298073748314933606e-01
-1.102114814876612447e-01
1.828417551904218397e-01
4.066981761296466213e-02
4.940019334283763941e-01
3.832860979954144098e-01
-1.904532190893525601e-01
4.553127463915992434e-01
1.151737703063413054e+00
6.823257574327213915e-01
6.843336021082606635e-01
-2.764671448702413770e-01
2.169591579442494145e-01
1.169447252398170045e+00
7.814183055132521982e-01
6.191825312981253937e-01
3.075752411713579271e-01
3.517265789329104830e-01
-1.489263793205170550e-01
5.711871811488899997e-01
4.577752353436782551e-01
-3.349494713314838945e-01
-2.819579144410768734e-01
-9.459302930101970430e-03
-3.904552528592268312e-01
-3.863209550362937783e+00
-3.551539518339049684e-01
5.265570350106340003e-01
5.893471787850439458e-01
5.541366691617430895e-01
2.626051807962839213e-01
-2.040547904323995465e-01
8.247720855193516609e-01
-4.626405206157632177e-01
8.907498907309046032e-01
-5.853756433554672123e-01
-6.655212555375060735e-01
-4.144355788340625679e-01
2.226838735925593810e-02
1.163782429841193622e-01
1.247553962104364533e+00
-2.861466065213927656e+00
-3.433180756537860812e-01
1.563758514381511922e-01
-4.117500304211112461e-01
-7.015099684642882583e-01
