8.411053665431920123e-01
-7.867147376186287566e-01
-1.107036006448247623e-01
2.055366895285493101e-02
-7.312489015454890495e-01
9.700016350232756324e-01
7.096831602016662188e-02
-7.858924454075708610e-01
5.318572616785919305e-01
2.400798065089362332e-01
-2.702477767745461446e-01
-9.663811115844043176e-01
1.699353530068214990e-01
9.182272141182101777e-01
-2.802976406517543317e-01
-3.539750278860569477e-01
5.704396513482483666e-01
2.205455038060046835e-01
-4.685701567715001570e-01
-5.008514916320905286e-02
-5.881542491826057262e-01
-5.647317552311648114e-01
-9.507733840884680099e-02
5.187546905834494737e-02
6.335034473672758182e-01
-6.875951198562477718e-01
3.130146833587892363e-01
-9.593103716001545322e-01
-7.614996419514450388e-01
-4.722618469045061218e-01
6.702617254321108220e-02
-8.275319345101352919e-01
-4.478106721011334557e-01
1.633656331126911443e-01
2.628902672162094500e-01
5.982807862596701831e-01
-3.239900000414330794e-01
-3.196169413576832596e-01
-9.501813077788929807e-01
-3.933873957433653423e-02
-2.091990234399925264e-01
4.213242822054306114e-01
2.181440868984885206e-02
-8.708263439471197742e-01
-7.917277697942304293e-01
-1.465273460558607077e-01
-2.414387100400563479e-01
-5.878495254844238183e-01
-2.924032865122030422e-01
5.779693128908431898e-01
-7.518627939983124620e-02
-7.521280835026569189e-01
3.571898578497361143e-01
3.300781334617566287e-01
9.103394184657405130e-01
3.478412869569291743e-02
5.397788023427674275e-01
5.997740261339743473e-01
9.864282081588404694e-03
4.492037659112597670e-01
-5.372407079949992337e-02
-6.651287718137717242e-01
-2.865001144035974612e-01
8.359130812768533758e-01
2.151325817267679685e-01
-3.312020382131666274e-01
-4.485307064455346104e-01
7.914235139686156550e-01
6.892807821483029063e-01
4.225478409887384323e-02
-4.229083736766592327e-01
6.891068549165990653e-02
-8.140592073312349353e-01
8.627034455806488200e-01
-8.910484215101355243e-01
6.566149201815394409e-01
9.122844459984795762e-01
-2.299308165120144132e-01
8.537946717261200025e-01
-9.434163794383985113e-01
-3.699270933883147539e-01
4.991055756683115963e-01
-7.711163032712777810e-01
-1.202714449567794386e-01
-7.164301551086649233e-01
2.042232202792468865e-01
-4.849013758721523182e-01
-3.812237312719464200e-01
-4.579349869482793878e-01
5.674846087274274531e-01
3.435764852556111304e-01
5.100347032904517519e-02
-1.392453964486721762e-01
9.702488695404993813e-01
4.997907794780320767e-01
-4.921003682619595754e-01
-6.403719053097414182e-01
-7.175078674155783709e-01
-2.634421584146631190e-01
-8.299617842691731084e-03
-6.386678234995923908e-01
1.589027333182637669e-01
-4.234766187853535868e-01
7.226663757470022098e-01
2.704069503668973251e-01
-8.502463075103718904e-01
-5.609761801507413548e-01
1.878789751000098374e-01
8.953242946563166882e-02
3.039634232574865980e-01
5.489564765838728100e-02
-2.295782172341180871e-01
9.115028164284741941e-01
-2.054282280930150861e-01
8.416046015303670913e-01
2.831106580167823683e-01
5.718702220805798042e-01
3.685593194906924275e-01
-2.812201768323807638e-01
6.002459179183095017e-01
-6.841947717146084074e-01
4.824876851912278664e-01
-5.483614729236316876e-01
4.767775765320554360e-01
-4.754738930765889382e-01
4.841350552999517109e-01
-6.065625873303883697e-01
8.941389052964545670e-01
7.197096948466115141e-01
6.743649438878454028e-01
-6.845377609204357228e-01
7.109506809001520100e-01
-1.783837252752284996e-01
-8.192377916108226632e-01
-6.489297916002354505e-01
5.159773609522491089e-01
2.924572736702768516e-01
-4.863463497322133566e-01
5.648485077675842181e-01
3.123480082210128295e-02
1.615927168683477522e-01
-4.271249395876230981e-01
9.114042426895987425e-01
-2.406929260778245538e-01
-8.916075812856840699e-01
6.456855538933787830e-01
6.754551236752357468e-01
4.478235559062084814e-01
-2.600212817340854521e-01
6.764746584165490795e-01
-2.856065738691824230e-01
-1.245708425060205737e-01
4.722191148199914590e-01
-8.433787115380060317e-01
-5.882156606873067961e-01
8.675401250336784997e-01
5.755738499620723925e-01
4.101115042043932402e-01
-5.874495418103764521e-02
-3.202026119412422211e-01
-4.790568641916903569e-01
3.828267865691803440e-01
9.955095080027325238e-01
-2.252055700079254041e-01
-2.978297421854927407e-01
6.375687877714593110e-01
-8.119985907755247201e-01
-9.533169761851936208e-01
5.570112773880713242e-01
-7.596491387301385068e-01
-6.352549799990252488e-01
-2.145647648757476045e-01
-9.450594555331222058e-01
9.129436298802513505e-01
8.316779472734474599e-01
6.505380567085952137e-01
-1.534824909693028872e-01
-3.990902660622461795e-01
8.156951351879309087e-01
9.878641283544595808e-01
1.673521271412763411e-01
-5.359919180542567219e-01
8.747713112303356908e-02
4.918297217715432712e-01
9.795883476413584923e-01
-6.499372446336824094e-01
-8.085468795486794313e-02
3.406564057091943098e-02
-6.406883975817212473e-02
-7.570919835827776279e-01
2.327201589069642917e-01
6.721776757956936521e-01
-4.399186128198488976e-01
-9.130712934604194864e-01
-3.491877487963690463e-01
5.073202032276087348e-01
2.952600720998290740e-01
-7.949260195920773153e-01
-5.224388311160694798e-01
3.900608017828581797e-01
-7.787577760747925737e-01
-9.839266323782802637e-02
-4.113217220271896402e-01
1.616328111242704146e-01
2.292915858879847057e-01
4.141888133905708980e-01
-6.068360626908158029e-01
2.068884368291836751e-01
-5.065311887969845550e-01
-3.488189379208783691e-01
-8.861369079268717197e-01
-5.191461239950609929e-01
-6.667325606844096697e-01
-7.045727443912945809e-01
5.431187710091236465e-01
-1.564742189971528585e-01
-7.584658628197349373e-01
-5.177255906556479381e-01
5.681987341044751894e-01
7.853921746891239231e-01
3.197609741162150687e-01
-1.106968026888446310e-01
1.512894003474092308e-01
-1.518618343636144452e-01
2.411785713232914574e-01
8.304376459502178509e-01
8.977184071696371337e-01
2.110026699748670520e-01
-1.784758613126458116e-01
-7.504086281817221593e-01
2.451529820279401140e-01
9.785857007737488455e-01
7.277270278463572328e-01
7.376677450960660298e-01
2.547600286327531549e-01
1.266274587765603421e-01
-3.576228419336180409e-02
-9.257534508751352753e-01
-3.593211854690747664e-01
-6.405186369221373965e-01
-4.435948475399533741e-01
5.750159570595401171e-01
9.656584957408533842e-01
-2.184215872893526811e-01
-2.842576711610276252e-01
3.141647673091196857e-02
7.046861413258131979e-01
-9.952969261720860938e-01
6.725793610175687665e-01
-8.321325293681074431e-01
-8.579945681552034742e-01
8.370159349344887811e-01
6.472839011041036095e-01
-2.666005919534086832e-01
-7.119550374155299011e-01
-3.739007701455252519e-01
-8.149187375567821245e-01
-7.785448721129701877e-01
1.989453554365463450e-01
9.833564196896413812e-01
-8.346217264386637247e-01
-6.590424401696344248e-01
8.518221879466667534e-01
5.051310508699256019e-01
4.074445900025434053e-01
