4.545027122301852074e-02
-8.597656209903123958e-01
-4.843493243045606245e-01
1.132874821447787395e-01
7.148544935340389594e-01
-5.844275893391176480e-01
-7.109844204020508984e-01
5.207469932587536210e-01
7.365357369925377984e-02
-6.859402807700512028e-01
-8.007643405129076797e-01
1.151082339153117196e-01
-1.743933556582549782e-01
-7.214257138465154928e-02
4.082906319248859051e-01
-1.000000000000000000e+00
-3.141150724329910826e-02
-1.446136797447791222e-01
-5.820794800054744922e-01
3.072787451853005170e-01
-6.730513483830304899e-01
-8.313185336323614116e-02
-3.272721907238449468e-01
4.470465432265381400e-01
3.686154573227297115e-01
-1.000000000000000000e+00
-5.930223405817455773e-02
6.875187856896136651e-01
-7.869874429624212908e-02
-1.367568543300976824e-01
6.728557518089109957e-01
8.971068434520477197e-01
4.793951919538531614e-01
1.000000000000000000e+00
-4.783007903503772029e-02
-5.399830782472844759e-02
-8.571878768145961558e-03
8.922137906688734077e-01
-7.905043925887184075e-01
-1.000000000000000000e+00
6.258757231515192920e-01
6.110580376576841832e-01
-5.032363638436995190e-01
2.665895364846528337e-01
-3.380965875377608953e-01
-2.980284733548061449e-01
4.327938608003113474e-01
-1.000000000000000000e+00
2.059958615045943964e-02
7.329210122595419818e-01
-7.778092273397992085e-02
-7.162107616384436604e-01
1.000000000000000000e+00
-1.000000000000000000e+00
-3.964040175092012896e-01
6.869448872018639740e-01
-1.812921817640827382e-01
-6.289182327734380573e-01
-2.515991137418682744e-02
5.365045181760480508e-01
6.207300202540552148e-01
5.960072850806458211e-01
-4.933924333238048909e-01
1.870642496328613069e-02
-8.635081457612596711e-01
-1.000000000000000000e+00
2.134272021027577848e-01
-1.000000000000000000e+00
-1.597080566709787597e-01
-7.639838249386389224e-01
1.946289054664993023e-01
1.000000000000000000e+00
-8.089171450175642875e-01
-6.198225215109381958e-01
2.263994042449342381e-01
-6.810757692711288946e-02
-9.107523373223147534e-01
-3.397606524978593057e-01
-3.007095009786847073e-01
-2.354602019146592173e-01
-1.879206596416530817e-01
1.000000000000000000e+00
-9.386697651752423655e-01
4.189546546098777968e-01
-7.955285986805726850e-03
-8.315342374614499432e-01
-6.181215397632799924e-01
-3.838350001759560648e-02
-5.193448337077910537e-01
3.734540468910512168e-01
9.308112570346727122e-02
-3.808214104381242304e-01
1.000000000000000000e+00
-3.118147380857965723e-01
1.724792775238202513e-01
5.588139305663719636e-01
1.633672400965914540e-01
-6.359686230013223973e-01
2.467714584960849500e-01
9.935025346083365960e-01
4.334927487436172622e-01
1.372608229138674307e-01
-2.516423809089973762e-02
1.000000000000000000e+00
-3.542026775818929440e-01
7.846041859353076742e-01
-1.000000000000000000e+00
4.248248864924947799e-01
5.473181712529734400e-01
-3.556790116641403432e-02
7.079753194985807241e-01
-5.849223791018975938e-01
-1.238193913129911755e-01
-7.175595851233459443e-01
-1.000000000000000000e+00
3.500003000868223690e-01
-1.000000000000000000e+00
-7.175114883159570134e-01
-1.300934482857604713e-01
-9.464608040279259837e-02
-2.801492854587690484e-01
-1.853571804530365630e-01
-6.730597878024251191e-02
3.976401925853840225e-01
-8.734454914493781086e-01
1.000000000000000000e+00
-7.108022592484971591e-01
-9.456691640295390722e-02
2.810943145344378946e-01
-1.000000000000000000e+00
2.543497616671267503e-01
-7.324422772154821626e-01
6.664781168536612066e-01
-4.937697589248881691e-01
9.405889352072567267e-01
2.416846861897760657e-01
-6.202588833001550228e-02
6.654943327656506202e-01
-6.520926729803195876e-01
2.192999211411445770e-01
1.000000000000000000e+00
-1.507405481810382142e-01
1.000000000000000000e+00
-2.995926094728085243e-01
9.919991088227800846e-01
-5.986196659144863430e-01
8.303082659058294013e-01
-6.905908168106296152e-01
-5.381154493449409326e-01
2.746797470261537200e-01
1.973847712847578706e-01
-2.812765303866276989e-01
-9.731708557927141179e-01
-1.649945575496243599e-01
-5.931452184635217506e-01
4.315845088730579926e-01
2.517840069870123931e-02
3.877848438534549358e-02
-9.606942708020472788e-01
-1.624882940990385605e-01
6.348573370803639593e-01
3.059422516710784690e-01
-6.057102638270690509e-01
-6.027602628957249298e-01
-2.534306368675995347e-01
-7.973205140277115355e-01
-4.644774007109859770e-01
-1.055172975427416948e-01
-6.213673595707923658e-01
-2.192799747117857578e-01
5.384672190620411192e-02
9.156820656660102919e-01
-4.084839657288610870e-01
1.000000000000000000e+00
-2.176030344936113470e-01
-4.759620411820775221e-01
-2.434108777219989306e-01
7.721648657358304302e-03
-8.544352672087121014e-01
8.405869081587362679e-01
5.928978770723292158e-01
3.078462432191320097e-01
-6.913080255561894205e-01
4.052826214440055086e-01
-1.819662695112378437e-02
-2.021381346846775895e-01
6.181275530791522366e-01
6.077320465717616083e-01
8.281682962153673611e-01
2.448305258567330389e-01
3.717319820130474128e-01
1.000000000000000000e+00
-4.866171156182553248e-01
-5.981316264562113183e-01
-1.000000000000000000e+00
-5.753735480421542925e-02
-5.390867928633418238e-01
-1.511440642251435651e-01
3.248817212000230104e-01
-1.780482518468360920e-01
-5.925294727420658825e-02
-3.241127131322651400e-01
-3.607406535577845075e-02
8.946334706188007191e-01
-5.059563033488371220e-01
7.120222997543150800e-01
-8.940689038392386490e-01
-6.126213552965518172e-01
9.955668211800559053e-01
1.352263508775577716e-01
-5.977373250281602379e-01
-7.101243011330812260e-01
6.177806792862855501e-01
9.215158134835427228e-01
-3.736193579856064151e-01
4.888812558195697044e-01
1.667879224485651901e-01
1.416742023345327062e-01
4.046636152365500894e-01
7.830816990432453162e-01
-4.571482455550011093e-01
6.382695825054598426e-01
2.236058377340751080e-01
-2.807415667277495808e-01
3.017731636097021330e-01
2.175652988027771961e-01
3.508708235446781482e-02
1.630993808705516745e-01
-6.204369203509734199e-01
6.734458780646147558e-01
-1.262027749814567112e-01
3.858910146940687791e-01
4.148385285847713821e-01
4.387812747282399117e-01
3.216947823963302033e-01
5.722371477553586105e-01
3.520479868310635863e-02
-1.000000000000000000e+00
-5.726002677607542335e-01
-2.394664233674566878e-01
1.000000000000000000e+00
-1.616907399687308733e-01
2.950633041767616871e-01
-1.890936174454621588e-01
4.015655397299461998e-02
-2.795095761347689001e-01
-5.489665226735653825e-01
-4.345158058716039884e-01
6.990819022734249266e-01
5.206355097899770801e-01
-5.198737923053073917e-01
-5.706468144805615372e-01
3.144699361922632663e-01
-4.733365777922071693e-01
-2.832605482128697783e-01
1.000000000000000000e+00
3.097204067655702220e-01
5.573626707225159960e-01
1.000000000000000000e+00
1.371573673520244674e-01
3.281118430187490720e-01
-8.912908549947544390e-02
-3.510460725192263709e-01
-2.184550771154002702e-01
-2.276821541063375198e-01
