5.233668462519159847e-01
8.238416809366768678e-01
-4.679771689424009340e-01
4.889770100161140443e-01
-6.566293574597662497e-01
-3.471715799590403551e-01
-3.319584987702467460e-02
-9.519159701390678130e-01
1.000000000000000000e+00
7.699994850776300526e-01
9.482113366556629286e-01
6.103204253756382147e-02
-1.163123126150526765e-01
-2.739350490937549065e-02
-5.581629246177406412e-01
-1.167041016805518139e-01
5.156270134870574173e-01
-1.000000000000000000e+00
3.958964924929754270e-01
-2.960950381202355763e-01
4.260245437853872885e-01
-8.190133922965278090e-01
-6.264317766969699219e-01
6.400651314787160207e-01
1.245648187499609483e-01
-4.115447553218817278e-01
2.616159769140932179e-01
-1.000000000000000000e+00
1.000000000000000000e+00
1.000000000000000000e+00
-6.943454076964504784e-01
-1.998149399728781916e-01
8.378311690067569151e-02
7.814996758521106646e-01
1.012811145186864360e-02
1.000000000000000000e+00
-7.852512496972977596e-01
-2.884347786450006668e-01
-1.335010831993607150e-01
-2.329162680569981658e-01
2.722013691541123048e-01
-1.284476823177504307e-02
-3.281751259980693336e-02
1.000000000000000000e+00
-8.540988633693784582e-01
-3.646861456939680113e-01
5.771808608852888600e-01
3.326448974001344761e-01
-8.451915318999829729e-01
-2.198473211885418610e-01
1.453773855243431501e-02
2.691187041999971649e-02
-4.106523843909651306e-01
-5.581402404630839698e-01
1.000000000000000000e+00
-1.000000000000000000e+00
-4.757910703253976914e-01
1.000000000000000000e+00
1.230508100443410274e-01
7.317489956731376699e-01
9.754823534509321492e-01
-1.238359758517805775e-01
9.681628192683880973e-01
-3.289201487015791514e-01
-3.406765938424667350e-01
1.872656024614855613e-02
-2.911536370230891624e-01
-1.307917999614983395e-01
-1.477118297404919900e-01
-9.965834440837102459e-01
-3.911391722987823116e-01
3.119026631821646411e-01
1.000000000000000000e+00
-2.591856285123075310e-01
-9.975077676969554830e-01
2.216368641717441634e-01
-5.462339008322439904e-01
-6.931456307709497056e-01
-4.448402602327574673e-01
6.765959819118361196e-02
1.000000000000000000e+00
-9.008095787426804169e-01
-7.841222579710238616e-01
-9.254753830647492741e-02
8.084318858687647991e-01
4.514010542319660813e-01
1.548526257932677785e-01
4.156204121573645743e-02
4.668319546550322996e-01
1.000000000000000000e+00
1.000000000000000000e+00
9.982507005446571435e-01
-4.958083493376282957e-01
-9.964873247156116332e-01
1.397266100223357177e-01
-7.409771591834585572e-03
-4.760159051255838381e-01
-2.458860299104390773e-02
1.685069881962613161e-02
1.195996824160417138e-01
-1.000000000000000000e+00
4.963822995703035673e-02
-4.067750959928422283e-01
9.875470629473206974e-02
3.854993216910486686e-01
-7.682483249278243553e-01
-2.294271314440322618e-01
7.161133913099103632e-01
4.175031737759352102e-01
-9.644981117934511294e-01
4.604659644129502905e-01
-1.806196177225385946e-01
-2.907409495183357340e-01
3.390551882012448615e-01
2.636775705347698118e-01
5.006084165821582666e-01
-3.078393934469780269e-01
-8.143292260832379892e-01
1.000000000000000000e+00
-3.496271310731315363e-01
3.270334271144979127e-02
-9.686931524415842709e-01
2.264172204834992153e-01
1.000000000000000000e+00
-5.017498487448803779e-01
4.176565960050486193e-01
5.407891590496162193e-01
-2.911036235778564629e-01
7.569854492484202613e-01
3.313326020994231680e-01
8.275000932955984823e-01
1.000000000000000000e+00
4.388211844598638445e-01
3.779689924580896254e-01
1.000000000000000000e+00
1.000000000000000000e+00
7.346601119732940610e-01
9.345402082072254424e-02
1.000000000000000000e+00
7.709185085472314292e-01
-3.488180370036584321e-01
7.209149211673113178e-02
7.276516387184274182e-01
-8.503703352897515888e-01
3.805689851125910739e-01
9.165396951053619290e-01
-3.382216459805329478e-01
-8.722467628957722985e-01
6.398423011042514430e-01
-3.637983420491242709e-02
4.150144481521361173e-01
7.040312580703311784e-01
-1.000000000000000000e+00
-1.000000000000000000e+00
1.907304248659538737e-01
-2.708666145109165160e-02
3.633919021623469581e-01
-6.120239452309773620e-01
4.774518555585182539e-02
-9.014843095548169538e-01
-1.425822792505534731e-01
-3.814928880284440549e-01
9.358710407646122498e-01
-5.509347961743611410e-01
-1.405577599716031079e-01
4.142130589557843634e-01
1.000000000000000000e+00
1.848027426162707487e-01
4.862996055763651460e-01
8.177540987336853195e-01
9.794466763358167238e-01
-1.103585414300095324e-01
-7.823155542601669676e-01
-6.544453396317209126e-01
8.953081306459201860e-01
2.942370205628921376e-01
9.710476322673500249e-01
-3.846932952481473822e-01
1.072143936655259727e-01
-4.820693991896193298e-01
-6.546177357763468541e-01
-6.389299610277490160e-01
1.417119089956103140e-01
6.272536834548464446e-01
4.417015653877733317e-01
9.852421772111729092e-01
1.893413712074769883e-01
-9.998548892647516340e-01
8.265041399882878670e-01
-9.650877248024651855e-01
-5.350624530960772507e-01
-1.329273035256062219e-01
-9.016381202910285497e-02
2.843116474385184306e-02
-8.612401109186380577e-01
2.847012310673961433e-01
-6.657259333591469819e-01
-6.421670483611137126e-01
3.820973010468516340e-01
1.848072800564263540e-01
2.243739131468149850e-01
-3.301788182218446388e-01
8.633663159225003492e-01
2.079388898751826087e-01
-7.621786243830909191e-01
-4.182133612605691830e-01
-1.000000000000000000e+00
4.371623858630366843e-01
4.720431156867723743e-01
4.283699378801164581e-02
8.489090734978967934e-01
-4.190099248453244551e-01
-1.669796039726558212e-01
3.727665306349554619e-01
-6.041088198343133042e-01
-5.172873753012456888e-01
3.183768421996073517e-02
7.236136592026265468e-01
5.030366328750481841e-01
5.864844582238600834e-01
4.797518656342939503e-01
-7.423162501641380473e-01
-1.000000000000000000e+00
4.270953747253233290e-01
3.723085771264024180e-01
3.315452334020364544e-01
-2.216176631684960430e-01
6.913387769319970788e-01
3.197504638911329300e-01
9.972566636605877388e-01
-1.000000000000000000e+00
-1.000000000000000000e+00
5.905135090900831552e-01
6.826581913914666622e-01
4.743411180259874405e-01
-3.209350912376321974e-01
-9.580052261660958468e-01
4.837517856877096012e-01
5.469284573664978666e-01
9.396452702668554036e-01
-1.000000000000000000e+00
1.000000000000000000e+00
1.000000000000000000e+00
-3.718641972095784176e-01
4.353168784049801787e-01
1.633027368676312832e-02
-8.288998414518308766e-02
-1.000000000000000000e+00
-5.112701654882075009e-02
1.000000000000000000e+00
7.850259082221928697e-01
-1.000000000000000000e+00
6.345189586339897853e-03
9.598446892532144226e-01
-5.039791455185091973e-01
1.218677483218397334e-01
3.172736784200133053e-01
1.000000000000000000e+00
-7.312249427757850917e-01
-2.810888858685448577e-01
-3.863386855382527352e-01
1.000000000000000000e+00
2.562372546814052909e-01
4.832387466526205655e-01
1.511402162611161226e-01
