5.292877910645938933e-01
0.000000000000000000e+00
0.000000000000000000e+00
0.000000000000000000e+00
-9.036924333490041761e-01
0.000000000000000000e+00
1.028936415957164563e-01
-5.617064554613260263e-02
-3.586426779981597424e-01
0.000000000000000000e+00
6.205771168198042087e-01
8.750312215810134298e-01
8.820937669218424926e-01
0.000000000000000000e+00
-9.132094549285516560e-01
0.000000000000000000e+00
0.000000000000000000e+00
4.613804686393185861e-01
3.200141765173849517e-01
-4.110559787023693179e-01
1.570493514998965168e-01
0.000000000000000000e+00
0.000000000000000000e+00
9.526781976277098885e-02
9.353947883029511967e-01
-8.130318561098384134e-01
5.675510261922567246e-01
-1.824598098422209880e-01
0.000000000000000000e+00
0.000000000000000000e+00
3.267581308006233254e-01
-8.696576033613701018e-01
0.000000000000000000e+00
0.000000000000000000e+00
7.124611990644651449e-01
0.000000000000000000e+00
-8.631456140051805281e-01
-2.933469772117307528e-01
-4.144176940757771099e-01
4.053710231187199753e-01
2.259494903587666581e-01
5.204402301249846374e-01
-6.692441193581046832e-01
-5.285489102922809046e-01
-7.870160411879625340e-01
-8.490284041645943525e-01
-2.136519906865024243e-01
8.522323118875745340e-01
-4.647631681959352168e-01
9.482905242547814417e-01
-5.315338855185807176e-01
-1.809503665400746808e-01
-9.365434118780102679e-01
0.000000000000000000e+00
8.333588800229143612e-01
0.000000000000000000e+00
0.000000000000000000e+00
-5.583435632752906663e-01
-4.550424532564010249e-01
-7.918584689913177321e-02
5.814197402817633531e-02
-6.378406441612112232e-01
8.661297070768405604e-01
-6.777843924113069463e-01
8.116059149899870206e-01
-3.980993383567101862e-01
-1.786793181330135205e-01
0.000000000000000000e+00
1.981249220845140435e-01
0.000000000000000000e+00
7.551507869356122171e-01
9.640827788400267995e-01
-6.047085719063498566e-01
-5.806616364321597334e-01
1.121696298897802979e-01
7.957604903554214015e-01
0.000000000000000000e+00
9.207354198056367789e-01
-1.658807880767581011e-01
0.000000000000000000e+00
9.991606977520177679e-01
-8.044735265153257764e-01
-6.294816650417798254e-01
0.000000000000000000e+00
-7.557164016884092561e-01
-9.650035533661927012e-01
9.123707461006498320e-01
-1.311792812474223968e-01
-9.852878346122058151e-01
6.152320631833712028e-01
9.660047644414559986e-01
-7.963313320306395493e-01
6.224392180978211009e-02
-1.882127870152272564e-01
0.000000000000000000e+00
-3.604353354666818277e-01
0.000000000000000000e+00
-5.508422492164879447e-01
1.282674157573588936e-01
9.373124838231894351e-01
-5.150908107297498262e-01
-1.385352008615847730e-01
-5.984670531062508125e-02
-5.008207326284082050e-01
8.424545459688330684e-01
6.277144039905668826e-02
0.000000000000000000e+00
0.000000000000000000e+00
-4.856853195970214365e-01
-1.879832178586529068e-01
-9.783466201939017282e-01
-4.834587150988078896e-01
-7.826855360357121150e-01
7.197386626961743694e-02
-9.196465899876422601e-01
7.777189988661719067e-01
7.390877086610172508e-01
-5.011088294716554703e-01
9.165868476383660646e-01
-6.057376608885116642e-01
0.000000000000000000e+00
-8.249287179386088908e-02
2.079437977192890585e-01
0.000000000000000000e+00
5.627876879272553090e-01
-2.796577051908124556e-01
-9.525300422195923655e-01
8.960837022019190190e-01
-5.256322825061421344e-01
0.000000000000000000e+00
-2.048376800918734197e-01
0.000000000000000000e+00
-4.898165619773164892e-01
-9.380257161768328356e-01
0.000000000000000000e+00
-5.495041327365359773e-01
-7.210489360836676020e-01
1.664525117923729702e-01
9.844943334644955524e-01
0.000000000000000000e+00
4.978268295158094769e-01
2.874564218205739596e-01
-6.436109194813688372e-01
4.687211649499378741e-01
0.000000000000000000e+00
8.124827750295358086e-01
-2.171186944898266802e-01
-7.655561914477877483e-01
8.138001915474679659e-01
-6.892851187924573519e-01
-9.789127968031414717e-01
-3.229288512820045476e-01
9.406023344256675411e-01
7.177119205864872509e-01
6.294277545715778466e-01
5.974958771955054537e-01
0.000000000000000000e+00
0.000000000000000000e+00
0.000000000000000000e+00
0.000000000000000000e+00
-6.497900674202605753e-01
1.753892009321471601e-01
6.452574500453887030e-01
0.000000000000000000e+00
0.000000000000000000e+00
9.165612215150154007e-01
6.196466377942047021e-01
8.859875094172737775e-01
-6.464750738806732677e-01
-6.256021483241067660e-01
5.027758430231852316e-01
6.055349750649314799e-01
-6.111349521232329884e-01
9.513406506166151022e-01
-6.679217575440079546e-01
9.251327935944850811e-01
-8.790600256082485853e-01
-2.726349761714641495e-02
-6.409697445186177678e-01
4.189299502601162573e-01
4.963552089158900227e-01
-6.710976519879960911e-01
0.000000000000000000e+00
0.000000000000000000e+00
6.653603944995847286e-01
6.669589458616527189e-01
9.241181313301694011e-01
-9.770910035881790190e-01
8.377245342101762304e-01
0.000000000000000000e+00
-1.686739801399470551e-01
0.000000000000000000e+00
3.000205375204947345e-01
3.087502216688791101e-01
-8.473977583594627383e-02
-4.281898367545200479e-01
-3.470082005912420442e-01
0.000000000000000000e+00
0.000000000000000000e+00
-1.591441945980165418e-01
0.000000000000000000e+00
-9.346833986509730519e-01
6.110974948496585846e-01
4.190776351093550289e-03
-9.285525740150237795e-01
-7.190745485237404200e-01
7.521075709655506980e-01
-4.358747538484983863e-01
8.704783654539585136e-01
-3.909578945087721635e-02
4.312459760966433908e-01
6.213022316061980188e-01
-1.860534575384253930e-01
9.081838311195657987e-01
5.197773308763313782e-01
-3.927479589529478954e-01
-4.176499013934131810e-02
-2.018452309219433971e-01
0.000000000000000000e+00
-6.093071485359939921e-01
-3.474131678865728379e-01
-8.952045760170501687e-01
9.000548871743407897e-01
9.753784647834855548e-01
9.101392967694299507e-01
0.000000000000000000e+00
-1.229153247999321685e-01
-8.522533663742493104e-02
-4.349194486275571592e-01
-7.905609957667971699e-01
-2.659170935606600672e-01
2.784778025943164259e-01
9.284053726967131936e-01
0.000000000000000000e+00
-4.896307621375266539e-01
4.656224973539364598e-01
-1.180385894746425191e-01
-1.235138213131081741e-01
-4.928044525179546831e-01
0.000000000000000000e+00
-4.170477694422307646e-01
-3.618592059120744331e-01
-4.758377372261668459e-01
6.103111776836438462e-01
-2.369958979324544579e-01
-9.837650018986174860e-01
-3.866914522181386094e-01
0.000000000000000000e+00
6.687075771960937498e-01
8.845429599300973500e-01
8.337732549131053883e-01
-3.856213702526358755e-01
0.000000000000000000e+00
8.220374139434374339e-01
-2.299801695459327000e-01
-3.649845004205423127e-01
3.761597655076529545e-01
2.444154455474469856e-01
0.000000000000000000e+00
1.527496145155837759e-02
0.000000000000000000e+00
-3.089899780639340232e-01
3.260740878214105631e-01
-2.130360176222081403e-01
-2.644055017570585697e-01
