8.077288293297562038e-01
8.220771804845126152e-01
-6.246317021748932774e-01
0.000000000000000000e+00
-1.503468458563936849e-01
-8.118176729413562054e-01
-1.727238648973297153e-01
-4.246754107578447623e-01
6.858185063804487225e-01
6.428531135427781873e-01
0.000000000000000000e+00
1.981599308848858154e-01
8.804044399719659353e-01
-3.188177497040254327e-01
2.951501201564132870e-01
2.770070120861098939e-01
-6.194493550109425595e-01
-4.582070662518316073e-01
-9.388054449317495553e-02
0.000000000000000000e+00
9.975842431277082145e-01
-4.509551469877892682e-01
2.017235788895821447e-01
-6.915573227429394620e-02
-5.568222236612629938e-01
0.000000000000000000e+00
-7.998666291514755500e-02
1.000000000000000000e+00
0.000000000000000000e+00
5.878513255636885759e-01
1.000000000000000000e+00
7.871662646528467810e-01
1.000000000000000000e+00
-4.249273158027890851e-01
0.000000000000000000e+00
0.000000000000000000e+00
0.000000000000000000e+00
-9.114078222764399051e-02
4.121234234212645120e-01
-3.598069481371068967e-01
6.854256718795765924e-01
0.000000000000000000e+00
-8.367075508378474247e-01
9.553398074616588076e-01
0.000000000000000000e+00
-9.291145367669240152e-01
0.000000000000000000e+00
-9.119866086090639978e-01
0.000000000000000000e+00
0.000000000000000000e+00
-7.394210293884369012e-01
6.145636007085282237e-01
-2.877892692076864378e-01
-9.917548692532325294e-01
1.000000000000000000e+00
4.948582352496164738e-01
-9.486579302070108355e-01
5.508822434280238323e-01
0.000000000000000000e+00
2.300877861926333701e-01
-7.951042948552382583e-01
7.295404263967730785e-01
8.633143755413283937e-01
0.000000000000000000e+00
1.000000000000000000e+00
0.000000000000000000e+00
1.000000000000000000e+00
0.000000000000000000e+00
0.000000000000000000e+00
5.831494800089345176e-01
-7.477273316694317273e-01
3.188324657538237350e-01
2.250623484923346407e-01
0.000000000000000000e+00
8.786969267135804618e-01
0.000000000000000000e+00
0.000000000000000000e+00
-8.892824925853093365e-01
0.000000000000000000e+00
-1.809246745401693612e-01
-5.639066778133778879e-01
0.000000000000000000e+00
6.912578315782429428e-01
1.000000000000000000e+00
-1.553019250371809878e-01
0.000000000000000000e+00
0.000000000000000000e+00
-1.476976673762691039e-01
3.526590545163039714e-01
0.000000000000000000e+00
-7.633137058897012661e-01
5.401354821960631103e-01
-9.782735132960640456e-01
-5.806765865340353105e-01
4.633704908754672225e-01
6.005648646514871736e-02
0.000000000000000000e+00
9.935863344941073816e-01
0.000000000000000000e+00
4.737690295432082088e-01
-1.488444288059627141e-01
-6.807374215357657743e-01
-8.888216298407602967e-01
0.000000000000000000e+00
5.449265573356785186e-01
3.198660734073448531e-01
1.798304406781321418e-01
0.000000000000000000e+00
4.243964101496850994e-01
-7.619937553565665489e-01
0.000000000000000000e+00
0.000000000000000000e+00
-3.122031646644969349e-01
-1.249851737597245105e-01
3.075738277142026078e-03
8.561883041107782866e-01
-9.801270638154264692e-01
6.508437024124780201e-01
1.000000000000000000e+00
-6.213951860501623070e-01
0.000000000000000000e+00
-6.657683264981382187e-01
8.971725457561969819e-01
0.000000000000000000e+00
-5.703862401172599128e-01
9.440161665961821491e-01
1.068691595677342399e-01
1.000000000000000000e+00
-2.058942071569291876e-01
1.831129626541416755e-02
-8.220488634659359750e-01
6.767029736836627229e-02
0.000000000000000000e+00
-9.149824771653523037e-01
3.118867916415306585e-01
0.000000000000000000e+00
0.000000000000000000e+00
-6.487972005257995889e-01
-3.652908813749349282e-01
0.000000000000000000e+00
-2.081652831007536619e-01
8.662209733590076066e-01
0.000000000000000000e+00
-8.176771726412370711e-01
1.339761614534882295e-01
-3.447721032649126993e-01
-9.004973993895415418e-01
0.000000000000000000e+00
9.384047360541205585e-01
7.812006871510051020e-01
1.000000000000000000e+00
0.000000000000000000e+00
0.000000000000000000e+00
0.000000000000000000e+00
7.787944149695014140e-01
0.000000000000000000e+00
0.000000000000000000e+00
0.000000000000000000e+00
-6.059553460934132829e-01
-6.233443297963812135e-01
0.000000000000000000e+00
0.000000000000000000e+00
-1.462231150093318277e-01
-5.855151166573628885e-01
8.518217050007232949e-01
0.000000000000000000e+00
0.000000000000000000e+00
-5.215383547159238020e-01
9.602511428768591983e-01
-4.422237374732822524e-01
-1.252307295145846933e-01
2.687382807658080797e-01
-6.786672911537023900e-01
-9.228500049986025910e-01
-9.311037035976208465e-01
-7.418614892079788969e-01
0.000000000000000000e+00
0.000000000000000000e+00
0.000000000000000000e+00
0.000000000000000000e+00
-9.965453893912628036e-01
-9.235791944154330135e-01
-9.710108669089967393e-01
7.883296121088123609e-01
2.489690108669251334e-01
0.000000000000000000e+00
-4.741108355254899376e-01
1.472243658784460063e-01
0.000000000000000000e+00
-4.648111252055207032e-01
0.000000000000000000e+00
5.990713965573550848e-01
-5.914916152372382552e-01
-7.083273248182098136e-02
1.089521449909760520e-01
2.678622999962250173e-01
-3.140286645407461830e-01
-6.701631193884718396e-01
1.153901439506328508e-01
5.320513954192296335e-01
3.923379214324060893e-01
7.166304428571064200e-01
1.503938385247716170e-02
6.401163122249371451e-01
-7.194550451761636545e-01
-3.543658920246697264e-01
-5.992962048058425584e-01
0.000000000000000000e+00
4.296329991352438871e-01
5.142655559232154339e-01
0.000000000000000000e+00
0.000000000000000000e+00
0.000000000000000000e+00
8.737237579220296091e-01
-7.777153572059984921e-01
7.297675236685852163e-01
-4.136943114287086054e-01
-1.912528263738089152e-01
-6.386734077408873222e-01
0.000000000000000000e+00
0.000000000000000000e+00
0.000000000000000000e+00
0.000000000000000000e+00
0.000000000000000000e+00
-4.439863010756666117e-01
0.000000000000000000e+00
-3.314674950921197016e-01
0.000000000000000000e+00
0.000000000000000000e+00
4.570244297214129947e-01
0.000000000000000000e+00
9.516079167808093597e-01
8.711962369576307097e-01
-8.650214112066016980e-01
6.667802176944959136e-02
-3.339167700754290813e-01
0.000000000000000000e+00
0.000000000000000000e+00
0.000000000000000000e+00
5.745103315855661918e-01
-9.708157719209957737e-01
-7.362193712585316518e-01
0.000000000000000000e+00
-4.733626630558085413e-01
4.616643257572561332e-02
0.000000000000000000e+00
0.000000000000000000e+00
0.000000000000000000e+00
2.549555228851096977e-02
-5.341252312191380192e-01
0.000000000000000000e+00
-4.459677945112321407e-01
-4.102593785982662222e-01
-3.753538457138079210e-01
0.000000000000000000e+00
0.000000000000000000e+00
0.000000000000000000e+00
8.948577246518163442e-01
-2.543705706889505258e-01
2.892042059950366006e-01
-8.671688527790144541e-02
9.304179912206889114e-02
-3.824577904755999125e-01
5.816911834007181259e-01
0.000000000000000000e+00
