1.250161086096220453e+00
4.030675157469493231e-01
1.895452102989338417e-01
2.999499287057902364e-02
6.036769844803124840e-02
2.248339143351107960e-01
2.673944444994228453e-01
1.863025158440198559e-01
7.321203495272292638e-01
-3.647734101757387215e-01
-7.374912888569017388e-01
-3.082394829200191255e-01
1.812592989399681165e-01
-9.892225932597346061e-01
5.075983185605024151e-01
-2.980874033238318788e-01
-3.220445953705446396e-01
5.672678244082480781e-01
-3.447639396195373296e-01
9.698010206696427993e-01
6.554674116927885485e-01
4.020635908390593483e-03
2.486580670814660943e-01
-5.339187091666520724e-01
1.231632111886192149e+00
-3.313290978874191758e-03
3.928993361125254768e-02
4.794899936756917835e-01
-8.492676846905226062e-01
-6.014679507737506758e-02
-1.419950343665681292e+00
2.361961444021593026e-01
-4.509119095490296547e-02
-9.652265535752115877e-01
6.958875470998666657e-01
-5.666993535224746914e-01
6.138989679284744261e-01
1.517012522944116010e-02
6.968935469804677929e-01
9.864634481996389925e-02
-5.209215482950249054e-01
4.326299650128810903e-01
4.684615197810271803e-01
-7.430153503198002607e-01
-5.703394954302808406e-01
-3.211188481605938005e-02
-6.668733010759535507e-01
-1.836997829077391398e-01
2.826955663091137438e-01
4.024748972328372199e-02
-8.765121754787410513e-01
-1.545509739646748093e+00
1.910579956932707824e-01
1.020108459171683357e+00
1.376558937193438581e+00
4.044114733174355436e-01
-9.708710527625674658e-01
-6.304422167832046675e-02
-3.142336008013682513e-01
-1.162808384380895343e-01
1.824792059667225685e-01
2.981916870138520137e-01
-7.848238803805738240e-01
-2.477476339337540689e-01
6.492048193750257767e-02
-4.822889553286158204e-02
-4.297965422151458492e-01
-9.827277924142449050e-01
-6.322101041883861905e-01
4.964632149464818789e-01
1.033935865303009238e-01
-1.021003861222702924e-01
-6.831514998432980379e-02
-6.422759983844699150e-01
-1.218345406970570421e-01
-5.291343271312187735e-01
9.249715378281360145e-01
1.013216139824628215e+00
1.437750241163667231e-01
2.405797228649945441e-01
-1.456052591419239872e-01
-7.765256417571715364e-01
4.910360419715686930e-01
5.032704408316155398e-01
6.739906329344571567e-01
-1.070336289145841668e+00
9.887175222634481120e-01
-3.758741951118256264e-01
4.829424208195725599e-01
3.750773427894387724e-01
1.612680971747320946e+00
1.963915406478732750e+00
-5.219718421741361691e-01
-7.997871587516811598e-01
9.340946011331290322e-01
3.086168230179079375e-01
3.743753822903601036e-01
8.897556329484437865e-02
2.087796288580138215e-01
1.650350458513867302e-01
-7.987200463214645663e-02
3.488200807063643327e-02
-8.446691086675961468e-02
4.591361470841541781e-01
-5.837621898294300671e-01
3.821578352166383197e-01
-6.642604914730132482e-01
6.299000204444833440e-01
-4.293408703308672081e-01
-4.638296558122456670e-01
-1.417793939571160067e+00
-6.297380495536941680e-01
-4.219685842097660178e-01
8.697042740178768661e-01
-8.124966476294932516e-01
5.246547866805990612e-01
-1.268254570119563329e+00
8.704566762872018026e-02
1.706003822815582438e-01
-7.402810467401476080e-01
-1.061846280234556017e-01
1.301408511549916047e-01
1.320984472742843030e+00
-8.599066915632229691e-01
-1.330060996454813516e-01
8.134020151189391701e-01
2.611897664879941350e-01
-8.128374676444392044e-01
2.659580821519211269e-01
-5.316882664890187904e-01
5.520530688678922104e-02
-2.567457177084427888e-01
-7.198124839416938370e-01
-1.438936239073002887e-01
-5.965339032345982062e-01
-6.311318706012065682e-01
8.829362277693200145e-01
9.582722590766825643e-01
6.418572347085431673e-01
1.942895416143822218e-01
5.823667202020077482e-01
1.585072973027073368e-02
1.155072334819626789e+00
-5.296452078812265984e-01
-3.433876711775309121e-02
4.936233306528806652e-01
-2.088292278079244974e-02
-2.369542203127846802e-01
-1.316668587152164172e+00
-7.233179971303840272e-01
-2.805986923613736916e-01
2.614366973159920615e-01
2.665980907775772346e-01
7.378877682986894060e-01
-7.091635181766706708e-01
-2.761721035403862379e-01
2.444181741101144889e-01
1.230831539909677419e+00
-2.799978338592388760e-01
1.309707417850844435e-01
3.090759076487327728e-01
5.137355788292636838e-01
6.714175150775669731e-01
9.213045206290131350e-01
4.904843854621129262e-01
2.554982420375337959e-01
-4.676852660149910523e-01
1.714227825780749948e+00
2.589387267881590460e-01
2.692563911281497524e-01
3.665546648670054974e-01
1.575886702298905373e+00
1.904238898800169610e-01
2.368052582327963007e-01
-8.533280877500757367e-01
3.000674856131352319e-02
1.022135314963333208e+00
-1.310093908535606921e+00
-6.026593970474642958e-01
2.791933188453392667e-01
1.097965020760226063e+00
9.872638076071053037e-01
3.063008689840746035e-01
6.705771104147570938e-01
-7.660315210553743093e-01
-2.026357863903757994e-01
1.174371284229726031e-01
-1.565061529508550375e+00
-3.657245883292487010e-01
-2.946381922559638267e-01
-2.041513525886106684e-01
-1.115304587695164162e+00
4.919187592584081670e-01
5.528396222230342882e-01
1.430891504387636626e-02
-1.796538048363010565e-01
-9.393723127216722923e-03
-6.557540151497904812e-01
3.487293657512139378e-01
1.147891319743757910e-01
5.150571269760734205e-02
7.534864607507583134e-01
-2.852449463837986206e-03
-4.591539935521788962e-01
-5.158784601517532042e-01
6.350545431353487036e-01
1.178985251790020783e+00
1.768344380184382336e-01
-1.997388442056748370e-01
8.006164426811800822e-03
-1.789312698866600271e-01
-1.103599560474072483e+00
-4.270128401907508087e-01
5.275260717535047439e-01
8.145914233191040577e-01
-5.639046762616000130e-01
-2.599455370659855546e-01
-5.724427037009376384e-01
4.678572217749051854e-01
2.059233340080253993e-01
-1.123898237789346055e+00
5.734390300790545916e-03
1.563597951060768654e-01
2.981296145756746618e-01
-3.491563353877621401e-01
-8.391621443518647583e-01
9.127659875650696586e-01
2.279384040168458136e-01
9.986217621912341080e-01
-4.388910095213353069e-01
-4.844895401388240042e-01
-5.649940647816422690e-01
4.279137328910865845e-01
3.419160762429899192e-01
-3.487536764013182689e-01
4.495708299572790945e-01
7.450336052340586490e-02
-6.253143852111865686e-02
-1.205839194597450259e+00
1.748861758343939754e-01
-9.333540941361955223e-01
4.059059498061136084e-01
2.882029584887776386e-01
-7.228651118871483039e-01
-3.805758655145314306e-01
7.482120725444020293e-01
-1.627704121519158997e-01
1.224968694346532661e-01
7.220676037006807935e-01
2.445022329575967657e-01
9.573656352478150389e-01
8.803722698284361936e-01
-2.795884251303046297e-01
1.837951378798757807e-01
-8.812780669210302786e-01
-1.467031271021056682e+00
-3.543174571198211553e-01
1.541068406693218762e+00
-1.160486022672045037e+00
4.329802764680483751e-01
-1.718409102562012403e-01
-2.287403889519482314e-01
6.214613809418776391e-01
7.191043785244508602e-01
9.354019113896485660e-01
