-5.037817449278398918e-01
1.193812089211428340e+00
7.112544258781756668e-01
-1.214276260175733535e+00
4.311162824009826533e-01
-7.047916947534638155e-01
1.144073889205020844e+00
1.232147292613887946e-01
1.535015955751393602e+00
5.159489732224920022e-01
4.614590908781410761e-01
-2.989761414091554048e-01
-2.817417739372373164e-01
-4.822779174485152254e-01
-5.508154444003381389e-01
9.479888569033347867e-01
-6.945598894529938505e-01
4.281535216536466182e-01
3.053034657132296381e-01
3.115870326637422139e-01
6.494208015663760492e-01
-1.240583062432306427e+00
2.167761370454484027e-01
-1.540985906849416720e+00
3.381778597039996059e-01
1.765795521191305117e-01
-1.751398538628442081e+00
6.223934232679110418e-02
3.636685876759599423e-01
-9.096004186842917560e-01
3.625988524898687837e-02
-1.487651541324335192e-01
1.387945570727517897e+00
7.305519952074696066e-01
7.418272897952058464e-01
5.874654853929257570e-01
-1.053628589763267731e-01
1.586598245602097723e-01
1.622474070963692561e-01
-3.527793835131226019e-01
6.572927190995854208e-01
3.791234620979209557e-03
-1.411574775192060649e+00
-6.383049591188154626e-01
-7.106779897444539529e-01
8.694839871517298646e-03
-4.107487979879810847e-01
7.272287960391763395e-01
1.132749585386958746e-01
-1.499499318794577984e+00
-6.008700213901752019e-01
-5.552025533283295733e-01
1.078239655200331493e+00
8.239745461873321242e-02
-9.701142758362464313e-01
2.368310469859194294e-03
2.462371147992331311e-01
6.154914287926622762e-01
-4.412238158164758506e-01
-7.933596928202114595e-01
2.516162921583282586e-01
5.758461344884746591e-01
-4.032973594611699575e-01
2.017394947720034359e+00
-6.012975864461933551e-01
1.119701835795558598e+00
-4.114361953442606246e-01
1.954745986429500260e-01
-2.643279416629034095e-01
2.732323176535170761e-01
-9.873623035832627959e-02
1.025569209198672116e+00
-2.630860332646068334e-01
-9.465750300175530541e-01
-1.915764992386138621e-01
2.757678314469270281e-02
1.882511187917434992e-01
-8.034141958547779128e-01
-3.334951896391590842e-01
1.218532309367742483e-01
3.370751530636042492e-01
-1.406542050100262120e+00
-2.001394684401841317e+00
9.302235703113107546e-01
2.733223593082226288e-01
-9.129574740770911578e-01
-5.559132908534863970e-02
3.955587468165930876e-01
-1.964294762584606613e-01
-2.642135964333566234e-01
1.407697449505062037e-01
-6.519055698653273279e-01
1.395544382763215685e+00
-5.676130204661533618e-01
-2.525308403985534467e-01
-1.663083601620181096e+00
8.231174440386743729e-01
2.322779605353725962e+00
-3.766759724004208998e+00
5.591491935127801405e-01
-3.781071794826929011e-01
5.615824653769290187e-01
-2.309548425467781163e-01
6.098153922604523380e-01
6.662268774892734502e-01
-9.068097212564862897e-01
-1.413092429755223867e-01
-4.520041334944487343e-01
5.497627389354464711e-01
8.466579158210864042e-01
-7.649883953371674483e-01
-7.059271858613745676e-02
-6.581342701243597659e-02
-4.610994881105517917e-01
-7.305104263793127384e-01
2.302135828762532088e-01
2.798939551003868376e-01
3.918412032110791809e-01
-2.871607111594817852e+00
-1.745373034148525043e-02
-5.975920988313547788e-01
-6.615397738897064173e-01
1.957373316479804615e-01
5.231597332482293972e-01
-7.286302500454202580e-01
2.325636580186586144e+00
-3.638742216182349054e-01
5.693921160117694225e-01
8.191697748637918330e-01
2.810852258229609157e-01
-1.179251077858527452e+00
-3.831635255410568985e-02
9.774846230954060688e-01
1.638301582288322900e-01
-3.605099227673570494e-01
-7.575759004076267900e-01
4.390042376687972592e-01
-3.796150961664138679e-01
2.561355549801303672e-02
5.262140259468280901e-01
-9.541612439972388393e-02
-4.726396261507133101e-01
3.309137176573487826e-01
-5.011478331542101872e-01
2.296604622774045534e-01
-4.873152179806645723e-01
-3.061456761464322329e-01
3.653044993608778324e-01
7.579110017147512313e-01
-5.115114616746352372e-01
6.634936463522813632e-01
5.641442986645694990e-01
-6.092702220607681962e-01
5.820892265957475775e-01
-6.806274508717697902e-01
-3.161444173614039732e-01
3.361622224616052090e-01
-7.170074592962931703e-01
-4.514619946527060890e+00
-3.752049140963911733e-02
-4.749428145958262126e-01
2.249066843184064912e-01
8.473657077613039323e-02
1.172315606673024480e-03
-6.945713856098174599e-01
-6.279192357235681143e-01
-2.349794745011558050e-01
-8.778149995378549120e-01
9.301067316269506779e-01
9.388364912435962495e-01
-5.412404302589777227e-01
3.480042356427517358e-01
1.398754360995299262e+00
-6.662829847997331356e-01
5.074804909558994215e-01
-1.026565049974029087e+00
-9.146038550204715900e-01
6.081066751875305876e-01
-7.716820683227364475e-01
1.478880631617775165e+00
2.161750038438596533e-03
3.075203271335703592e-01
2.136972570744851418e-01
1.822148003690266804e-01
1.301648796647234985e+00
1.482493897652567838e-01
5.791184979420584966e-01
-8.138924843816146559e-01
-1.548573462564524217e-01
-1.275639315044226896e-01
-3.039431621305636044e-01
-9.026845344606212462e-01
7.998890982105124614e-01
4.422258364579688683e-01
6.207089618285801524e-01
5.633725037790070500e-01
-1.190077871451111942e-02
-3.617800005468272406e-01
-2.213117119111673858e+00
-4.567407321017402655e-01
1.056016356532565093e+00
1.086719180521977524e-01
1.306754854833171331e+00
-8.182859748522770538e-01
7.424469497456828160e-01
-1.143388956173218229e+00
-4.292879167075916436e-01
7.335795851470661155e-01
2.402656807673115569e-01
-9.880270658879686252e-02
-8.072302445875525478e-01
3.859433265231258792e-02
5.099274979717889344e-01
6.300140969218663844e-01
1.527713189906589331e-01
-2.988881940207058996e+00
-2.979476318450132166e-01
-4.074884237612811377e-01
2.347045231311256641e-01
-5.415134611579659474e-01
-1.967048267214394908e-01
-8.899301861000410430e-01
-3.628688909120590944e-01
-1.149421249444930182e-01
4.503663164854191936e-01
-9.899795133103787004e-01
-2.810843532852352888e-01
1.348433653252091302e-01
4.765499458658821186e-01
7.896897789132482082e-01
5.178292299718589842e-01
-5.212037071756792095e-01
-1.103229709151702487e+00
-5.394496970162303562e-01
-6.158117799442715257e-02
-6.274931724684968959e-01
1.091682539231900506e+00
5.656917276821178397e-01
5.098671007933650717e-02
6.159485631325634092e-01
3.657276621077824030e-01
3.041682809803448739e-01
1.689891202554016481e+00
7.996463210521025378e-01
-4.297163790870512368e-01
1.504624696971401221e+00
-7.034446856654722469e-01
6.402565784823306405e-01
5.952095804568404702e-01
-2.178003456326959020e-01
1.392646143911160816e+00
-5.322679618651748878e-01
-4.409170804646757036e-01
-3.225766028148299158e-01
-5.440511223530752893e-01
6.709229914497853720e-02
5.003903178242943284e-01
-6.564724347409915950e-01
-1.550343028226935371e-01
1.230843747936257448e-01
-8.917511721554720605e-01
9.969969851740141387e-01
-1.390698930189677648e-02
-1.857464637241175442e-01
-7.028857397879448854e-01
