2.067165956573089325e-01
6.652528383791775912e-01
1.554751792128028498e-01
0.000000000000000000e+00
-9.432030489854876798e-01
1.660358598488949067e-01
0.000000000000000000e+00
0.000000000000000000e+00
0.000000000000000000e+00
5.174950037867269703e-01
-3.932644546199175473e-01
0.000000000000000000e+00
-3.461130908665497330e-01
-6.574847291447305508e-01
-7.636333792976164325e-01
0.000000000000000000e+00
9.181441835146630925e-01
0.000000000000000000e+00
9.929155476910034306e-01
6.328238046136624995e-01
8.141585199353660318e-01
5.106983193367442553e-03
-4.759246883660273042e-02
-8.409792282995876000e-02
-5.693546287299182662e-01
3.064784930318114053e-01
2.287900069663304503e-01
-1.733896078745369440e-01
3.781345889764025081e-01
6.154368096203850502e-01
7.174231274725184626e-01
1.347460060410239358e-01
-7.523238105654208585e-01
1.114738499288490114e-01
9.434664927309803772e-01
-1.428989765006491997e-01
-7.415070451032323984e-01
5.776671211757078428e-01
0.000000000000000000e+00
3.354977264296477024e-02
1.851690481905925445e-01
0.000000000000000000e+00
-7.535336427417100857e-01
5.515668379252751663e-01
-9.254580646150534218e-01
0.000000000000000000e+00
-1.354195465213814398e-01
6.647038002722553962e-01
0.000000000000000000e+00
-9.260908101720461971e-01
8.677917513568629282e-01
4.125221457326058161e-01
9.010538166451915743e-01
-4.518582500643111288e-01
0.000000000000000000e+00
0.000000000000000000e+00
-2.865448009245585848e-01
-1.869230450632239915e-01
2.084770805880267197e-01
-7.674566493746073359e-01
-2.195924444997743308e-01
-7.221014826281493271e-01
0.000000000000000000e+00
6.765074272965889701e-01
-9.362291211101845256e-01
-3.096510738779689742e-01
0.000000000000000000e+00
4.993725222725609036e-02
-1.995393074389122390e-01
0.000000000000000000e+00
-7.509131009183667160e-02
-8.345306046846108217e-01
7.908398283760078584e-01
-3.507675861931636163e-01
6.581726684917470482e-01
5.492869658997729942e-01
-9.864743492755041476e-01
-7.297250732830862230e-01
3.179341264561006408e-01
-8.017277018594060056e-01
-9.142062288032151152e-01
0.000000000000000000e+00
8.423651692601041852e-02
0.000000000000000000e+00
0.000000000000000000e+00
-4.999987201215849719e-01
0.000000000000000000e+00
0.000000000000000000e+00
-6.369231323267277034e-03
0.000000000000000000e+00
-2.665462763753267961e-01
-3.808673514505189761e-01
3.204547152863181925e-01
-8.416823254674703492e-01
-7.458384661255685888e-01
-1.894622650359303329e-01
8.639175970222423562e-01
7.547527725367075835e-01
-1.635977980684426569e-01
-3.190492883604878482e-01
-7.369918305298535088e-01
-3.525959989834979158e-01
-5.164667114907499634e-01
7.730962195320578711e-01
0.000000000000000000e+00
-9.242527570120080416e-01
-3.248861972581489344e-01
-2.477126528347881607e-01
-5.037575316945972492e-01
3.219196910999611028e-02
0.000000000000000000e+00
-9.324936276280288983e-01
1.000000000000000000e+00
-6.408378885282131066e-01
4.669178878563617907e-01
-5.945520806230080169e-01
0.000000000000000000e+00
1.035026181044469418e-01
-3.980672491013508285e-01
-3.153166591620464310e-01
4.826357148130935304e-01
0.000000000000000000e+00
3.089616123397740388e-01
-8.320076806725109630e-01
0.000000000000000000e+00
-7.501418280224081414e-01
0.000000000000000000e+00
-8.630460152800223383e-01
5.914026886139938100e-01
4.872222679255910904e-03
0.000000000000000000e+00
0.000000000000000000e+00
-7.396357602682157584e-02
0.000000000000000000e+00
0.000000000000000000e+00
0.000000000000000000e+00
0.000000000000000000e+00
-1.061513768009636483e-01
-9.524296397020630689e-01
6.820275987605144419e-01
9.009158737990128341e-01
0.000000000000000000e+00
0.000000000000000000e+00
-4.039190045096443527e-01
1.000000000000000000e+00
-2.943065865185054975e-01
0.000000000000000000e+00
8.452702787982027122e-01
7.279038906240717921e-01
-4.246138767822673632e-01
1.679504053795364271e-01
0.000000000000000000e+00
1.000000000000000000e+00
-6.071810558862678064e-01
0.000000000000000000e+00
7.582563453180684032e-01
-8.260977040452843756e-01
8.700426740557878347e-01
9.489265730093212614e-01
-9.144691287939110680e-01
0.000000000000000000e+00
2.787058522024032925e-02
-6.934947920955245593e-01
1.000000000000000000e+00
-5.543048287567056143e-01
0.000000000000000000e+00
-4.385624400762375696e-01
-8.022343828428295520e-01
0.000000000000000000e+00
0.000000000000000000e+00
7.928162707375197016e-01
1.211577419452629645e-01
7.785200682989885657e-01
6.048770818269753047e-01
-2.960279554846034777e-02
6.412578502965065042e-01
8.882633756549866977e-01
-4.059069788349511931e-02
-8.022780329597201110e-01
-5.001315619162103321e-01
-8.135850652559772911e-02
-1.654479566529085677e-01
-5.492756545065293761e-01
-2.262754867881433540e-02
4.815712207823372726e-01
-1.400947296236063622e-01
8.105860231295449747e-01
-6.148442582398905287e-02
-7.370269007372467485e-01
-6.923190884065262285e-01
3.960692172258672983e-01
7.085953056302793929e-01
5.937140413662285177e-01
-9.774975775731167271e-01
2.475256644399470574e-01
8.674431658732204564e-01
-8.057898294559437957e-01
9.066415712448934183e-01
-4.030462866649779929e-01
5.365033348737042740e-01
-7.513372318638411596e-01
7.207261349254954208e-01
3.494086801928069086e-01
-2.936589606615682690e-01
-7.916699823838295735e-01
-8.724073874122453276e-01
9.530808465195772516e-01
9.980689234870259163e-01
5.521061898450199124e-01
-6.845884667089074949e-01
-7.805864448583292869e-01
7.754164071790579094e-01
9.542430805609125599e-02
5.393401133001842762e-01
2.621090617056416328e-01
-9.636733239048183020e-01
1.836396936670641189e-01
8.848529646040645957e-01
4.906982487845630292e-01
2.707013110432745506e-01
-8.321680552810846176e-01
3.285961842702400659e-01
-6.281473989415080617e-01
2.256706540919730664e-01
-1.548289392608745985e-01
-5.752189059980918895e-01
-5.222505798900423102e-02
6.056296833685312908e-01
-1.756231946713022740e-01
5.292371334917447268e-01
8.876603723191036632e-01
1.928164869765152112e-01
-8.551609150027017492e-01
6.199469272335578207e-01
-8.440297990354022062e-01
8.334772306051074775e-01
1.753481017883140591e-01
-8.376055952342364996e-02
8.121892572447004799e-01
2.535325114319026962e-01
8.006973602637095233e-01
3.189053040935156957e-01
-8.625472739595234639e-01
8.820960737773833049e-01
7.652926946866380753e-01
1.246007238728421562e-01
-6.090763946845869636e-01
1.806803507925209828e-01
3.466310221898010191e-01
-5.734757652858388788e-01
8.355512593654004228e-01
-8.788519560802448005e-01
-9.413612384496983232e-02
6.244088633009716727e-01
5.315474440805780798e-01
-6.559490247637369542e-01
1.183961826722772503e-01
5.038028529394691368e-01
8.034675574570047107e-01
-6.461902600539748409e-01
2.741644910496428000e-01
-6.700957148575086286e-01
0.000000000000000000e+00
4.787846826398629574e-01
4.769315173039467837e-02
