-1.112080345690383609e+00
4.311589964315802881e-01
1.001464453898756934e+00
2.815599632023793930e+00
-8.494272429395646196e-01
-9.758755884267211744e-01
-2.604438375062126387e-01
1.666089326403471516e-01
1.121413381831656508e+00
4.750861383975908403e-01
-6.574270072866741366e-01
6.349803565879594824e-01
-1.430509285702126210e+00
5.435399125024865663e-01
1.781564476317352153e+00
1.562835055445359056e-01
4.376897209792414700e-01
5.191727749683294757e-01
-3.994457048619036721e-01
-1.028487906769005367e+00
-6.106213866739175489e-02
-5.929843271765082857e-01
6.228082902920689667e-01
-1.493542650803155424e-02
1.232188688995007331e+00
-2.294944272781274386e-01
2.271838844014185121e-01
2.282346807434000868e-01
1.157015779810167455e+00
5.544767064477624796e-01
5.199845700709526675e-01
3.550087888886289261e-02
-1.783933722491836127e-01
-1.014255240218217224e+00
-7.092659606303539643e-01
-3.337373720567789359e+00
2.126676235173037832e-01
8.437013000610550373e-01
-4.000217660869567760e-01
-9.982176250442629240e-01
5.121565102478493614e-01
2.104188757531063381e+00
9.984433435395462242e-01
-1.282889276706395965e+00
-5.012178873173718685e+00
-1.848180598023104193e-01
1.740592833702518938e-01
-4.745766502892764804e-01
-3.507032025057477687e-01
-5.098642315673196368e-02
1.053148899573302710e+00
-5.181884341412066330e-01
1.396546083350593270e-01
-2.369773601242574301e+00
5.543466345646226312e-01
3.631192572980538325e-01
1.358536872550392349e+00
-2.097584534187474148e+00
9.817337154726338277e-02
-2.579647247536523302e+00
1.519963422324498992e-01
-9.960710436689834690e-01
2.307507024693651321e+00
-7.954997111937396337e-01
4.426906263023537846e-01
5.675314559887261190e-01
-5.746647510096069417e-02
1.564455562005252709e+00
4.759514318383549769e-01
4.911836216370652486e-01
1.379583772326581581e+00
7.629021847452710503e-01
-5.526774224664520174e-01
-7.360391926159097764e-01
2.951251893793935821e-01
4.914086932983148526e-02
-4.197629271025721254e-01
-3.976809531449114754e-01
-2.689008310559860560e-01
5.639069710824680115e-01
-2.050478203350847295e+00
5.263902007704188701e-01
-3.837263767199586284e-01
1.257292686023840034e+00
2.866159662997738167e-01
-1.135942472054305430e+00
-1.625171822170416336e+00
-8.663100862240592503e-01
2.402203472563059217e-01
-7.535550790860738868e-01
-1.626014769084712874e+00
-1.688620079749088898e+00
-4.477834056473703472e-01
-9.288428193477370476e-01
9.617587541437028209e-02
-9.619257278033004344e-01
5.382152979512508928e-01
-1.255992523753648893e+00
1.080150229571588572e+00
1.712643420887121071e-01
4.194839874756062792e-01
-1.348987132632822883e-01
-3.866266481204274630e-01
-1.111051220995561639e+00
2.080897144235662466e-01
9.356160782191369485e-01
6.299782334954544538e-01
-1.847052892279813785e-01
2.702463697613634031e-01
1.613469506077239712e-01
8.451254883168368703e-01
7.945894437113774078e-01
-9.320745812954676079e-01
2.407150584140094751e-01
2.578051010011621624e-01
2.720973384348996937e-01
-1.630486426889732332e-01
-1.315141714570843501e+00
-9.142259192929342443e-03
-4.305888584900652294e-01
5.160962702518078205e-01
1.471161818968568014e+00
2.055260426867317136e+00
-1.082412871466146953e+00
1.717694618836725695e+00
-8.341930932406945720e-01
9.364262317895706289e-01
2.986271512451083021e-02
-8.666133262867509179e-02
-1.282500043716434668e-01
1.630494095195180182e-01
-9.609650654062245057e-01
1.482889180544020746e+00
2.073222311132045803e+00
8.209814681605168696e-01
4.512224319735331779e-01
-3.448933497458070541e+00
1.548723794268684895e+00
1.298769113898802230e-01
-1.035715810229138334e-01
-2.560190069838600424e-01
7.517952711323765413e-01
4.244806915502081779e+00
-4.725434646778188252e-01
1.959876143305743224e-01
2.315254955586235897e-01
-1.229027873818379302e+00
1.359006758892002509e+00
1.241271883157077038e+00
-3.055799238918078808e-01
1.084598730926758625e+00
-1.415570250256008134e+00
7.708428768205739523e-01
-1.693089136278435047e-01
-8.808023289133676270e-01
9.517606015482049653e-02
-1.695179705147822902e-01
2.252215088928888331e-01
5.078706779187822651e-01
-6.337701183987243247e-01
1.102045301315900172e+00
7.685769128997725907e-01
6.094016859081348159e-01
-9.323915297445828365e-01
7.293406783293250317e-01
-1.336134363717459195e+00
3.047638055469828466e-04
-9.121884037894282260e-01
-3.273542268577128711e-01
-1.579081974176512304e+00
-1.311872607093760301e-01
-1.221047515103427017e+00
7.730713862481658483e-02
1.121988629840522389e+00
-1.714475814651968300e+00
-1.968306251253076233e+00
-1.491432892860705128e-01
1.022473979162632052e+00
9.212316874510784181e-02
6.888072344980372685e-02
-1.012379631111314793e-01
-4.813116683598386847e-01
9.194173496387658684e-01
7.411116774340100744e-01
-1.990318903654327398e+00
3.802901436166798987e-01
-7.014825618723119494e-01
2.362964483643068547e+00
-7.823116139125374513e-02
8.294291205452573867e-03
-3.750005423763577705e-01
2.293402156071973952e+00
-9.946458436648295542e-01
1.567808981179418915e+00
7.885297899594505555e-01
8.541477867997755435e-01
4.179142612600827977e-02
8.491651868671451497e-01
-1.036734743696441363e+00
-1.268544260212086883e+00
5.046878390492295363e-01
-1.092906522033174621e+00
-5.042272176680198115e-01
7.289812128867938501e-01
1.709967521150050462e+00
-3.766257906798798349e-01
7.953532699749739088e-01
-4.607608402800511982e+00
5.433063812617778821e-01
-4.289354933293412220e-01
-2.466183824621248077e-01
-1.203638768715002083e+00
-1.057188829947168507e-01
1.967081230679585124e-01
1.004711641058267713e+00
7.322836360230022823e-01
1.437905222243376802e+00
-5.077369622299992002e-01
-2.975544669426029021e-01
-1.470934772707261917e+00
-5.835924512693498878e-01
-1.051669659144287838e-01
7.038375647700092497e-01
-1.655580721622508245e-01
5.497218694605042089e+00
-1.637138705593920163e+00
7.670654108160568363e-02
3.464212181937499357e-01
-5.198457929005587674e-01
-2.313006056832500879e-01
1.332376108057403030e+00
7.682076148805652149e-01
9.280139206879508551e-01
3.895172814531944194e-01
1.442949115952500971e+00
6.626111731901629387e-01
6.328052318677717114e-01
1.106992431059942716e-01
2.069157678140837842e+00
-7.343841613086078413e-01
-2.400935282295479090e-01
-2.508745499431456416e+00
-5.979259612827803050e-01
6.797432590496733651e-01
1.094581242762318884e-01
5.736713071420777160e-02
-1.284478868799962203e+00
1.218797739480515396e+00
1.183768417416004026e-01
-4.192618717528928673e-01
-2.600516864590525223e+00
5.628805172642181720e-01
1.035325064499778458e+00
6.668722057308781870e-02
1.131554939204947041e-01
-1.530614406585496301e+00
-7.464820576049582268e-01
1.232000854488142921e-01
5.897777156427121970e-01
1.270087251141769791e+00
-5.386623840602919877e-01
-1.285213002567993978e+00
-9.525109113971319541e-02
1.577093784729737269e+00
1.801484731065115863e+00
