4.025102621258238034e-01
8.839350218291965877e-01
-5.315551839867047601e-01
8.327805627737907557e-01
-1.364231875561645380e+00
-1.296474368620716522e+00
-1.084823621365714474e-02
-8.855785336860635404e-01
-1.557709218066235524e+00
-1.151216117159750807e+00
4.227384520967051307e-01
-1.178633320467422640e+00
-9.383124457390494833e-01
1.674006727737282763e+00
4.454424748893571345e-02
3.675558293843400604e-01
6.443520392872399416e-01
3.435806444272249682e-01
-6.959800762713228561e-01
-8.913291693407026095e-01
4.236834304381277283e-01
5.584440162688073528e-01
-9.169498754250073880e-01
1.099000441483252821e+00
6.506673607426795014e-01
-8.413352588708555846e-01
1.484722784209582924e+00
1.540735164090177023e-01
-1.401745870343656664e-01
-6.441803739972123966e-01
-6.819731814900011901e-01
3.708379981531451097e-01
1.036429928201832440e-01
-9.064049573825430084e-01
-1.164606009365295014e+00
-1.383545504316512798e+00
7.341911758799898879e-02
-9.061796905050863993e-01
-3.378073625593302154e+00
5.017561994557446781e-01
-1.190920750016229157e-01
-1.271100652140440435e+00
2.953822597627708824e-01
-1.077455665492933257e+00
8.687945922391783204e-01
6.166603724698549449e-01
4.244234433853016908e-01
-1.510246429540947677e+00
-4.689341864607747823e-01
-7.009465222190165712e-02
-1.750917254506739185e-01
4.235295459754836456e-01
-1.156528373349777761e+00
4.844520837341484976e-01
-3.754366615744429314e+00
-3.662700843381346827e-01
-5.185979743033527489e-01
-2.000421546954511687e+00
1.265844790531938546e+00
-9.323867920042701041e-01
-5.710958761263463801e-01
-6.308306293744778692e-01
-4.574029455701612568e-01
2.102531005998728719e-01
2.444986658584855643e+00
1.460141061001090979e+00
-2.650396623305640853e-01
4.149053554838821878e-01
-1.840170924186430579e-01
-9.116878860307740112e-03
4.348461946913210752e-01
3.061664933610836470e-01
1.865069488084658333e+00
2.276568502332971256e-01
-1.148254884879696819e-01
3.183768657568421534e-01
-2.289184302343202360e-01
3.153109196350776244e-01
5.205683268086459120e-02
-1.506103705330788856e+00
-9.564030524787896503e-01
4.465393471906988210e-01
-1.076910104430192305e+00
3.784111050366552598e-01
6.210170926646886302e-01
1.003069564285807846e+00
4.326238817552925386e-01
5.764485243199312103e-01
3.889504416985139490e-01
2.066258600897479702e+00
8.117778327876484790e-01
-1.637366930545810728e+00
1.482461478098080487e-01
7.460304886351811771e-01
1.342179688815825056e+00
7.891454981995660312e-02
8.252166197150941684e+00
1.632175445826169469e-01
7.342247476736799561e-01
1.506369525167514434e+00
-2.659680514667663864e+00
-5.578737273939656793e-01
5.989594875734169377e-02
-1.657745389630285615e+00
-3.283611406163406410e-01
-5.774999567324179406e-01
8.658805039130416936e-02
2.218026264490690902e-01
3.039105838543203486e-01
3.519088507858189607e-02
7.662469746328057774e-01
4.747870300271185562e-02
5.641240793938882447e+00
-1.465135627159837473e+00
1.931095995851594749e+00
6.310380638517303353e-01
-5.924586042896953786e-02
-8.744275087925179601e-01
3.296012519490212900e-02
-3.711645578696384229e-01
-9.868692510071181978e-01
6.836940104229570769e-01
-4.198350651160424718e+00
-7.908121441968353205e-01
-8.672348811846539718e-01
-2.846201452606494375e-01
7.711391825097715369e-01
-6.471131308604322063e-01
4.972988776902341757e-01
1.799158005265422133e-01
-4.512888316806822342e-01
-6.701605224898226076e-01
-9.238179552343303014e-01
-3.798272695663063026e-01
-1.897878120798923041e+00
-5.675556753918493680e-01
-3.197931651779873374e-01
-1.100437158502078905e+00
2.481246685596270873e-01
-5.204308069673134751e-01
-8.609483087598129858e-01
-2.293554795998548279e+00
-2.908808186153764019e-01
1.178274747890548438e-02
-6.136473901535984682e-03
-9.088058767696596263e-01
-9.757681671474347507e-01
2.084194972888016584e-01
3.121015883592311857e-01
6.445343309410512811e-01
-6.972333211280962173e-01
1.539762978099917357e+00
-1.347475288891372358e+00
-9.858864448167263816e-01
-2.079382633327093999e-02
7.725682914305831428e-01
3.188469846877160396e+00
4.380188526791943815e-01
-5.941267492388566662e-01
-3.376641982876086301e-01
-2.720964728640022923e+00
-5.921322045637257281e-01
6.763070625550986481e-01
-2.256326445545029924e-01
-1.627894926777561924e-01
2.076950832904263800e-01
-1.301165702878785413e-01
5.159107481924412042e-01
3.781824364381951575e-01
-5.281021026434523646e-01
-3.159968027329102536e-01
1.928037501306360202e+00
-7.807532240096536347e-01
2.752027461621204818e-01
-4.210897552847400860e+00
-1.091162707617410882e-01
-2.950080738047723417e-01
-1.098756833976081815e+00
7.931733861639329586e-01
2.587842965911429927e-01
-1.398123100238948036e+00
8.201758762425050142e-02
-2.860637946567516909e-01
-1.630002864027638942e+00
9.988583106489570818e-02
-7.127730903730502554e-01
1.183389348080221115e+00
-4.797579826480468657e-01
-1.077752306661016402e+00
1.147666180964562299e+00
5.601711421076771558e-01
2.349234829085622978e-01
6.064168258380816523e-01
1.697805910590864720e+00
-4.286853887804263907e-01
7.158379220871655124e-02
-5.705394145178344090e-03
-4.934898355261952974e-01
3.503608750263508265e-01
-1.269403827974844079e+00
2.956243964816590575e-01
-4.473376686988692064e-01
2.280547641184444141e-01
4.580272328606948662e+00
8.351506713383647362e-01
9.492733035124153451e-01
-1.114656859905041597e-03
1.152358731727133101e+00
-1.533490725779084185e+00
2.468582753494630022e-01
-1.931713069610093036e+00
6.329446166420218955e-02
4.667523067420249472e-01
-1.245456369555311804e+00
4.263264279287123371e-01
8.235070012838014986e-01
1.510849595246849919e+00
1.646310428812417959e+00
1.594368201770050453e+00
1.043631587311401737e-01
-2.006799915864841688e-01
-1.789820793823246436e+00
8.674188707866858916e-01
1.482827444916285042e+00
-5.026904623678092321e-01
-5.327890284442227120e-01
-1.132140081274759735e+00
-1.017050943057081991e+00
3.043432265043944512e-02
1.186073822243759679e+00
8.398327073654210384e-01
1.230640901449797792e-01
1.517345662942451434e-01
1.211094760717406515e+00
1.718828956820619980e-02
-1.545973637760979180e+00
-3.163302428620687334e-01
-1.040243408913653633e-01
-2.985073336946836298e-03
1.370950584211791945e+00
-5.317599976168115861e-01
3.306940459635534513e-01
3.075218377265053427e+00
6.360571646251832467e-01
7.569602074509854672e-01
-5.332737787344258962e+00
7.507059452157426038e-02
3.154481500761323054e-01
7.891132739646951055e-01
-8.764837625726611403e-01
3.856147779204414650e-01
2.525783832671483209e-01
3.575288444747551253e+00
-2.841135669322919499e-01
1.249589881124305718e-01
-1.731565763882855657e+00
-5.715997436340528592e-01
-6.021934689151230841e-02
3.350791402302895072e-01
5.954578760198562248e-01
-1.021887212410025197e-01
2.184847413550577988e-01
-1.534761560136232772e+00
3.655785373143937145e-01
5.491570485572798699e-01
