6.326609196724795048e-01
8.220787808276264208e-02
0.000000000000000000e+00
-4.005106354797534074e-01
0.000000000000000000e+00
-6.167999358471831783e-02
0.000000000000000000e+00
3.951174136831592243e-01
-7.417442764845851855e-01
-3.877823358969234580e-01
-9.175389989333082585e-01
5.909586356321310241e-01
0.000000000000000000e+00
-4.275300750262671645e-01
-4.688089736189611223e-01
0.000000000000000000e+00
0.000000000000000000e+00
-9.434283669113310289e-01
6.424234251822076303e-01
7.717935526091637133e-01
6.469036685847038282e-01
4.127993402844292170e-01
8.309754171769874187e-01
-4.273812487373194191e-01
-6.480493652075265398e-01
-2.962469081801570869e-01
-2.466185426505451694e-01
-6.197044152576076659e-01
8.866049757681422339e-01
-3.982126072485514534e-01
-3.118447322785617981e-01
0.000000000000000000e+00
0.000000000000000000e+00
3.564941325118988757e-01
-3.335502792964990526e-01
-4.019224772798102308e-01
7.604431759070833241e-01
9.431549959437102171e-01
-4.699731618174709524e-01
0.000000000000000000e+00
3.033667437935820832e-01
-4.858996030162787694e-01
0.000000000000000000e+00
7.981648661906532993e-01
0.000000000000000000e+00
0.000000000000000000e+00
-3.396528107747087688e-01
2.539412507628533433e-01
8.717079960708968844e-01
0.000000000000000000e+00
-1.187155239787849315e-01
6.879670713397665338e-01
-1.533430517694078787e-02
2.109861882686587808e-01
-1.641490565933685364e-01
-3.810506724751752117e-01
0.000000000000000000e+00
-6.807891513117867444e-01
0.000000000000000000e+00
0.000000000000000000e+00
-4.083861363607808048e-01
0.000000000000000000e+00
3.679435488571545232e-01
-2.206893208671978357e-01
-4.957126473839812419e-01
4.538221220180662652e-01
-7.072248007978352291e-01
-2.769691996045953175e-02
1.499766198758809566e-01
0.000000000000000000e+00
9.116990840460363899e-01
-4.259929575131278234e-01
4.695633666875338452e-01
0.000000000000000000e+00
0.000000000000000000e+00
-1.257885393508202387e-01
0.000000000000000000e+00
7.959282601890356190e-01
-8.779992580444007100e-01
4.564161442799654633e-01
-6.896166235394542987e-01
-5.265814353292361805e-01
8.987956563639944996e-01
-8.941090202201238402e-01
-1.096050573570510611e-01
3.749560685240340696e-01
1.443702357189233787e-01
4.855556025744713899e-01
-6.724579354232280703e-01
3.879541624786748688e-01
-2.890925237901753597e-02
3.694837607341383556e-01
-6.067811430934866301e-01
-6.786377730184316448e-01
-8.147813015450777741e-01
7.409853163644914975e-01
-9.641144858856736111e-01
8.015417069105963410e-01
-9.655525234115329702e-01
-9.595696249537639666e-01
-6.228689761678534165e-01
9.894621980264846073e-01
-8.560265917100784439e-01
-4.705084991909280756e-01
9.207257171373701699e-01
3.757579361562888298e-01
6.962624789412392712e-01
-6.636315900887648223e-01
-3.329057669965720390e-01
2.462668496787443484e-01
-3.971070850442386391e-01
7.935611058138496432e-01
-6.059391851963449316e-01
7.353130053471419458e-01
3.957421258937330322e-01
-9.432255212766011976e-01
-3.727283184853127374e-01
8.234227272143852527e-01
4.541183410965570211e-01
1.703057433857479985e-02
-6.084519221818729395e-01
-3.670315371099182045e-01
-5.282186910671302638e-01
7.895989405401762085e-01
-8.161917095488369078e-01
2.526104496867918048e-01
1.777772801426833471e-01
3.875956303407253056e-01
-2.086971077759982585e-01
-5.321411980563128807e-03
2.410624055659558174e-01
6.861858363836608188e-01
-2.374341206319308117e-01
9.723288967103396185e-01
-3.543115362697242254e-01
-1.052957698592016378e-02
-6.354092550220424851e-01
-2.611035688999314708e-01
2.782958602945528881e-02
3.737717546844423477e-01
-2.344900046835429741e-02
7.188458122268215345e-01
-2.355793835068493713e-01
-7.401825823828733775e-02
-1.387207489410617889e-01
-9.461351391409955625e-01
-8.572786536967182958e-01
-5.295530633853002822e-01
7.015296260103216497e-01
-8.921896066810564019e-01
9.811121911733233780e-01
-6.604468178160467495e-01
-2.914156276515291744e-01
3.710744980139950577e-01
7.021846420085873230e-01
9.255623726722927991e-01
8.439068510768770182e-01
4.666317748609016824e-01
-4.359754180939126034e-01
-4.258786278200688002e-02
1.784939835646610629e-01
3.746940112756846908e-01
8.867715999229324186e-01
6.067388806961064862e-01
0.000000000000000000e+00
4.982156668856769777e-01
0.000000000000000000e+00
3.466303350477881740e-01
-6.428520363799004045e-01
4.269851011487371117e-01
0.000000000000000000e+00
9.881519650536929600e-01
-6.941655787438871794e-01
-9.361085912076716475e-02
3.241264378610297925e-01
-2.815793403164190689e-01
8.803247059613061865e-02
8.839028288494210628e-01
-8.685589376953171126e-01
7.929417012035695489e-01
-1.924536417176145875e-01
1.615866071565466022e-01
3.262227969905993064e-01
3.792196310112034841e-01
9.405367210659603128e-01
3.292372023835334893e-01
3.756051812493410580e-01
-7.559898856615334672e-01
-8.971528280313718628e-01
-5.712699519604760301e-01
3.457698446737336173e-01
9.243886143609074679e-01
-6.339731819705298754e-01
3.055946514240781564e-01
-3.718511486926678877e-01
1.926457851857017456e-01
1.074125135497714378e-01
-4.889732639692678795e-01
2.446665272146453241e-01
7.483607847726136963e-01
-3.885903785964102131e-01
-9.415868808332161777e-02
1.771617759834183126e-01
7.122783493197371030e-01
-1.446340786462454453e-01
-2.239049857708239610e-01
-9.514992143296481242e-01
-7.446161978104763879e-01
-8.903324572674031767e-01
-5.687827441635473491e-01
0.000000000000000000e+00
3.444230463051987101e-01
0.000000000000000000e+00
7.898163990180808725e-01
9.380506464277527101e-02
9.419471453075090039e-03
8.170746863441258334e-01
6.331694395264355624e-01
1.970723410845600654e-01
0.000000000000000000e+00
4.326555379637786469e-01
0.000000000000000000e+00
0.000000000000000000e+00
0.000000000000000000e+00
-9.533899728034957999e-01
3.011679939841145348e-01
-6.369318161883930074e-02
2.236752181813654872e-01
0.000000000000000000e+00
-4.370560845443811626e-01
-8.552342107494430579e-01
-4.997832465843041749e-01
-5.689753173112497286e-01
1.720769058139062224e-01
1.713064031029607470e-01
-5.903168498708704082e-01
-2.629298890836655467e-01
0.000000000000000000e+00
0.000000000000000000e+00
9.175400559164552661e-01
-3.483489291855603742e-01
0.000000000000000000e+00
6.830890735831227634e-01
0.000000000000000000e+00
5.031326018050037430e-01
8.616394724016755990e-01
-6.368901062513359079e-01
1.354296004719248714e-01
0.000000000000000000e+00
1.450644297445311537e-01
-2.974233204293874611e-01
6.702111501789784764e-01
-2.580094200127682758e-01
-1.495218188531373116e-01
-7.732412809848696611e-01
2.172619652181544403e-01
8.250534417294468348e-01
0.000000000000000000e+00
-5.821975430510410998e-01
5.196639922160868341e-01
6.583415308828126644e-01
-3.807991891089386183e-01
4.022781672875379577e-01
6.114055458288203404e-01
3.703048169423373004e-01
