-7.869372754003975956e-01
5.937534879922228281e-01
6.400571919819206812e-01
-5.027390192949388048e-01
9.996363474255884896e-01
3.563768485175478062e-02
9.672362505910068187e-01
-9.740247080847408423e-01
-7.353373733698109760e-01
7.966000029033404317e-02
-1.778860905794732439e-02
9.746245151863417444e-01
3.591361932557177727e-01
-4.622461124224372941e-01
-1.130307262157959070e-01
5.771430185839634408e-01
7.127498955314082174e-01
-7.453632048948133360e-01
-8.127409761307393676e-01
-9.205545142011817283e-01
-7.933145406284978218e-01
-5.995280585060838163e-01
-4.602525221601891925e-01
-6.767623982085178014e-01
8.450530358348196103e-02
0.000000000000000000e+00
-9.328892693394652547e-01
3.713352289608071732e-01
-3.070080178374279267e-01
-6.344716117473114814e-02
-1.865369430268553064e-01
-2.495671387481690484e-01
-9.321817161824739184e-01
-9.427718191364384825e-01
-1.430838538669005899e-01
-5.784697808909722294e-01
8.769970213925770697e-01
9.829608992354335051e-01
-6.540758617459618840e-01
-9.896899331941104716e-01
-4.537323468248335434e-01
3.196505422439330779e-01
3.069617566043594259e-01
4.791276055917899068e-01
4.124825381713361772e-01
-9.886252383282485567e-01
1.601763551599741930e-01
0.000000000000000000e+00
-9.717447797703735457e-01
0.000000000000000000e+00
0.000000000000000000e+00
9.380132559927421010e-01
0.000000000000000000e+00
0.000000000000000000e+00
-7.345501188565228823e-01
-7.113956345259464520e-01
-7.562876933925282152e-01
9.190640367020022072e-01
6.073373836034339224e-01
-3.338515671452635392e-01
3.659673359679844751e-01
-2.431357848250481624e-01
-5.693746956322622843e-01
-6.919829254076921288e-01
-9.568967395297756084e-02
0.000000000000000000e+00
0.000000000000000000e+00
7.134410682863912001e-01
-8.781819246026505432e-01
-3.912868752320177723e-01
4.889916941723211341e-01
-2.119905474478618324e-01
-2.464685301073465951e-03
-5.809846733516879080e-01
-3.848367532058452056e-01
-6.550188472769176151e-01
-8.822353088643057895e-01
-3.525956259126634684e-01
-2.157996093421699069e-01
-5.790359714661728052e-01
1.031304939321999736e-01
4.426260043883674111e-01
-1.163247940315235152e-01
6.926554917110414600e-01
-4.197249155043003555e-01
4.118865008982346421e-01
9.020810657494393592e-01
1.869740129920849370e-01
0.000000000000000000e+00
-9.537731611716027125e-01
0.000000000000000000e+00
7.431775107196203489e-01
-7.225407411875199859e-01
-2.210127998768403046e-01
8.611572695807068190e-01
0.000000000000000000e+00
-9.262906439197984287e-01
0.000000000000000000e+00
-2.302661640296590484e-01
8.372737688495959230e-01
-5.944817909619188878e-01
3.206249960478135819e-01
-7.333261345097115136e-01
1.371363385852837347e-01
-9.662207457967864066e-01
0.000000000000000000e+00
-3.191602605522270153e-02
9.626205798750577802e-01
-4.879768178314405347e-01
1.083278013661583827e-01
5.681454552641720390e-01
9.977254976410723231e-01
-1.703807490693365345e-02
-3.140809380396996087e-01
1.494508340698930127e-01
-7.647684006411574753e-01
4.219946730207719821e-01
5.414725906435720049e-01
1.181045797879738402e-01
0.000000000000000000e+00
7.617210523748714213e-01
0.000000000000000000e+00
-4.750779514712721863e-02
6.836817096294192098e-01
-3.324411484070697309e-01
0.000000000000000000e+00
-4.220459105874601047e-01
-5.798526628263280802e-01
-1.061661586695963333e-01
1.000000000000000000e+00
0.000000000000000000e+00
-8.409954840959541489e-01
8.413056198901527338e-01
0.000000000000000000e+00
6.295432242327452244e-01
-3.960249426250752602e-01
-8.068745263652581379e-01
0.000000000000000000e+00
8.130883680357077203e-01
-4.063794034245398201e-01
7.723433759370950114e-01
7.261980140351713686e-01
1.693887630119854659e-01
-5.132083146422232733e-01
-5.758347148129439041e-02
8.459997939519066090e-01
9.912001840677731046e-02
-3.917204339005042613e-01
1.130084404084665817e-01
-3.540091907130116233e-01
7.750680304611146099e-02
5.729001445708237217e-01
6.374734648115309987e-01
-1.999283234333275594e-01
6.565962426767018023e-01
2.667878583416782856e-01
9.495525698118119085e-01
4.928913326181976196e-01
4.671593585551661043e-01
-7.623311397460641459e-01
5.101454761939010485e-01
2.874090762871928106e-01
3.735417746294558139e-01
7.945696028937858646e-01
5.727169046365971905e-01
7.420594158744366897e-01
8.306509630624241414e-01
-2.635996359586001425e-02
7.852417735393908416e-01
-3.637924215537420292e-01
9.982823519646817356e-01
3.343736723366634855e-01
1.082956139608490798e-01
8.280587114455595366e-01
-1.894756336216407711e-02
-6.209097750047301023e-01
9.972116666564025955e-01
-1.628061817195882721e-01
2.267658566206616211e-01
-4.316831083227956611e-01
6.353161623206688979e-01
9.216401988504132614e-01
3.790754158347571234e-01
-6.326758763713800082e-01
-7.944814915797233645e-01
6.227735610367952646e-01
7.187175577173019470e-01
-6.435947824433170261e-01
-5.675952670024342339e-02
-1.616888282740887028e-01
-8.918511697197146759e-01
-4.357837815329279607e-01
7.997809923971705981e-01
-8.676123672911180140e-01
2.760366828632787595e-02
-9.830537200182563051e-01
9.219241077883260083e-01
-6.127247272654787746e-01
-4.214052491983115711e-01
-8.981672024237385976e-02
4.969655641827157577e-01
-8.868231961086256998e-01
-8.505912213023980595e-01
8.768169505744083381e-01
-2.484044509381237997e-01
6.970078918113711275e-01
1.179213171160180540e-01
-4.656211942989010311e-01
-7.264125351115098272e-01
-6.477058541997549046e-01
4.335272723422134433e-02
4.647449945725403708e-01
7.551906728585799922e-01
3.479500925577503345e-01
0.000000000000000000e+00
0.000000000000000000e+00
8.892270028340329979e-01
0.000000000000000000e+00
9.989535177053285864e-01
3.091732880872923861e-01
0.000000000000000000e+00
0.000000000000000000e+00
-4.494469555148159490e-01
1.000000000000000000e+00
1.339338474665923151e-01
5.410576271446765340e-01
0.000000000000000000e+00
8.854629939868956523e-01
-6.238582869637196993e-01
-7.312357885790166101e-02
0.000000000000000000e+00
5.130206658194966796e-01
2.343644383673362253e-01
-9.341727922683906726e-01
-1.844044180369026620e-01
-9.706575916182389463e-01
-7.942838952265658392e-01
0.000000000000000000e+00
-1.079625602949385588e-02
-7.961426625023675374e-01
4.987916230830808928e-01
8.961539350453797681e-01
5.499469182576366411e-01
3.977509357031647763e-01
3.592459799338887372e-01
3.698806126545584050e-02
-9.014374917351415384e-01
-4.634729625937197284e-01
0.000000000000000000e+00
3.644376357044121217e-01
-6.095445496167464228e-01
-7.113453505804669952e-01
4.055535002965033886e-01
1.947659803126822187e-01
-9.154979805400349502e-01
5.179691480905912471e-02
8.952528287258492146e-01
7.616336573869737503e-01
0.000000000000000000e+00
-1.251390085364785243e-01
9.040573107563545374e-01
-4.438973888013999503e-01
-2.897801908274446614e-01
6.957254177069560619e-02
-1.234010859985437136e-01
