6.549204255249132522e-01
-7.624696745688945843e-01
8.547092088703895918e-01
0.000000000000000000e+00
9.227417724670134991e-01
-2.496555381932636930e-01
7.945327600645435417e-02
0.000000000000000000e+00
-2.247037223859800203e-01
4.292057181662416454e-01
-1.871063060310518278e-01
9.665310773886788276e-01
6.253954574621407581e-01
-2.679581211586157252e-01
6.265605807438130448e-01
-2.946077676725649130e-01
-3.212926409355227886e-01
-8.481137342865485707e-01
-2.565515238925064612e-01
3.333366447089927131e-01
-4.408361753853187182e-01
4.138926084672964745e-01
-9.937765058472134427e-01
3.537556197077467157e-01
-8.477592570982090958e-01
0.000000000000000000e+00
-7.522836263379781840e-01
0.000000000000000000e+00
0.000000000000000000e+00
8.716755118493610954e-01
-7.082284913557177486e-01
-6.596057418565659525e-02
-4.736759882696122137e-01
2.464238892575059126e-01
-9.771536347368745545e-01
7.624524628582012298e-01
-7.005048067470318607e-01
-7.110616997319862964e-01
2.277739156233939966e-01
9.405770606805479161e-01
-2.910806331534609992e-01
-1.782847319943972053e-01
-3.871150189680303555e-01
4.559313775303708294e-01
-4.595941785811330504e-01
-1.253601677248206148e-01
-9.584584365780508541e-01
8.941519767054111334e-01
-3.421035825188620816e-01
3.420110531006019805e-01
9.663579559971724464e-01
7.285015592729888745e-01
8.476818855604721925e-01
9.794211927024727427e-01
-7.876144892503897932e-01
7.145667091800311788e-02
3.033650217226877555e-01
0.000000000000000000e+00
0.000000000000000000e+00
5.231906348778709859e-01
-7.286484535439665677e-01
9.804852947631905735e-01
1.657113804542700297e-01
-1.465770111212367777e-01
-2.317916249642846260e-01
-8.636442685899228255e-01
8.970234915365618011e-01
-8.156899315355050639e-01
0.000000000000000000e+00
-4.915461532710101444e-01
0.000000000000000000e+00
0.000000000000000000e+00
-3.732343487466893706e-01
4.819147953576763399e-01
8.999661035222883410e-01
2.345945173900658709e-01
-7.484489063400672215e-01
-2.637597531352866564e-01
-2.265743610158907906e-01
8.105296867406834860e-01
-9.453651967631868658e-01
-2.312313474720038009e-01
-7.455610192313284479e-01
6.903628655118534407e-01
3.621864727772956538e-01
-2.790966609837697288e-01
-7.723123568021204033e-01
2.465520564705774298e-01
-1.128175852129105206e-01
-8.421148085608392009e-01
-3.569491964557940378e-01
8.262927557432453440e-01
-6.192375260803539838e-02
0.000000000000000000e+00
-6.836660455933878389e-01
0.000000000000000000e+00
6.766277382455150313e-01
-9.274920669499544523e-01
4.085682195311224341e-02
-6.045345165256517106e-01
0.000000000000000000e+00
1.958338404619071049e-01
-9.538335386378604674e-01
9.656709136678549577e-01
-2.491658775370939605e-01
4.915982651124364278e-01
0.000000000000000000e+00
9.474986188047733737e-01
8.965055658161069640e-01
1.462445021225462494e-01
-6.412382436861721047e-01
-1.836638051365064861e-01
-3.745609295000682515e-01
-8.495821067217264044e-01
0.000000000000000000e+00
8.712940835138629492e-01
-3.728560104342570902e-01
-6.799395125731235723e-01
0.000000000000000000e+00
0.000000000000000000e+00
2.020625341745541093e-02
-1.038826170416387029e-01
1.845052479313480376e-01
6.921652102643214288e-01
-7.967740832805383366e-01
0.000000000000000000e+00
-3.738801579903872074e-01
-2.087450015354606059e-01
6.354904863166657147e-01
6.854200197772644110e-01
0.000000000000000000e+00
5.962557532381176362e-01
0.000000000000000000e+00
1.095659721629793637e-02
-8.963571949489794743e-01
8.612136350912504845e-01
-9.232812463043118534e-01
0.000000000000000000e+00
2.735750286916505125e-01
3.684401576952456292e-01
0.000000000000000000e+00
-6.538628948322700030e-01
3.445283012452704519e-01
-5.586429379699633380e-01
3.757030990467613574e-01
3.718043568924833675e-01
7.504703280962614631e-01
8.396081158364971930e-01
-9.994925507618364069e-01
0.000000000000000000e+00
0.000000000000000000e+00
4.607035997879398437e-01
-5.609813243867063370e-01
6.995948228712518535e-01
-7.963073749191851292e-02
8.769992570965379208e-01
9.329217376034903975e-01
-9.921423203075259156e-01
2.352807401499716899e-01
5.705895714085078563e-01
-3.369255895965734826e-01
-2.586999369795957016e-01
9.095687577440214611e-02
7.982972792431981546e-01
-3.838179474737304364e-01
3.429019276080029766e-01
-6.655225648029421404e-01
-2.129287532467745159e-01
1.554554120055984257e-01
0.000000000000000000e+00
-9.117151718993323772e-01
-7.789698067866730469e-01
-1.463654391530784249e-01
-6.247788311784165938e-01
0.000000000000000000e+00
-9.518715362519660772e-01
0.000000000000000000e+00
0.000000000000000000e+00
-2.603802295502590791e-01
4.434146836402559355e-01
0.000000000000000000e+00
-7.901855466275076179e-01
2.331930152442183157e-01
-6.525630366561328000e-01
3.766517787794665395e-02
-9.423045651707213644e-01
0.000000000000000000e+00
1.224038057491905196e-01
0.000000000000000000e+00
8.924983245692856837e-01
-8.873118197691931552e-01
9.131177056480603849e-01
0.000000000000000000e+00
-2.601652493873316541e-01
7.275347434952679215e-01
-1.246211054280736974e-01
1.932024126825457877e-01
-5.442080578557555448e-01
-2.212482576299275028e-01
4.061710530028954658e-01
0.000000000000000000e+00
2.041982882559119084e-01
4.052911155947307442e-01
4.707904098435111706e-01
-7.703848799341990183e-01
0.000000000000000000e+00
2.525726906451408738e-02
0.000000000000000000e+00
-7.169350268405174642e-01
-6.496016413474581253e-01
0.000000000000000000e+00
6.631172074463340671e-01
2.145444653355614850e-01
0.000000000000000000e+00
-2.180907358996360124e-01
-6.683083175415027721e-01
9.809725194754337352e-02
-7.292878683246413196e-01
-4.338006150047795106e-01
8.237957985229469315e-01
-4.010287004031041214e-01
9.971808083070254902e-02
7.301329603241883959e-01
7.952198826753507088e-01
4.640727676517453215e-01
-1.902677602851206018e-01
3.872760941942174906e-01
8.846058874076851986e-01
6.644935347292586503e-01
1.728472223162869081e-01
-6.881956704527860680e-01
0.000000000000000000e+00
1.674427143238788052e-01
-5.766228221291285205e-01
-2.442710767128737359e-01
4.286702043153653996e-01
-5.618789866861559901e-01
-1.926278586302043738e-01
0.000000000000000000e+00
-9.594826073422506596e-01
-4.100106856482117479e-01
-6.729985977460994917e-01
0.000000000000000000e+00
-2.267624215934846976e-01
0.000000000000000000e+00
0.000000000000000000e+00
0.000000000000000000e+00
7.596673315931057324e-02
0.000000000000000000e+00
-4.005658124128912423e-01
-8.665271851194060737e-01
2.125142946305640379e-01
0.000000000000000000e+00
0.000000000000000000e+00
-2.238043470616410957e-01
0.000000000000000000e+00
8.071735808253599487e-02
-7.578652998853663281e-01
9.451691848959780096e-01
-2.632476655844540048e-03
3.019090484379578498e-01
-7.949516378011445283e-01
3.314065800413505958e-01
-1.747218019763379093e-01
-3.115240667486556259e-01
