-4.005026959959079869e-01
-2.812273150438248770e+00
1.595644442400408480e-01
-1.234733057731786321e+00
-5.094974171073233249e-01
-4.463434818303784191e-01
2.041687393420436036e-01
-6.162217421585187704e-01
-6.785622529758315036e-01
9.343979605349417294e-02
4.393405169651755648e-01
1.468875488930277529e+00
-2.176623674496093799e-02
6.253741052912729081e-01
1.966679801094270430e-01
-1.603686960185144228e+00
1.076141609520072512e-01
-7.418781602374743822e-02
-9.993071671435107550e-01
1.284076877600096034e-01
-6.371240059881277951e-01
-5.995997560232897428e-01
-4.962760990181884491e-02
6.571332183621803047e-01
-1.354024133218067805e+00
2.435456703178870974e-01
-4.067625723496609558e-01
-6.086871736272698730e-01
-1.091687952161348729e+00
-2.533961353880365142e-01
-1.544863924978589487e-01
8.021344221381219164e-01
-6.725364781430488437e-01
-7.681611282032630994e-01
8.164155765274683230e-01
4.909782051874045927e-01
9.495181415053766116e-01
-9.750556990581316086e-01
-2.851712149227011439e-01
-2.021762082443797903e-01
7.383478490221486723e-01
3.296700616837290321e-01
-3.232634970420347198e-01
-6.345355373985189784e-02
-1.504045983507935717e-02
-5.660403831172704514e-01
-1.192281571579342447e+00
2.760528266127453348e-02
-1.376833252244571426e-01
2.443735230732626995e+00
-4.017257724455617907e-01
1.695854239158271770e-01
-7.380142371613671592e-01
8.549356663465836892e-01
-7.621549770497075896e-03
-8.830181090132380728e-01
2.759319365937160790e-02
1.347446815864860259e+00
-1.759007225703165256e-01
-7.640119795121194657e-02
-1.530062326373294312e-01
-2.287677950017588668e-01
-2.310009823628765835e-01
1.422121832844294997e-01
1.051811287752165036e+00
7.051018188771054906e-02
-5.399955602752577466e-01
-6.833834460868386529e-01
1.446887309486738715e+00
3.054852249704794742e-01
-6.061747791393141682e-01
-1.166966662622625384e+00
-5.208043022070850681e-01
-9.280594103589963062e-01
1.706612223516162374e-01
3.384543178275420949e-01
-6.151499885929995193e-01
-4.073843005505864978e-01
-3.241332380414583270e-01
1.452503769478466378e+00
1.915958031708118181e+00
3.672665423812522256e-01
9.007561741063878635e-01
2.671064628276431097e-01
1.015703602639417280e+00
2.514353065176766489e-01
-6.897980415684334954e-01
5.249933919680855876e-01
-8.750558887707210465e-01
1.315077534048754604e+00
5.609446759090106482e-01
1.773046793890627471e-01
-1.704564600881052772e-01
-7.014851024074146846e-01
-1.013836741892923055e+00
-8.058371112013816839e-01
-9.778802884684665297e-01
3.059856372272509173e-01
8.336800513305300253e-01
-4.489759828877292192e-01
1.655857113074989118e-01
-2.584831131345358690e-01
-3.938492414102157113e-01
-1.176237038392668133e+00
-1.193914055466963886e-01
6.685940351234980206e-01
-4.096152730922927865e-02
8.095373941208418023e-01
-1.075913242262307890e+00
6.894259102968276071e-03
1.986267346481873086e-01
-9.665580894976387727e-01
-1.633262955330229693e-01
-5.826205522969569728e-01
-7.317298943953883805e-01
-7.985606934984150751e-01
-3.282429145513678925e-01
4.404318263215845075e-01
2.623068047595173979e-01
-4.557563195613082430e-01
2.905372670633430410e-01
1.987789382084900192e-01
6.155384170891665951e-02
-2.809138732232977498e-01
-4.957529584432672776e-01
-2.606189440034468729e-01
5.771350239875052690e-01
-5.107271251242853638e-02
1.923324112689076548e-01
-3.127312638728351191e-01
9.010066293553720129e-01
1.499867896984830029e+00
-7.965261733834414493e-01
-1.173190036252846014e+00
-2.853143985840429497e-01
-4.054341224509072639e-01
-2.138927798499128397e-01
1.732984171581956057e-01
-1.645142567897581176e-01
9.436497092674877019e-01
7.380955446493606686e-01
-1.013305419995535139e+00
8.936929043951340468e-01
2.939625569540406103e-01
9.922968255539004190e-01
-3.995234373471554523e-01
-4.035468418031907256e-01
3.311851095178180993e-02
-8.338812734480269828e-01
4.341525375956591104e-02
-8.190251802899672917e-03
-5.981931095292321032e-01
2.579540016061809826e-01
-4.453680982920943388e-02
-1.729505823537739184e-01
3.153044995168102771e-01
-1.303644822244296897e+00
6.934334318603857170e-03
-1.339533165007586790e+00
-1.778944145260764609e+00
6.604385220057052974e-01
3.618116209539073425e-01
2.200787343488541381e-01
-8.051932197717763806e-01
1.543284624365141022e-01
-8.333781036397041042e-01
1.525013707147839653e-02
-3.610887189306241085e-01
7.775938976587545848e-02
1.066259551993044674e+00
-5.461943729575466921e-01
-1.945804088698066314e+00
5.774544003903125944e-01
-2.576305735410930886e-01
-5.101011318392216776e-01
-9.559077313358298467e-01
-5.146226034354481338e-02
-5.094663390340137266e-01
1.188659751793780917e+00
2.502160386997045460e-01
-1.281040123220273941e+00
1.457171921853559260e+00
8.541854805537163475e-01
3.554729623760468638e-01
3.259701725409855921e-01
1.920655736811202052e-01
1.744299722303518374e-01
3.208582436763885992e-01
2.487512082444975015e+00
3.302624686671874477e-01
7.132457965895933061e-01
-3.052328687643873772e-01
-4.993939159260775140e-01
-9.408366328117243604e-01
-3.363225317042323192e-01
-1.012267327770331793e+00
7.709006328136476238e-01
1.385542226541904398e+00
4.282772449736107490e-01
2.941086942959658668e-01
1.966022647413094848e-01
-1.562496377316371921e-01
2.339980581336082999e+00
-3.239762389899606410e-01
7.884084865603173675e-01
-5.510382517631853272e-01
-1.214667329866459256e-01
1.197624458143745407e+00
2.704474878249057967e-01
2.981725403885308046e-01
-5.697706788945395839e-01
-1.070456772035299764e+00
-1.119431723398395251e-01
2.114427757130060148e-01
1.184005669281541939e+00
-6.272183366224082235e-01
1.940181269060826247e-02
2.296180197757811570e+00
2.544530502480341072e-01
9.165722135771544599e-01
-8.253154201759603792e-01
4.696575298051016034e+00
-5.205726331001506724e-01
4.501752490320976019e-01
1.007635779794617270e-01
-2.124111440000176487e-01
1.311205864819903477e-01
9.580167876845305241e-02
2.696522115930505947e+00
5.216789161077656223e-02
8.581026749112421470e-01
-3.101376682888669079e-01
-1.300080724188652281e+00
1.941840446834487199e+00
-3.084371217077340188e-01
7.640097209303928771e-01
-2.016480308003177901e-01
3.863360866718785758e-01
-6.582155892439309763e-01
5.349600083351357949e-02
5.049964597518892262e-01
-4.393645182280362382e-01
1.649508109799096012e-01
5.138936353139216262e-01
-3.705079883174587918e-01
9.026336032837017909e-02
1.824377049017977370e+00
4.947286506643326920e-01
2.416818844067638583e-01
2.641303269754790017e-01
-5.350095466136401967e-01
-9.893493960972905843e-02
-7.155673241724173073e-01
2.550190481808315424e-01
-2.045490778135483079e-01
2.792122699216587067e-01
4.134593340396777172e-01
2.968892778761235141e-01
1.584870598846986223e+00
-2.716374450209709801e-01
3.124614412127324492e-01
3.625338997293019450e-01
-4.201625708210871002e-01
7.653870315087767384e-01
1.487527872391065098e-01
