2.951221343556992283e-01
-2.163370119292647997e-01
2.612402769950372128e-01
-1.097237067954643930e+00
-2.756781385979045762e-01
-4.399406355403964186e-01
1.540128877615116076e+00
8.388665234090960654e-01
1.115375673723320582e-02
7.584292516704673748e-01
-1.512976521036029087e-01
-7.744578249710101225e-01
-8.781035218844646106e-01
-2.171360118511440618e-01
5.854350144897141339e-01
-1.846297774852505014e-01
-8.687938299689237920e-02
5.516203147972765786e-01
-7.490440886318237013e-01
-3.099735816358992202e-01
-6.448379541740182352e-01
-1.029467150551975463e+00
-4.786743349757588972e-01
5.395316684019768605e-01
2.931072799810847673e-01
2.008388613437071424e+00
4.129580954494935230e-02
4.226732950809005684e-01
1.646481672187331269e-01
7.149880372906431969e-01
1.070093796435416245e+00
1.448845647897710753e+00
4.971767121512639387e-02
-6.804121119308795818e-01
-2.420655321035340701e-01
-1.487994342495113864e+00
4.365656754036512099e-02
3.603088545908972873e-01
-7.011732070239007353e-01
-3.023120755185468855e-01
6.268076959419632832e-01
-7.216547727409126090e-01
-1.663946765968231101e-01
5.360998906485239246e-01
1.059675974763496509e+00
2.919326287980709145e-01
-5.400610350315480090e-01
-1.472437570877354940e+00
5.437172796899920613e-01
1.737183684124506966e-01
2.046757287428690120e+00
-1.744600684032066029e-01
-6.288820199936517863e-01
2.428568724662265033e-01
-1.835767119728975993e-01
1.316217306716518154e+00
5.432188907339146472e-02
-1.748620093465798331e-01
-6.487298635616522979e-02
-1.029519233124641220e+00
3.609364006864060337e-02
-2.279485575779506279e-01
1.598352355814051773e+00
-1.740294927544984160e-01
-2.544371766159965742e-01
-1.575969951342176545e-01
-2.538706883228833422e-01
-1.058170127652270365e+00
7.290746813886647359e+00
-1.690359199832583703e-01
2.783641290299163074e-01
-1.781265713434420084e+00
-5.754260761902478816e-01
4.906383273439351989e-01
-7.980519955811601340e-01
5.735228050847442915e-01
3.681488573471957126e-01
-2.119373599994946178e-01
5.774713524799403030e-01
1.472574337284365820e-01
8.252071125121782091e-02
-8.748348573296815811e-01
6.166001540625709598e-01
3.661775579019765359e-01
1.454008943860846559e+00
4.618413383397993677e+00
2.515178032961580823e-01
4.646332511437782919e-01
2.129308081279297493e-01
-6.264609605384510171e-01
-1.228465044090627956e+00
1.004563015383802327e+00
-7.777203369676269906e-01
5.741386233968396313e-01
2.953434774471586644e-01
1.277895715105153429e-01
7.165231644629197483e-01
1.353673038953305374e+00
8.533299164224517064e-03
-3.137092366663542520e-01
2.806415329278706405e-01
5.532545868208228468e-01
2.053185918050431935e-01
-3.180099140385292955e-01
1.975298921661379437e+00
8.876165942526621500e-01
-1.087674857058748973e-01
8.995642307674625582e-02
-8.071779113279440310e-01
9.216539599674631322e-01
3.911378339754471023e-01
-4.393701389020139847e-01
-3.060494757448171121e-01
4.917190643350305979e-01
-2.315255955420896683e+00
-1.384296135313612064e+00
1.545957117899740219e+00
3.880149955822208563e-01
-6.256924621220518734e-01
-1.771712889984581318e-01
1.587544336398289957e-01
-1.969511310796817904e-01
-4.802539008588568303e-01
2.319195147803717383e+00
2.801697221762085022e-01
-1.493915208713118004e-01
-1.757140703548674687e-01
2.763068514696953928e-02
6.879815610107724577e-01
2.977304902353427041e-01
7.304058319971519220e-01
-1.978362373369907390e-01
1.734826357134784169e+00
6.714922929979376398e-03
-5.199724102675182813e-01
-4.721476879240752988e-01
-5.203401688246823698e-01
3.234768874626132718e-01
5.530289612720110659e-01
4.650398301491108777e-01
4.983122835432278186e-01
-1.516229773712427786e-01
4.709095466315471601e-01
-1.489369738370133422e+00
-7.632819492470480638e-01
-4.609986621100687354e-01
-1.636933257340389414e-01
4.416892050467697423e-02
1.597690936675554063e+00
7.175209007339238276e-01
3.911433988871391154e-01
1.601297686212588278e-01
2.497634784444709433e-01
-6.098069343633099049e-01
-6.994780915600611326e-01
-1.729961386115329292e-01
1.894180828447370180e-01
-5.628868726425089175e-01
-6.385200854256786185e-01
-2.440185474933009302e-01
-6.796598408096902189e-01
-3.539465925183661876e-01
-5.598269221346706681e-01
-7.977407221376990876e-01
-6.118141402430921083e-01
-1.086758146652251122e+00
6.483526030843261845e-01
1.116951823419371159e+00
-4.143845321579707752e-01
7.560229244639589119e-01
-8.347079977889555469e-01
-4.449263007958997873e-01
4.482369344590124427e-02
4.454168407485848552e-02
6.274967432359318531e-01
-4.595964152603034814e-01
-6.783796107121078389e-01
-3.632718401489414273e-01
-2.268915999153420238e-01
-6.680163390619089370e-01
1.367661875509931235e+00
5.165346061136018990e-02
-9.087997012725792523e-01
-3.415793432329483070e-01
-3.812782404070729214e-01
-4.675536300690308344e-02
9.660201461801598555e-01
-3.372492881234868678e-01
3.491731438177197999e-01
-2.030342931966162001e-01
-2.128829178923456189e-01
-5.729050204892520703e-01
3.538420322641251392e-01
-1.942264859058307480e-01
-2.180284947356391778e-01
5.424967499112434144e-01
-1.847343502994754028e+00
4.780271470421908475e-01
-6.606901175258892422e-01
-5.660796634800415728e-01
7.686451440802405388e-01
2.751111545219948190e-02
-3.028783009369961920e-01
-5.344401082712795237e-01
2.734932511165119040e-01
-1.267765067361118492e+00
-1.566836992246033733e-01
-8.566215013673879053e-01
3.740852616031425937e-01
3.401805534644284368e-01
-4.646007817613210245e-01
5.074433813765844015e-01
6.934656434451270668e-01
2.167484733192472479e+00
1.202799820378481988e+00
-2.091045687878955395e+00
6.194817375091911105e-01
5.671517922487572250e-01
3.576156980841137534e-01
5.672443583859798633e-01
-6.239803790969875585e-01
-7.964751167612058036e-02
-9.554661480987289846e-01
3.956440370479712976e-01
-9.143940747178462836e-01
-1.171429073121047715e+00
4.645863164836966375e-01
1.891270405419112621e-02
5.001551903402211563e-01
4.916603719494809788e-01
1.637205699570846440e-01
-3.483404512356598204e-01
4.634247738299763775e-01
4.230593578244024738e-02
-8.537395403487630929e-01
-4.421890251916106296e-01
4.140802332091294002e-01
-3.807856726457363172e-01
3.142343422066063985e-01
-1.597680183146431010e-01
-4.443654995149883269e-01
-1.716899346464302534e+00
2.265995554785799615e-01
1.576694201340967050e+00
2.279407436093069395e-01
-6.157077880286720983e-02
-5.343918038390311764e-01
-5.900791855724002444e-01
-1.529709210433830846e-01
-1.376525813913653251e-01
-1.125952317994050045e-01
-4.371367977086446088e-01
-4.547628953667838259e-01
1.193606519845135938e-01
9.481578463654429800e-01
-4.231507342818832118e-01
-9.449819365092085310e-02
-2.484878584020699683e-03
1.742622841811361789e-01
1.797391491868313707e-02
1.137353334488897971e+00
-3.195931905393247785e-01
1.406893566604757728e-01
-7.179031935643416240e-01
2.478703787170385420e-01
