-4.095849254357259994e-01
-1.471880342961828791e-01
1.681961847254522802e-01
-1.435836310810989502e-02
4.584731973992384191e-02
9.203207871069711832e-01
7.050889745331989644e-02
-5.849459303632233986e-01
-9.076466927873716450e-01
1.167901476502717362e-01
-9.507363959205963333e-01
9.732558808451130528e-01
9.067816373288128950e-02
-9.297435500024990862e-01
-3.826585478215702718e-01
-8.401705661491096766e-01
5.989388372826964790e-01
-9.153107373529183466e-01
-1.992644640862262229e-01
-2.312542119881966229e-03
-5.450207069620200961e-01
-5.627438205252162096e-01
-2.122919781596146471e-01
8.355088750694932287e-01
-9.539135460318965976e-01
1.396537478999393400e-02
-1.733548957430697257e-01
-5.358230398455126053e-01
-7.074979965216754429e-02
4.846181002393870063e-01
3.855182335494848900e-01
3.138536418664550354e-01
2.322400285501058370e-01
-3.634305988004677967e-01
3.806542147938902776e-01
-8.581462114230073990e-01
7.706361135520816141e-01
-6.779310491909280589e-01
-9.528611282752834644e-01
-1.019379300216496365e-01
8.706243726196145616e-01
2.678763469889233750e-01
-2.702898512800890884e-01
-8.169356733050119335e-01
1.796476195849567858e-01
9.051908942807309622e-01
-9.988751345624795608e-01
-5.352034723459579979e-01
-3.539180015112899369e-01
4.484106000948508974e-01
9.967323554857077106e-02
-6.716899047528721578e-01
-7.711675204072896417e-01
1.837374535350531080e-01
-7.396184325786661073e-01
5.144404846167069945e-01
-9.663726535871799417e-01
-6.125379339241543430e-01
3.768296554149790367e-01
8.379655262741199095e-01
5.892185073988989163e-01
7.971479470184981153e-01
-5.538961437285390144e-01
-6.412109002979904382e-02
6.505133388894530633e-01
3.818415781196484726e-01
9.939146705974661877e-01
-3.512780085703146593e-01
8.512442402570785660e-01
5.375432733560021603e-01
-2.189751669039219362e-01
-7.641118590014799317e-01
-7.283422871987377256e-01
-9.476491745382649157e-01
-1.589481157943148926e-01
-6.429512214849908425e-01
2.878557916367310288e-01
5.837048461392586596e-01
-3.522162121683474201e-01
5.236762514813035896e-01
-2.160330673093544540e-01
-8.610081723033014001e-03
9.001208323855769411e-01
7.982708694232831803e-02
-9.336019191127489236e-01
5.121844543798212968e-01
-2.002820896029833264e-01
-2.349588977244705390e-01
8.779515992330866325e-02
1.712645921226811918e-01
-6.603893161493294972e-01
-1.317083390945095189e-02
-8.802360634593371369e-01
-3.470501697201060498e-01
-2.053013745880607477e-01
-7.990526126786470229e-01
9.368815200344489114e-01
3.580928818043622730e-01
-8.721997668332828191e-01
-3.454514459692878958e-01
7.339650598305735851e-01
3.114544125534104424e-01
-8.066461533596669398e-01
3.485271780343173198e-01
6.098249387517682418e-01
7.922195126049396130e-01
-6.721481310580657009e-01
-7.050436481663491239e-01
7.518570266859869733e-02
-5.998824660490515992e-01
-6.765350306940012270e-01
-6.519086220658132369e-01
-1.802370032789497589e-01
-7.731572050117030415e-02
2.947002839143630926e-01
-8.860609427255683457e-02
-8.967792910826317687e-01
-9.195896849382150240e-01
0.000000000000000000e+00
-8.167524204469833737e-01
-1.391306072820293060e-01
3.635310162403311285e-01
-1.297497656366790597e-01
0.000000000000000000e+00
-3.382675980531111293e-01
-3.239026590707334563e-01
-6.126836321512489913e-01
0.000000000000000000e+00
3.326847449321750361e-01
0.000000000000000000e+00
-5.334168873210505257e-01
0.000000000000000000e+00
0.000000000000000000e+00
0.000000000000000000e+00
0.000000000000000000e+00
-6.740072702250274883e-01
0.000000000000000000e+00
9.488244263800764688e-01
-1.527391925398848826e-01
5.603992039039304984e-01
4.345492298071906845e-01
9.735860378506433488e-01
0.000000000000000000e+00
-3.078265807030413637e-01
-2.395629590544245957e-02
4.593139321055041968e-01
-8.464142665251725983e-01
-4.871881699364626339e-01
-8.281683136840969350e-01
-3.937891660149384077e-01
3.126983306722053158e-02
-7.375963480186003007e-01
-5.098564398798821617e-01
-7.454010002662943002e-01
-4.458915167865225015e-01
-1.750294760370518787e-01
-2.003289534573826636e-02
-6.919381399052770831e-01
0.000000000000000000e+00
0.000000000000000000e+00
4.230614914971879692e-01
9.219675394056439099e-01
4.501194498316463122e-01
-6.539475306544813016e-01
0.000000000000000000e+00
6.167377702914700333e-01
-3.173403464805291119e-01
5.561210371822113974e-01
0.000000000000000000e+00
-9.946010404433767160e-01
2.586538149903971906e-02
7.510284884529667693e-01
-3.147307240090302383e-01
2.608566373525067483e-02
3.361472096926398923e-01
-3.951699939497479441e-01
-3.088686141731831203e-01
1.769382721811112447e-01
-1.839875385874572000e-01
-9.036278255770899825e-01
2.797206391858793051e-01
7.597946442407312873e-01
0.000000000000000000e+00
-1.742324385843447843e-01
9.045284797000376908e-01
1.761185891800063352e-01
-8.513210900543295434e-01
3.850704986086677106e-01
-5.787442676627290172e-01
-2.541121637031560354e-01
0.000000000000000000e+00
2.961503137076921810e-01
1.573464042629824089e-01
3.736051256041430513e-01
9.603531266305183056e-01
8.139418925002257499e-01
4.180733034869901221e-01
0.000000000000000000e+00
-5.176873866597206941e-01
-7.283192948229597619e-01
6.258678869500946540e-01
2.489378345534600800e-01
-1.225467868729721577e-01
3.994540083220383675e-01
3.061536167824603361e-01
-6.835907910554441802e-01
4.985183959282997179e-01
1.821736149443775599e-01
-5.922732100450067705e-02
-9.832677697167535591e-02
-5.396929730943460513e-01
-7.326355325638456151e-02
-3.703083095766985799e-01
9.257540495856466656e-01
7.521342764286265137e-02
8.625881342270973473e-01
6.189431384644967782e-01
7.843571474820245637e-01
2.862384747924737738e-01
-1.097246210614588602e-01
-2.160629025001956638e-01
3.821877737734571401e-01
-1.098604367016151606e-01
8.115791653074566625e-02
-8.205352134768324479e-01
-3.058899699036350395e-01
-8.189134438866747523e-01
-8.149704929196670555e-01
4.137652087921710464e-01
-5.190337667038449343e-01
-9.565023307679609843e-01
-8.219739919631650071e-01
-5.180623592198896343e-01
-4.936030931986623571e-01
6.151063118124733275e-01
-7.437692842892467127e-01
0.000000000000000000e+00
3.653787490841993169e-01
3.497222571597395913e-01
-1.140423968591977033e-01
-5.415055899882801338e-01
-1.101406451366311323e-01
-5.218793019454963655e-01
7.332101848039500602e-01
-3.120699908938817657e-02
2.146514618342532099e-01
0.000000000000000000e+00
-3.831606675240761817e-01
0.000000000000000000e+00
2.320418756105526725e-01
-8.480418283762929388e-01
6.512981643015358646e-01
5.480122861112721733e-01
2.851666242785124705e-01
-2.446932018035063994e-01
5.076804554830025573e-01
3.063323674071438685e-01
-2.603147246003041371e-01
5.792764698748973373e-01
7.820754022895295421e-01
-1.625880965659691757e-01
-4.435267498114285889e-01
-1.865076522259141445e-01
1.394724721785500776e-02
9.438334734912277035e-01
