-5.773967149545473632e-01
2.435166686546017534e-01
-6.715074460460335182e-02
-4.458955258613050976e-01
-8.926164745830136305e-01
-8.808108032587194103e-01
1.388972209483045894e-01
-5.046667608240296143e-01
5.820586278394475066e-01
6.162405837715279056e-02
-1.090380650428059983e-01
-8.090987867799268596e-01
9.642128116540120697e-01
-1.674835825575349268e-02
-9.924859816780795541e-02
3.084857737510291464e-01
-3.967048399575632267e-01
-8.622157008728428274e-01
5.410300118758648580e-03
-5.118976095574370166e-01
6.586398148322960555e-01
-7.957385088050792366e-01
4.483472498843514842e-01
7.595019092898593893e-01
7.862062319839351332e-01
3.424579375757774713e-02
5.224976815194932733e-01
-4.009737064545944030e-01
7.603688023096315529e-01
-9.929544962086023219e-02
-5.662397120235087566e-01
-3.667198443035768474e-01
-5.691808650088663324e-01
1.711551777528805829e-01
-2.697791912654801116e-01
-1.337701624191667271e-02
-2.119673315375076861e-01
7.757849200611868223e-01
-9.845682162322573205e-01
9.192513645348199258e-01
2.474673648891674294e-01
-7.384201518514068585e-01
3.624181796848109371e-01
-8.609245939570759898e-01
-7.267795475738503264e-02
5.957859547090391672e-01
-4.712493014052767659e-01
-9.100330787362729268e-01
-2.605924510821944207e-01
9.319581042388036529e-02
-7.501948142685277432e-02
-2.574600687872974358e-01
4.884712579478620587e-01
-8.191325640944093767e-01
-9.296719583306753965e-01
-6.018836995280123503e-01
3.106481485768450845e-01
7.213182361826129263e-01
-3.991784115637764252e-02
7.977882097504587211e-01
5.518806569048193555e-01
8.703059533864625497e-01
-6.067723834451310694e-02
-2.845885432641486190e-01
-8.046369086663256454e-01
-6.805569507917204053e-01
9.186926189943476206e-01
-5.360488815473638535e-01
-3.174188224196692332e-01
3.878074425254136592e-01
-1.227158495661082593e-01
-7.891627080950391893e-02
-7.915863638763298571e-01
-8.915422211783594619e-01
-2.694200660912435819e-01
-6.855763002729355904e-01
-8.287987466666020264e-01
5.635540549597950477e-01
-2.517229573635542117e-01
-8.173086137456135880e-01
-7.519946125809042758e-01
-9.460244112339446509e-01
-5.076807702245835774e-01
-6.813225815818493292e-01
8.663448775287188042e-01
4.444216720732350190e-01
-7.186028021879080629e-01
-2.760061183189908007e-01
6.895667510322485150e-01
5.124553740456589956e-01
-4.029301127891558032e-01
7.477395335679657418e-01
-7.842787404598914325e-01
8.490326086488830803e-01
-5.397234086799009845e-01
-4.478931721071244265e-01
6.144660583466521331e-01
-1.981863780527068908e-01
-6.401967343887515760e-01
-8.321192138014925632e-01
5.654798837201100437e-01
2.562939255436931241e-01
-6.433041774328727147e-01
9.407423575017215267e-01
-6.073567213940280762e-01
8.983436613656907710e-01
-4.715360429086208338e-01
9.271116631232791949e-01
8.933342990236858849e-01
9.260908736829156496e-01
2.284910907350390374e-02
3.887576957420419976e-01
-7.645088565702395922e-01
-6.913368088408877732e-01
-9.699003845322142769e-01
5.556165321162418458e-01
-2.448807585295491585e-01
8.406047594737897644e-01
1.417980514456740337e-03
6.731541542578380888e-01
-2.131957548589005214e-01
-6.868188314858891808e-01
-5.551206392696366176e-01
4.251768115437402074e-01
-5.059944783410541547e-03
-3.600281268221769970e-01
-8.108196492585824089e-01
-7.342406333128943530e-01
-9.245160510635630491e-01
-7.784730587218511300e-01
3.620506192516486088e-01
3.724914453643222156e-01
3.732296040300986384e-01
-4.460756336432258884e-01
1.376279071774055840e-01
4.452198707640977471e-01
3.287384501394985392e-03
4.162801443940198354e-01
-1.561472289117848966e-01
3.648841964710287655e-01
-1.626747543424267306e-01
-8.530068286090077834e-01
-8.007973658149858398e-01
-9.905598708334704128e-01
-2.224508826368583048e-01
5.139219911672079366e-01
-9.131733715230772042e-02
6.780130163051869552e-01
-8.434415717063454832e-01
-3.829378946511436954e-01
9.720533629684835475e-01
-8.997604397591167924e-01
3.255433098510160939e-01
-1.809198495582893251e-01
8.407046355529721460e-01
-1.363297258597742090e-01
8.259931654545076274e-01
1.303460003219609753e-01
-3.719068522568313995e-02
2.226347798744880979e-01
-5.526900057083883322e-01
6.739498068011469112e-01
-7.439110445324437215e-01
-9.590978971296679756e-01
5.565322637094232139e-01
4.564257224967156468e-01
4.515055214379730675e-01
5.057719227160866193e-01
-2.554197676688079177e-01
-8.570574159372745804e-02
-3.576354606923923818e-01
-3.648526343368627689e-01
-1.999569086463592882e-03
-1.124853872886057982e-01
1.506722629746868325e-01
-2.843003867264968232e-01
-3.831878772532262278e-01
-5.174371523810263884e-01
5.702060415234255775e-01
-5.077732997679220706e-01
-4.983089655796151263e-01
3.356695549726766981e-01
2.094236505739921483e-01
1.374471653994346898e-01
3.490509211448562521e-01
-8.566916974270437635e-01
-6.365095573027810261e-01
9.679519931420452750e-01
3.744725013090595134e-01
4.954437628532220028e-01
-2.093111754624927823e-01
3.127105987087739347e-01
5.266134238116610966e-01
-4.817946015858178832e-01
-9.171473980587669939e-01
4.142100447345185010e-01
-3.760694680356535535e-02
8.878559601046753791e-02
1.540687915188729828e-01
8.983312357129820125e-01
-7.590223086867691205e-01
-4.236107032404110573e-01
9.320167850546241528e-01
-3.974804579907349478e-01
-7.330059557139367854e-02
-9.829103758207047292e-02
9.198726351232349163e-01
8.408667623666805646e-01
-4.300602233488719506e-01
9.283721689665318522e-01
6.115691090494386195e-01
9.818032880630134240e-01
7.952148246595402981e-01
6.237180001541324792e-01
-3.113537930027545642e-01
-3.942877986294157644e-01
-9.590447215830202321e-01
8.355949623328107201e-02
-8.780894446661180464e-01
4.053087858080450800e-01
1.428225971182945919e-01
7.032236625160206422e-01
-1.634585297565545048e-01
-9.808845718878527187e-01
5.929808760923567235e-01
6.726102809513101466e-01
-9.522894849873431156e-01
-5.568473713816257664e-02
3.988818856161060467e-01
1.587720331311293087e-02
3.032398514992478145e-01
5.456536921562293863e-01
2.503810768421197430e-01
-8.514871824993663907e-03
1.740280382988583785e-01
-3.464962880915087862e-01
-9.820135978263944132e-01
-7.242309564372597652e-01
-8.617115137518138734e-01
-2.273009839634900775e-01
5.188356052883495995e-01
8.356304992983416557e-01
9.696291050797929412e-01
6.901610933158457417e-01
2.810718999122263639e-02
-6.677850567763201628e-01
-4.624201899823627837e-01
-5.239545697839635974e-01
4.585638026062712758e-01
-9.592604435922080786e-01
-2.084527979929013952e-01
5.768163489131155064e-01
-7.770058053918216245e-02
9.654579508230833884e-01
-3.200666293669158780e-01
-4.721863237838044292e-01
7.189429864331604580e-01
9.675696001406386415e-03
-8.636185225600345738e-01
-3.228478848740414797e-01
-3.584980891053533014e-01
-2.394265989465500510e-01
-5.226658167625537477e-01
5.810493890733350320e-01
3.707715164021734289e-01
