-6.677080201582832886e-02
-6.710797835548920620e-02
6.481421228484276487e-01
-2.397477982715853217e-01
4.918213920837330999e-01
1.575548415235511757e-01
3.938505832854199973e-01
1.599639134583944189e-01
6.221362668675036733e-01
2.349814381460932355e-01
4.450986538750029142e-02
-1.048962587918779443e-02
4.328195799371636343e-01
-3.913478040438475580e-01
-3.052932834444067600e-01
-9.512899156987990601e-01
-3.986391447859380932e-01
-3.630544676744372756e-01
-5.464149722109397089e-01
-1.034146652614930384e-01
6.349629435784370779e-01
-2.237209805149679709e-01
-5.626257303818575917e-01
-3.237617625040741312e-03
7.343617914025772908e-01
-9.357292900487158560e-01
-3.790660745184493696e-01
1.000000000000000000e+00
-8.665157162285094805e-02
5.334691992264131155e-01
-5.371073811327995440e-01
-5.039051373491129082e-01
-7.749738097746594612e-01
-3.192356980066876071e-01
-3.953236743169880607e-01
-8.847299991824582044e-01
4.575706953111318698e-01
-9.859666452188446950e-01
8.231655280922110796e-02
6.251379500463707384e-01
-1.825654007431073700e-01
8.021078878017012803e-02
3.149136202665473450e-01
8.750774461000225823e-01
6.161754748506568236e-01
-2.310842516452644158e-01
-9.808163766169955000e-01
-1.976751624740882840e-01
2.016656977340237078e-01
1.760476908144453789e-01
5.742427581224889277e-01
9.897096163986075501e-01
-5.721952444964838458e-01
-4.637842367613135286e-01
2.708104257218061361e-01
1.780226872046682118e-01
-3.183836376154917103e-01
-6.679889241733738547e-03
-5.713623401477648800e-01
-1.374980457819830748e-01
-5.505675477726093003e-01
-7.658655660387743147e-01
-2.445607784858867817e-01
-2.377956764607698781e-01
-7.969028360552804502e-01
3.596536509074751420e-01
-6.420464042825921869e-01
9.305946042289928721e-01
-4.184916284678202314e-01
-3.993065440920547937e-01
5.109983295346164356e-01
6.462449486300075874e-02
6.234911157522385894e-01
6.244594810974896104e-01
4.903422333164104141e-01
-2.490068581864574027e-01
-7.769439150962245688e-02
-1.613614283335697563e-01
-5.623115952119471794e-01
3.755171730112404072e-02
4.498223625980355966e-01
-8.706980434858516693e-01
1.000000000000000000e+00
-6.243416257019867022e-01
1.000000000000000000e+00
-4.226988318633253527e-01
4.581040596859723424e-01
3.517353533629851703e-01
-1.290016303870903103e-01
-3.446861019382750357e-01
2.354353451664096541e-01
-7.887522570698587421e-01
-8.391939119044378170e-01
-2.790143476717041882e-01
-2.463007584808664663e-01
-1.177097027841822185e-01
6.805458589448315498e-01
-7.541464960667443318e-01
-6.012165729191455421e-01
-4.690669473938223477e-02
1.285815468341502954e-01
-2.061232115754426941e-01
-1.301933761313494309e-01
-1.672233231379287588e-01
1.126642440879072060e-02
-5.206559822588454622e-01
8.040765524436197520e-01
9.602286747385413435e-01
-8.029902581729397859e-01
-6.986139019230857006e-01
6.470758425363870581e-01
9.769166155398008033e-01
-2.447734053498721862e-01
-5.633696269002707036e-01
-9.300057164657993258e-01
-3.800632631196795286e-01
5.591293272295625449e-01
4.742767360824536316e-01
-6.926281995307146389e-01
4.254724520539842070e-01
-6.966970016923709208e-01
-9.321645566162630736e-01
2.710685561812384292e-02
2.475310912156393484e-01
-2.971709503703925392e-01
1.000000000000000000e+00
-7.483778681870334459e-01
-7.620451420356489924e-01
4.016350909788362067e-01
-5.770163789933105969e-01
4.813295931253710469e-01
-1.000000000000000000e+00
-9.903809433423353958e-01
7.432120269854993744e-01
9.430678163141890114e-01
-9.920316668785680303e-01
1.444359004410755987e-01
-1.429486363472297072e-01
-3.064229155600113330e-01
-8.602296857163103938e-02
9.704140122187024931e-01
7.006228987867065827e-01
9.577521291644489065e-02
1.608811585143639922e-01
-5.385797936090855886e-01
3.454622143672132495e-01
-5.625451383345669853e-01
8.527310341304779329e-03
-9.811768031602977613e-01
1.000000000000000000e+00
3.924241688431460151e-01
1.148293080304889358e-01
-1.000000000000000000e+00
1.043916068432302197e-01
1.095619786317421351e-01
4.690704795860483056e-01
-9.965083503216611849e-01
-6.643110494634563157e-01
5.664564791251446296e-01
1.000000000000000000e+00
7.303113440282928970e-01
2.227312190588388030e-01
-4.105155752698606830e-02
3.315329375799236922e-01
1.011893473372880436e-01
2.866232770207565728e-01
7.688714177579081266e-01
-8.306825011764511490e-01
-8.025794963098901169e-01
-1.000000000000000000e+00
1.337112808286706755e-01
7.629162019060514721e-01
8.658438621760968790e-01
-5.674468123873893655e-01
-9.320993245494847423e-01
-4.945700434515383770e-01
-5.468683670830314369e-01
-4.650006768442021543e-01
6.287160135823095519e-01
-4.233661877263202866e-01
-5.956677923260624841e-01
6.359434732378501653e-01
-2.559313678648752477e-01
-4.251428017334917264e-01
2.077851552195832951e-01
-3.531689755230816297e-01
-6.088251101065385029e-01
5.222820935488248217e-01
-3.103535731337997983e-01
1.653289612138311715e-02
-5.373519593836418862e-01
-7.765578966317875087e-02
3.081850045113585512e-01
5.021603829554768250e-01
1.000000000000000000e+00
1.000000000000000000e+00
-3.425003451362835794e-01
8.398353044414836877e-01
-2.140956160509955575e-01
-1.000000000000000000e+00
5.271530800640357173e-01
9.154090687273593874e-01
6.469054249748591723e-02
1.620678565960633200e-01
-5.295774685037155649e-01
-5.532122611705838633e-01
-2.470253646700957262e-01
-5.248123525168497672e-01
-3.352009274050430365e-01
4.703598246948042516e-01
-7.215024633697044720e-01
2.402950743314495596e-01
-2.053217785695261310e-01
5.806086348308265865e-01
1.000000000000000000e+00
-5.425742193687385084e-01
-2.454509799756377508e-01
9.690659527038966159e-01
2.720599869106699598e-01
-6.950796283504300233e-01
-1.000000000000000000e+00
-9.430686346734437064e-01
-1.000000000000000000e+00
4.310483083334515908e-01
1.000000000000000000e+00
-2.801596197270116995e-01
-1.157601724236935054e-01
-1.376853951565999434e-01
-1.000000000000000000e+00
9.489839954396547261e-01
-6.718975659917222343e-01
-2.889753068624036914e-01
-8.190243830071853859e-01
8.470950700262422917e-01
-1.217579742347125460e-01
-4.392085010262810618e-01
3.132783024521871296e-01
8.752685704643481390e-01
1.000000000000000000e+00
-9.418338202934577463e-01
5.551893103170816302e-01
-6.882686184263923090e-01
7.446416796908941760e-02
-1.511523624583567260e-01
-5.645563946680889345e-01
1.075697707391593816e-01
3.968651784490085932e-01
3.365300121031291614e-01
4.086629687444928161e-01
1.000000000000000000e+00
-6.398460955554815532e-01
2.812274115485831616e-01
9.839729437347772834e-01
2.494097955407531542e-01
-1.000000000000000000e+00
2.618915735340064666e-02
-4.184840605614540410e-01
1.013761159393000988e-01
-1.186013223367017033e-01
-1.634561767900777063e-01
-5.464339769005335246e-01
1.576629165323662762e-01
7.233464744150548409e-01
-4.075743033965718853e-02
2.552402794755237458e-01
