7.437580865609280112e-01
-3.908289833509833722e-01
-5.202996682365809145e-01
-2.854480894604633501e-01
9.663541226002659856e-01
-4.226875031204111455e-01
-9.698567545490732744e-01
3.022419542736553555e-01
-1.000000000000000000e+00
8.809329250101732844e-01
-6.460649431091332502e-03
7.519623680970104473e-01
1.976017985453324410e-01
-1.000000000000000000e+00
-9.111156153167382366e-01
6.363468932394053534e-02
-9.922851662221051638e-01
1.800385897969561944e-01
1.000000000000000000e+00
4.991474138462844573e-02
4.701526478677859333e-01
-8.637597660084040951e-01
-1.000000000000000000e+00
5.298385636031329726e-01
-2.277501218303307762e-01
8.252146646487077408e-01
-2.341698054617540325e-01
-8.613923786827312745e-02
3.591132409653839397e-01
-1.652061968800851155e-01
-1.191522947433935886e-01
3.115625730665719795e-01
-2.965655474204203709e-02
-2.011216164976252774e-01
-1.000000000000000000e+00
1.000000000000000000e+00
-6.059579287655533220e-01
8.916364249749525461e-01
7.121161287689961594e-02
-6.113180745383630654e-01
2.067770583381122740e-01
6.493166565196941686e-01
-2.346639652409475071e-02
-4.868112446910211055e-01
4.931700203625470902e-01
9.567737295134972619e-01
-2.442952927368837179e-01
2.973836237650238634e-01
7.152018369851778634e-02
-4.031563272747827886e-01
-4.457269656027621485e-01
-1.000000000000000000e+00
9.734466466169215959e-01
-1.000000000000000000e+00
-2.353936073015321373e-01
9.945473644418581505e-02
-1.232496174128634159e-01
6.254486801444767430e-01
2.943733572358400719e-01
-1.946693146219388715e-01
1.158652329628911126e-01
-8.014372802440764554e-01
8.216816225369692750e-02
-8.052759085142062734e-01
-1.355243074227336642e-01
-3.153460541546525553e-01
-1.830321609227169022e-01
2.248039320775560013e-01
-4.926206351768425140e-01
8.657869350081852655e-01
-9.893783745811650654e-01
-4.161885235151348006e-01
6.961723357339878460e-01
1.268696888782608334e-02
4.745075731267929531e-03
4.029553620383078405e-01
7.149858380633697941e-01
1.012968367350933346e-01
-4.920506205433644586e-01
-3.235497138455454280e-01
-2.454548567442009221e-01
-1.000000000000000000e+00
-3.990060024853100407e-01
-4.333265557752090658e-01
-3.630565461765106194e-01
8.528409932503678847e-01
-4.262476075639074491e-01
2.784623787119548388e-01
9.062718069177886498e-03
-3.213007704155648181e-01
-1.600355138472480676e-01
2.989764484069697970e-01
-9.308458437874536084e-01
-4.626327340961126078e-01
-4.394998542032008126e-01
7.146098316373207249e-01
-8.708260018547726578e-01
2.684356384448181587e-01
6.938859105213035505e-01
-6.561889880379861983e-01
-3.871850924444281139e-01
6.132314951259042468e-01
-4.728771705828411775e-01
5.096643630085633259e-01
-3.225669453678472465e-01
8.868794054066275745e-02
-8.325062996203583809e-01
-3.130938851942392520e-01
9.686471011756097038e-01
-2.269979654916118583e-01
4.693572039579457789e-01
1.269383658539345039e-01
-1.000000000000000000e+00
-1.000000000000000000e+00
3.878014598498016330e-01
-9.739664441981740195e-01
2.377071685757407293e-01
5.795386542088612480e-02
-5.584864067656971631e-01
1.518116644476651955e-01
-8.344247091692458262e-01
-1.080370759252785584e-01
-4.729053242338263630e-01
-6.645107361066909801e-03
-6.145068944507798836e-01
-6.296312311619087776e-01
-6.238242445439015071e-01
-1.583048575737840691e-01
-5.439321135830621490e-01
2.130897560319565953e-01
-9.092662641306547000e-01
2.711702208477726472e-01
6.050722241388796219e-01
2.055239082557798469e-01
-2.545022771456513511e-02
3.640349087650309595e-02
-9.349054256469166990e-01
1.188048364108842958e-02
-1.370750658735123140e-01
-7.275820111613169328e-01
-1.291229008067093786e-01
-1.000000000000000000e+00
8.636423717985765025e-01
-5.976338940531789046e-01
-6.750820126019001499e-01
1.000000000000000000e+00
-4.791203201002636192e-02
4.085925598306028861e-01
-2.940674025142244741e-01
1.994135464149530690e-01
-9.515602756885792601e-01
1.735508814125601706e-01
8.667541190454102207e-01
9.926097562509854644e-01
5.710321699493541292e-01
8.361615154091027735e-01
-1.000000000000000000e+00
-3.031749778179111399e-01
-4.797319179183937021e-01
-7.452056139635250265e-01
-4.474525887635076582e-03
1.000000000000000000e+00
-1.000000000000000000e+00
-3.579307654080962631e-01
-4.720305167025382054e-01
-9.920319617594400285e-02
-8.380133145482471235e-02
-5.588515891425636095e-01
-7.631516083655602856e-01
1.595354675921404064e-01
-4.028045429622049145e-01
3.103231988371328298e-01
-1.394274358773798517e-01
3.654778766081893671e-01
6.633776189195642603e-01
7.775184076425779578e-01
-1.031484628480939525e-01
3.753941693009109626e-01
7.874608911238472064e-01
1.000000000000000000e+00
-3.650196732279691325e-01
-4.114776728986971888e-01
1.818136905258600500e-01
6.448035455305559660e-01
1.000000000000000000e+00
-3.094121962812749760e-01
-5.533816660805215143e-02
-5.262547953369758197e-02
-1.000000000000000000e+00
6.385875504646627565e-01
-1.000000000000000000e+00
3.505925648019879715e-01
3.307430336065447229e-01
-8.148910512081788404e-01
4.407689709961982727e-01
1.446181039423042047e-01
2.273703598028735118e-01
-8.978289838876061246e-01
8.566539577724431309e-01
3.764046392501755323e-01
-8.671625133168674449e-01
6.110484015401529412e-01
-5.847089656480646269e-01
-4.256441663502597700e-02
2.305256369325289420e-03
-2.165001472782011049e-01
-3.534620313929585644e-01
-1.000000000000000000e+00
-7.350327203623960859e-01
-1.854991107415933094e-01
-7.696508480362549420e-01
-5.988069337132281289e-01
8.359071127391801692e-01
8.668137476101811512e-01
2.159996401186655424e-01
-9.287995199648261258e-01
2.414895420889510425e-01
6.248484730311509860e-02
-6.167337422856908891e-01
4.807422417581683760e-01
-6.645632903846094841e-01
6.715070627784538448e-01
5.464213166694559254e-01
5.119587281110603572e-01
-3.509234167021099693e-01
-6.320888696296437237e-01
-1.000000000000000000e+00
1.084836439545273090e-01
4.810542784181269238e-01
4.140260010652225819e-01
-2.840923283139085154e-01
7.800987622036785751e-01
-1.000000000000000000e+00
-1.000000000000000000e+00
5.291867203938440678e-01
-6.161622871913590149e-01
2.381772451419993664e-01
4.374745904122743778e-01
6.837331369145193127e-01
-2.433106906159230309e-01
-3.320526263606045081e-01
1.000000000000000000e+00
-5.253313222755826573e-01
4.690489505782666768e-01
8.133833922159507956e-01
-7.792537783052000400e-01
8.107180977606553984e-01
-1.000000000000000000e+00
-3.694875472956115070e-01
-2.747126290120993630e-02
1.135938379349425431e-01
-8.613845537143283160e-03
-1.382379477820495639e-01
9.851760279493809724e-01
3.402709394937287746e-01
5.412297119991725802e-01
-9.312766333549675757e-01
-8.529172520931245227e-01
4.176849828031053424e-01
3.724814393088087261e-01
-6.533518368829136502e-01
-9.957716199052811801e-01
-1.817339305941039762e-01
4.736042951033503368e-01
1.670723019383316826e-03
