-8.290565393695187302e-03
-5.951839010410896191e-02
1.091113458032599987e-01
-3.058122231313371020e-01
5.017254163467700367e-01
1.000000000000000000e+00
3.457678088598278854e-01
4.987670859422607683e-02
8.545842312748421765e-01
5.646503059694010229e-01
8.665824769655300353e-02
7.602974520739485577e-03
7.533121041712649291e-01
-4.291859457352948382e-01
-4.359455616948419987e-01
-9.630425274385462364e-01
-2.395053765104069865e-01
-1.042314355971319662e-01
7.659580205160401167e-01
-1.987442307406645514e-01
9.346087194362524553e-01
-1.602633703957145328e-01
-4.996293451124067531e-01
-2.864627331429392409e-03
7.685002312630481169e-01
3.758323172443346905e-01
-1.493552601487221909e-02
1.000000000000000000e+00
-1.312498518426456207e-01
6.183407239707277014e-01
-5.498651768851947619e-01
-5.349869008441801022e-01
-7.580727514253200461e-01
-2.437004841327741478e-01
-2.676789825699862208e-02
-3.362540658230835922e-01
8.327092892794124568e-01
-9.873928870226553745e-01
5.323686791782589189e-02
2.874980284342098513e-01
-5.816491608323832718e-01
-6.544401533892569844e-01
3.261601209411727487e-01
5.864820119574059021e-01
8.126140384121298688e-01
1.000000000000000000e+00
-9.207289151870032828e-01
1.668028591597332452e-02
2.906957648115048309e-01
-2.797913462793673589e-01
4.498505967255579385e-01
1.000000000000000000e+00
-2.632154071647014315e-01
-1.000000000000000000e+00
-3.386248062210099330e-01
6.529138542055394900e-01
-3.417034536030558733e-01
1.755066548188859987e-01
-5.259708622705584480e-01
1.837910252365067554e-01
-1.000000000000000000e+00
-6.803345183871704061e-01
-1.000000000000000000e+00
3.802545772236826105e-01
-1.000000000000000000e+00
5.750558017044681280e-01
-4.952026604282606659e-01
-1.916219738921493276e-01
-1.325678157398845203e-01
-1.277784111728255956e-01
6.946556413854929612e-01
-5.824150337877982420e-01
6.386504284098928341e-01
5.508908057832964111e-01
-6.684859485720313632e-01
-3.925384761478240558e-01
-5.394067673218812253e-02
3.143612178419536995e-01
-1.000000000000000000e+00
-1.879387471525581776e-01
1.237218885053548156e-01
-4.635243731632242570e-01
1.000000000000000000e+00
1.200869557263322257e-01
8.494313685770888966e-01
-7.544065432768505275e-01
4.504575015931283066e-01
7.194759965853521066e-01
3.483581686617426842e-01
-5.223060095228645450e-01
2.033170212224685025e-01
-8.453234943781827715e-01
-6.047528363767105952e-02
-7.201182784020223604e-01
-3.382111372386356618e-01
1.610798760781023686e-01
1.000000000000000000e+00
-7.264452243519253782e-01
-5.959666689975285925e-01
-3.225251246486720430e-02
5.801525638389197492e-02
-4.516513719963159423e-01
6.782832955650821560e-01
4.921499425819457485e-02
9.377359012178786146e-02
3.113601618844137886e-01
7.996707761199957076e-01
7.138443086356474065e-01
-8.233138348990707289e-01
-9.328355874286826666e-01
-2.160270638897398010e-01
1.000000000000000000e+00
-2.589063361062751145e-01
-4.279023327618831085e-01
-1.000000000000000000e+00
-1.584044386581648367e-01
-4.165082128361570213e-01
4.253539691455047178e-01
-1.274335594613406342e-01
-8.023789288211963244e-01
-8.581784073417888514e-01
-1.000000000000000000e+00
-5.481873869988866943e-01
2.501059077550438214e-01
-3.378517187521395404e-01
1.000000000000000000e+00
-3.040611744474642775e-01
-8.086246905648692973e-01
-6.626982646584191061e-02
-3.549003742433927133e-01
3.689110542468946874e-01
6.250481624668706437e-02
-7.496144364119975423e-01
-2.398164601738854707e-01
9.400093110216393155e-01
2.106257593908312242e-01
2.824430496376362232e-01
5.551956749848754313e-01
-2.832094987357623439e-01
-8.988469781838334671e-02
9.394587037849000399e-01
4.618345162092246103e-01
-8.848690015739348880e-01
1.910297988042128081e-01
-9.940717234836912164e-01
6.986987724722275583e-01
-2.867869955393327897e-01
1.966187544913321900e-02
-4.543810377762549368e-01
1.000000000000000000e+00
4.005888442094132640e-01
5.024749813258605480e-02
-1.000000000000000000e+00
1.554786966905983558e-01
-3.724445755598747992e-02
9.748801243160433172e-01
-6.402132918745870871e-01
-7.726670215613455905e-01
8.089043732863977487e-01
1.000000000000000000e+00
8.055344538506556962e-01
5.531477910686185551e-01
1.509779712298759957e-01
-1.322560740090298892e-01
3.596866136294827321e-01
-2.043749233527605014e-01
7.388357619127596809e-01
-8.140180919313819707e-01
-8.023688053317985514e-01
-1.000000000000000000e+00
6.124806652426525999e-02
4.033664381986116210e-01
3.602444692263559456e-01
-3.039615779169173027e-01
-8.750930541867693035e-01
-4.524991158364036758e-01
-2.756722362455013564e-01
-5.549663075520758770e-01
1.481861871952737386e-01
-4.225685272694950090e-01
-6.434841608716318495e-01
-2.922256445519975654e-01
-2.568679664337652491e-01
-4.355883500038106870e-01
1.000000000000000000e+00
-2.027282921438280372e-01
-5.254562496618976342e-01
5.364617894418062249e-01
-4.155916226888012877e-01
-2.216671928483669451e-01
-3.677802026730879748e-01
-8.153279136754905398e-02
-1.274936066473886243e-01
-2.645235135985237740e-01
-5.506123147889266378e-02
1.000000000000000000e+00
-3.452513718839608226e-01
6.841843170910031358e-01
-2.941994354765263830e-01
1.000000000000000000e+00
4.330447807860842158e-01
8.967156184952245201e-01
7.199028428899736931e-02
1.160033313483010142e-01
-6.767363043781713383e-01
-4.710194332219135860e-01
-1.650447477292511234e-01
-5.408252253125792608e-01
-2.162725101670614769e-01
7.687321427439048893e-01
-7.345559291059888807e-01
-1.206046451708980838e-01
-4.209598230962092735e-01
6.144313366180990110e-01
1.000000000000000000e+00
-3.911218467167218993e-01
-3.225350562201704241e-01
9.600590437227787266e-01
6.133429466616446835e-01
-3.382353541555561116e-01
-1.000000000000000000e+00
-5.906255853899970987e-01
-8.917526388658917336e-01
4.594685511987925963e-01
1.000000000000000000e+00
-2.937131445646430639e-02
-1.120993388309828309e-01
-4.510759016554946599e-02
-1.000000000000000000e+00
1.548992835443941674e-01
-1.000000000000000000e+00
-1.275670268017094489e-01
-7.375700574808972121e-01
1.000000000000000000e+00
-1.461297026139249389e-01
4.475689054769999009e-02
2.541370624635292952e-01
2.717988884943122740e-01
1.000000000000000000e+00
6.757384791553394665e-02
5.023344955345205864e-01
-2.478372541614666524e-01
6.868854793902108569e-02
1.629173834017272338e-02
-1.000000000000000000e+00
1.383014001954394889e-01
5.666054384471632677e-01
4.075792971919845464e-01
-7.668659546696694473e-01
1.000000000000000000e+00
-6.851695967298957468e-01
8.493837939845847451e-01
8.315092642933870071e-01
7.458015712392874752e-01
-1.000000000000000000e+00
-9.962841909923433881e-02
-2.881297548175655310e-01
1.020618323736203481e-01
8.491143546141405318e-01
-1.264744178668670560e-01
-5.133353171027570383e-01
8.160564451912016848e-02
-6.129138807269286504e-01
-4.897653691178135427e-01
2.093266641630273373e-01
