-1.232436114989290399e-01
6.326079957904062745e-02
-4.882301358307681305e-01
-2.820950543940665689e-01
-6.667773575806028585e-01
-2.420899126748099484e-02
-6.515493876635538584e-01
4.406007279068364646e-01
6.855993483015894174e-01
-8.345144153877557258e-01
7.585080590510959730e-01
-8.427545694180091918e-01
-1.055339670874766433e-01
3.043761144430816579e-01
-5.863181094039526808e-01
9.084658895193962191e-01
9.805290945444289363e-02
0.000000000000000000e+00
-3.359250221687259952e-03
6.678452235176854934e-01
4.983075420538893852e-01
-4.048821835997518104e-01
-7.317917426846798357e-01
0.000000000000000000e+00
6.755814808695372875e-01
1.251548497193870624e-01
4.734716510221725905e-01
-8.798205189646535196e-01
-7.469373628354163408e-01
0.000000000000000000e+00
-4.331814351556517728e-01
7.367853111961566448e-01
5.919071466215151123e-01
-2.558163699276272407e-01
0.000000000000000000e+00
0.000000000000000000e+00
8.334386653360095210e-01
-3.124415603808312625e-01
5.563437257331729224e-01
3.783036087747706500e-01
-6.118831264627815347e-01
-1.918242606575950582e-01
3.105480527573869498e-01
-8.643526530626859383e-01
-1.504054315468323910e-01
-5.647448984170353459e-01
-1.501589179483766578e-01
-3.510048772034093378e-01
5.541055268967109981e-01
-1.336109215916314596e-03
-8.485233410224239936e-01
9.977337072310854538e-02
2.534222384382902593e-01
2.231865422555603384e-01
3.923059498490917285e-01
6.399953613849382883e-01
6.280043185551360541e-01
1.609216752989481858e-01
1.095122400034940213e-01
-7.781161025481242444e-01
6.335232983058409761e-01
2.233396993492806626e-01
8.147977640267558552e-01
-5.932194094845262278e-01
-2.896000990232545647e-01
7.232824397433312846e-02
-3.095438269817101240e-01
-7.078088112460523273e-01
3.686067212963066719e-01
5.144149910356252686e-01
8.282308938728721870e-03
-7.379446889336376270e-01
-3.679858169768799314e-01
0.000000000000000000e+00
0.000000000000000000e+00
0.000000000000000000e+00
-7.169619456382194667e-01
0.000000000000000000e+00
-8.364539227469645066e-01
5.288418672328518699e-01
-6.863554041607244915e-01
0.000000000000000000e+00
8.500684877543862594e-01
-4.370926192194437565e-01
0.000000000000000000e+00
2.015713321418883819e-01
-9.580134095626176016e-01
0.000000000000000000e+00
5.501969707699971845e-01
-6.920967425670223605e-01
-8.353012968432400598e-01
-2.538134760619858987e-02
-9.219721908682787515e-01
2.741888983539864100e-01
-2.434859424994773036e-02
-7.693872534679846442e-01
4.377077964560807111e-01
8.904590456013234956e-01
6.477055005828864509e-01
0.000000000000000000e+00
3.457332236969543615e-01
5.142027528786623503e-01
9.169872452450957834e-01
0.000000000000000000e+00
-8.179154876171150779e-01
-3.773935929496037289e-01
0.000000000000000000e+00
-6.583288046708672958e-01
0.000000000000000000e+00
0.000000000000000000e+00
0.000000000000000000e+00
0.000000000000000000e+00
0.000000000000000000e+00
-5.506699158024019880e-02
-6.354527780926013669e-01
-9.429647624539974071e-01
-5.229726492806274774e-01
5.462919100822363205e-01
9.871049294636307092e-01
1.471338295668729312e-01
-9.053787287875991741e-01
-8.640043289294805362e-01
2.465559677266164762e-01
4.311621346227159091e-01
-8.900011902143616371e-01
0.000000000000000000e+00
7.862717880206084864e-01
5.502067227097726665e-01
0.000000000000000000e+00
9.202743077434154539e-01
-9.913840634901964766e-01
7.674363541159407998e-01
8.083740019198946136e-01
2.917417957078520807e-01
4.165306438369209552e-02
-1.998321426264695333e-01
0.000000000000000000e+00
-6.964516250515133677e-01
3.347869399588574435e-01
3.629351831661362660e-01
-4.521756555615374928e-02
-2.256641852341598753e-01
-3.276099674398154082e-01
-7.021097466713790425e-01
-9.653422739105765871e-02
6.925678944213131683e-01
-5.326561306147921115e-01
-6.305888776467158952e-01
-5.673851469997224228e-01
-8.202232192083378504e-01
-8.662700886448653215e-01
-8.936163403432373364e-01
-4.687831399937127941e-01
-9.721698643585934274e-01
-2.772573936196227606e-01
-9.105015570931973556e-02
-5.720933479471290717e-02
-1.049099657693088883e-01
-9.536802642176800404e-01
3.497188834187443529e-01
2.833167890542769296e-01
0.000000000000000000e+00
1.283946855557662747e-01
-3.985308541660537163e-01
0.000000000000000000e+00
9.846862813291450411e-01
8.933449588491082505e-01
-8.333174995578802591e-01
-2.191850470790535077e-02
-9.422187240594201985e-01
5.048856185778076711e-01
-7.335184797488196740e-01
-8.799064545933887871e-02
6.384091643362597157e-01
3.710376806000770245e-01
4.261698653820971128e-01
6.701897567475403328e-01
9.023871275617476595e-01
4.423111722211536811e-01
-8.729794127576213647e-01
1.622563801969456598e-01
7.836120979233289763e-01
4.639426286087451334e-01
5.610898665408472485e-01
-8.301576666146985861e-01
-1.055909809139876643e-02
1.090618695221972079e-01
6.921088155996899527e-01
5.102415067636911772e-01
-5.185532558811409842e-01
8.432096388806742393e-01
-7.207363827906967391e-01
8.077396400688130473e-01
0.000000000000000000e+00
4.571450588937631121e-01
-5.813388770818095352e-02
-1.919293366209184892e-01
0.000000000000000000e+00
0.000000000000000000e+00
-8.653870905803984215e-02
1.511721087318096401e-02
4.445488869562381762e-01
-1.327531732186975066e-01
-3.882773180919960598e-01
8.628707646915672047e-01
1.507976402203170530e-02
3.429547636966490121e-01
-4.466633386828522401e-01
2.889846907751121297e-01
5.052852424945806220e-01
1.443978069496241190e-01
-2.596630562125814556e-01
-6.658009752747140464e-01
2.008803875791402849e-01
-9.995964484590531551e-01
9.196113825342675518e-01
4.651603574076534908e-01
-7.694181245647482292e-01
6.727070347270356354e-01
0.000000000000000000e+00
-4.424974817322087084e-01
-4.354169034267505456e-01
6.141267007966133562e-03
0.000000000000000000e+00
1.073451822144100287e-01
-2.821972556162100076e-01
2.606509018897791297e-01
4.421872820263759163e-01
3.327744205186142779e-01
8.825422979614434560e-01
-4.190249172391702359e-02
-3.624427329094943584e-01
0.000000000000000000e+00
8.929636268084486517e-01
0.000000000000000000e+00
8.196028003237298964e-01
3.522919037248830598e-01
-2.866929982313819458e-01
5.473270497565296822e-03
4.082053710908788435e-01
0.000000000000000000e+00
6.029010277320814293e-01
0.000000000000000000e+00
-4.682135281630808166e-01
8.734757495704708052e-01
-7.276255899561487883e-01
2.333299723056112551e-01
-4.845272457044194070e-01
7.637534399925676176e-01
-1.156460746577769871e-01
-3.452073713357350915e-01
-4.052990179531372750e-01
-2.507545358963787496e-01
4.871102991427949114e-01
-5.333623344055880011e-01
5.089291987948099116e-01
7.355090733774436451e-01
3.756952127113457607e-01
-5.381966765384982310e-01
2.727841480283750286e-01
-4.452949300720603354e-01
-8.772575735398868702e-01
-9.999028245951395721e-01
8.833242925149176195e-02
1.234536369986680704e-01
