-2.401866482512263534e+00
-1.496860556024951217e-01
-2.692005672833092458e-02
-5.752427152049039982e-01
-7.781531536487498180e-01
3.507983220516623923e-01
-1.857615162086726987e-02
-1.821672394234703729e+00
-2.638458870385028132e-01
-1.205734991833862790e-01
4.896005448004291383e-01
1.090191428831568388e-01
7.957410790192042116e-01
7.755316514173308251e-01
-8.611743883847473580e-01
8.918289353835765487e-01
2.320729855328576563e-01
-6.759285878404476255e-01
-1.322491638099448363e-01
-1.142854161521080991e+00
4.007230323729086829e-01
-5.814634630535724380e-01
-8.770405618340467724e-01
-5.243630670179832975e-01
2.973223409784321869e-01
-7.991541434772707342e-02
3.796264610330165601e-01
8.363421381332364346e-02
-8.651808570591258407e-01
-2.250462422402320362e-02
8.151038894399854906e-02
4.102693047988440478e-01
6.754520125507752493e-01
7.244640123284099564e-01
5.127535299831488258e-01
-3.345749974490090373e-01
-3.975025757673631976e-01
3.142677641375080655e-01
-9.469967280055238690e-02
-1.273982574813257163e+00
-6.597470985885758310e-01
-5.271167893178528852e-01
-2.751748857229132650e-01
-3.197731183840918368e-01
5.943085220268579105e-02
5.280378101714289230e-01
3.010627031546418350e-02
8.269821979267883982e-01
-1.447050158386302132e-01
1.959781054820987634e-01
8.066438365313938208e-01
-1.200387702103416915e-01
7.132218683653017699e-01
2.784088673230444289e-01
-1.644797787996421734e+00
3.854151555547908892e-01
-4.108754093965131249e-01
8.800847409509069408e-01
6.862238157495067492e-01
-1.750336065880400693e-01
1.096945590652939950e+00
2.265339049555254169e-01
-8.018723676229002617e-01
-1.273807519323623794e+00
-1.807842762712208451e-02
-7.660808900000918298e-01
-3.950135749315610290e-01
-4.087702990544864745e-01
-1.015509719318482773e+00
-1.485191941129261783e+00
-1.852401552526881101e-01
-8.477269025810536540e-01
1.139715868241872876e+00
3.621640919848213569e-01
-5.231516978277247487e-01
-6.973246301726004903e-01
2.147766440747146177e+00
-5.426144344764106953e-03
-3.121171068762093048e-01
-1.705835201063367612e-01
2.982808901555232817e-01
-9.122069105778860543e-01
-2.285167110352160080e-01
2.902121336717630729e-01
8.126936609194344019e-01
-8.944986445004918796e-01
1.844458248868797501e+00
-9.290370441756844178e-02
-1.452683094036750999e+00
5.039696591542152104e-01
-6.741619088307204688e-01
3.692622284720655235e-01
-7.582829699780369026e-01
-1.869825923292430803e-01
2.429072043831519423e-01
2.925784007747548321e-01
-1.370753646769578005e+00
-1.060606270092273595e+00
-4.346472164407416683e-01
-1.550452687785286721e-01
2.047716683643376612e-01
-5.555666594216768228e-01
2.781809690679712954e-01
9.087367818459658741e-02
-1.724950223611882716e-01
2.775247287999746959e-01
-2.428077509870528061e+00
4.473129667173117441e-01
5.693804792741530285e-01
2.757220090872397056e-01
1.424807563376107034e+00
5.655635948423117787e-01
2.241985047110223395e+00
-6.905933631540213113e-01
-7.991612314147120699e-01
1.250069875286692056e-01
2.700733033545489881e-01
-1.422834206316519745e-01
-3.311816407187551103e-02
-2.723062360832092521e-01
1.148452391052539268e+00
4.012343804571167488e-02
-2.942588233098821782e-01
6.185050358910318402e-02
7.784298747034172905e-01
6.385986191061969741e-01
-1.392779376216848330e+00
2.621525676093331980e-01
-1.150774613098154431e-01
-4.907196252315103591e-01
2.282935039674894584e-01
5.079258743991817981e-01
1.478315308575681719e-01
8.129620553533258853e-01
-4.597676419398724623e-01
6.015050451102550433e-01
1.413528635279591716e-01
1.107297133182694626e+00
5.125361314429009996e-01
-4.663434754894643479e-03
2.532434746465916375e-01
8.768313487095218406e-01
-8.659779565316019223e-01
-4.656285566923241137e-01
6.091184639793422173e-01
1.377147800499882169e-01
6.894519651573499663e-01
7.654525221469603569e-01
5.825032510331754620e-01
-4.940399448188552145e-01
1.594582440925494393e-01
-1.193545590951286428e+00
3.065201516512556373e-02
6.619684846554890756e-01
-9.301047051775996888e-01
-3.787444258524637342e-02
2.488026436276960796e-01
-1.172393751408015383e+00
-8.079614592347283963e-02
9.591146416963737265e-01
7.172849955426240376e-01
2.937053585830364799e-01
3.920677237615653454e-01
-7.320381605346397258e+00
4.693243384928354467e-01
-4.228832027907657998e-01
4.869300527233685338e-01
-1.588905563465538684e+00
-9.012686604975087556e-01
8.636391015104952218e-02
-2.188564457542206410e-01
6.319468647546179485e-02
2.682106861755902821e-02
4.703843615986505466e-01
6.715665772643790721e-01
-5.236869196124477321e-01
-1.291691385528296321e-01
2.054350957416084533e-01
7.517352363412745930e-01
4.341304806687821261e-01
4.132389434023099883e-01
-9.113350004324488607e-01
2.353535217621186282e-01
-6.803346939196170950e-01
-1.300198733362581405e-03
4.536584167903597864e-01
2.825251136654510220e-01
5.252663087600497605e-01
5.179591982195362876e-01
6.924137669462065992e-03
-1.294016089309465656e+00
-1.384280753398535735e-01
9.163280545717324144e-02
-4.547363421792485205e-01
-2.273184263654285664e-01
3.220440906859493579e-01
8.301023829236876816e-02
-6.388018003985628246e-01
7.167838769128177523e-01
7.518329098774487740e-01
-6.338077746438268711e-01
1.158650059877449401e+00
-1.141035140631335432e-01
-3.458855994037008524e-02
6.049123149804684907e-01
-1.869105671983619876e+00
6.973998351352528324e-02
-4.416009827697580103e-01
-8.753533047914576759e-01
1.520782817963187261e+00
-9.776990177268150006e-01
-1.458870843921600824e-01
2.102058001359788264e+00
6.771823089192661183e-01
3.665492839635980937e-02
6.162430524262892950e-01
7.278753487002410927e-02
1.203600061420557199e-01
1.366446498960437461e-01
3.281238051597569760e-01
1.156324486835202281e+00
1.242592968448910318e+00
1.291516121206361667e-01
-1.481005473725647281e-01
-7.156066851464770728e-01
-5.249411620870608752e-01
-9.077239895864427366e-01
-1.073251269932400387e-01
7.770416670693882644e-01
9.800817232648976196e-01
-8.224723877598423272e-01
-5.001237433270432353e-01
7.622588721261012168e-01
3.687982353028710913e-01
3.890149992384270838e-01
-3.164323383247940047e-01
3.065274169164076690e-01
3.524966603744155158e-01
-5.126761855701107429e-01
6.266186787819189030e-02
-4.170562946151518124e-01
1.014540854431756900e+00
-1.220273508708327043e-02
4.754014926647505135e-01
-7.419834262627387211e-01
2.027442378709476412e-01
-8.044894664003410245e-01
-1.070051731562013941e-01
-8.674817541628357387e-02
-2.691130435848481522e-02
1.161708062652398343e+00
1.408344938101761645e+00
-1.075396997021740519e+00
-1.758314100486058629e-01
-7.810318744355339293e-02
-3.288936580660157261e-01
-1.469904952965003508e-01
6.842968637406500187e-01
2.464409590214085566e-01
9.684928331515566535e-01
7.237334914796218766e-02
-1.268335821953028519e+00
-3.665114378858796984e-01
-5.423103627990585318e-01
1.390331665890284785e-01
