5.184779472345062423e-01
8.301132780297189040e-01
4.856304805090749244e-01
6.046769665021539675e-01
-1.486694818542494856e+00
-1.963502241100527401e+00
3.020491353433886750e-01
-2.758011310251982984e+00
1.105618524439192729e+00
-9.893552527155244358e-02
6.150816673192496253e-01
-4.926748658458939834e-01
-1.230278035728837427e+00
3.473754176287265905e-01
-1.187641966590652132e+00
1.318479074819183694e+00
-5.234164631242804733e-01
-1.059840743878129210e+00
-9.087556437987631686e-02
2.091760706344514276e-02
-1.411973629397258456e-01
-1.945537270530165674e+00
1.090038827433243707e-01
-1.444186785362827630e-01
-1.338042022329975378e+00
-3.488122996119331631e-01
-1.254074949293015884e-02
-2.827293881576986578e-01
-2.398258355019191879e-01
2.438954499263951484e-02
-2.794489214783906772e-01
8.141417584885053405e-01
-5.396820042445329424e-01
-7.156878358427348763e-01
-9.907003839834700454e-01
6.576526287710809937e-02
2.413798983428790124e-02
8.082781965551064651e-01
2.489947307631341089e-01
9.853155107390665357e-01
-2.914114522736876545e+00
-2.670978347823004251e-01
-1.685599342404092357e-02
4.447314088531604814e-01
-1.624011930535832482e-01
-1.831208277244496641e+00
1.724344456129482395e-01
-1.916839497940907133e+00
1.680602227944932414e+00
-1.958032731897423051e-01
-1.566230305883206664e-01
-5.197791770095818720e-01
1.298312696146724177e+00
1.395800778031248690e-01
8.216920232283237979e-01
4.823227277690754211e-01
-8.607727056868619275e-01
-5.878592218942468861e-01
3.251105230374257138e-01
-5.172238870647085651e-01
-3.250800736088637066e+00
-6.918586657200439527e-01
-1.260174113772863647e-01
9.413890823208879155e-01
-3.398404485652103957e-01
1.766863022679972528e-01
-2.066761876604455983e-01
-1.861426601051147378e-01
-1.024574282618853971e+00
3.022908324196138530e-01
-4.845220356124486649e-01
1.513102865492621518e-02
-4.575217694163513649e-02
-7.066256911113679706e-01
2.101581055410244384e-02
-8.348403856742410145e-01
8.001851070309429215e-02
3.291644835453328977e-01
-1.377904436610078998e-01
3.796528332604590661e-01
5.084335446841053985e-01
8.657520649911960575e-01
-3.065928347650365704e-01
-2.189633199625084514e-01
-5.677254608444241013e-01
-3.803586993922216664e-01
2.714540911820640390e-01
-2.245415600432613956e-01
-2.390502947120032307e-02
-2.939905357680903997e+00
-1.077704087419768308e+00
4.906163827503951524e-01
1.165130157209311790e+00
-1.693130691720366343e+00
-9.290557671724780642e-01
5.233956676377327533e+00
9.828171156051125623e-02
2.050560872917789323e-02
5.165508582541482596e-01
-1.961500733408300667e-01
3.184183174394035198e-01
-8.388371745377418698e-01
-8.702399363810586763e-01
-7.842664710546641826e-01
-1.180897681303563762e-01
8.200638231424250968e-02
9.054420316084133002e-01
5.478751574120533929e-01
5.052358951279160015e-01
4.081359566928122740e-01
-5.623066967785063097e-01
-8.680220890435159653e-01
1.372095490574794630e+00
1.174563165660115427e+00
-6.246278547911883194e-01
-6.020572274436433169e-01
6.736447306382462585e-01
-1.417672295938271487e+00
3.381883040591543987e-01
-2.748931628804126004e-01
-1.062280632702219535e-01
2.945501960743170944e-01
4.916558769600564149e-01
9.079177784327477907e-01
3.642818249556779020e-01
-9.487644488915513916e-03
-8.039255811671175422e-01
-2.463031472590672122e-01
-1.627433767087357097e+00
6.273213270052588886e-01
2.308953583546479393e+00
-2.237157942589364512e-01
8.673785042180193194e-02
-1.794426821797244775e-01
3.205460894725323806e-01
-1.619409823613212618e-01
-2.327312347747643173e+00
-3.649662347905133220e-01
-7.947636797746565618e-01
5.607589213876558176e-01
7.558069078589384482e-01
-1.261439790700695340e+00
-4.483067296366066157e-01
2.488805461330218238e-01
-3.036674555877211801e-01
-7.846586276845222141e-01
-8.511949982643822743e-01
6.134283677063621099e-01
2.622502910051101588e-01
-4.296583463806606940e-01
-1.054582120470990869e+00
-2.171838133871836218e-01
1.463691986433619807e-01
-5.869784844321499495e-01
4.638348281373641524e-02
2.417325781215104996e-01
1.510157614752990707e+00
-4.556779882003703097e-01
-2.471756779564204531e-01
-3.689179374315196963e-02
6.124783531532819181e-01
8.288787301074169278e+00
1.251188194246664054e-01
1.956253881542045825e+00
-4.715566943080452544e-01
-2.563656071885390131e-01
4.838262059346646327e-01
1.473406227180357186e-01
-1.260504356253464020e-01
-3.544529808142438121e-01
-1.917926005606986450e+00
-6.951026282587675631e-01
4.702511516452279050e-01
-1.863700453594735462e-01
1.628835210446149206e+00
4.746555474362673666e-01
6.180998292589114929e-01
6.832465944722871942e-01
-3.035177576729858329e-01
-5.033943681066194165e-01
1.272392781128018679e+00
3.915858138623987683e-01
2.196962797709381743e+00
-2.973785438152899419e-01
-4.964807642785528108e-01
-1.061952516504066080e-01
3.996564928501671887e-01
6.236048895000154690e-01
4.949574060829695088e-01
5.127045930629976489e-01
3.343759957245895809e+00
4.035210918878504027e-01
-3.890610105326944845e-01
-3.470734311505069947e+00
3.400913270678861400e-01
-8.143695454305297510e-01
1.563417821067963676e+00
1.905883432290247370e+00
-6.747152554382215284e-01
-1.041690464731690746e-01
-9.395731065975597707e-01
-2.303328684159176909e+00
2.247965711410318423e+00
1.093220144046296999e-01
-4.105696576184223012e+00
7.333065579690407620e-01
-1.190038458412020272e+00
1.406959461202366701e-01
-3.637260594770685973e-02
2.757897217879359819e-02
-2.765645360943760900e-01
-2.272670058573972307e-01
-8.684470055941975186e-01
6.164974632670600085e-01
1.579279087674710480e+00
-2.041308079571237943e-01
-1.702271233473690026e-02
7.772753288020769480e-01
1.035639610674865541e+00
-7.664670288947492693e-01
-2.916996541142102828e-01
2.283239684957018012e-01
2.372506207352827357e+00
3.725772480368266804e-01
-2.124777006607177499e-01
-4.498165233507229188e-01
3.311422070167094334e-01
3.910147713343917752e-01
2.201502647645918187e-01
1.105062028988837763e+00
1.738198917251989162e+00
1.314233408685722970e-01
-2.925502094211709925e-01
-5.614415102733157914e-01
1.776179808360958123e+00
1.497654591767507148e-01
-7.205376929646858386e-01
-9.040284742366988535e-02
9.781180686276231828e-01
1.257969600354421624e-01
-6.803308095426169322e-01
-5.653400763013329833e-01
-3.866596003187788289e-01
2.219846394721722294e-01
1.720072145543098285e+00
2.969727130436061735e-01
4.927715485683903385e-01
2.659829311173895761e+00
-9.281732261854439558e-01
-7.527659251745144608e-01
-6.700328323412054754e-01
-6.296106095310836093e-01
9.288830178002117632e-01
4.288536618085591612e-01
1.478976870087261863e+00
-5.560339864230134932e-01
-5.603008058504468369e-01
1.104249140806596641e+00
1.355423629560928989e+00
-9.071214904526714307e-02
-6.512604679866004775e-02
-3.957238501984075008e-01
1.080874766044123969e-01
2.155638586532956369e-01
-9.211724239688989790e-01
