2.667908206100359086e-02
2.961381091262676457e-01
9.441454972485687769e-01
-1.000000000000000000e+00
2.939478321170676534e-01
3.685170598765220573e-01
-7.143667187247192824e-03
-6.339678640016688238e-01
4.815728040924813769e-01
-5.743806047145110227e-01
-1.000000000000000000e+00
7.321192600668817718e-01
-1.739988950831438119e-01
-2.495338148816512724e-01
1.000000000000000000e+00
-9.935550041254224141e-01
6.919617444627380598e-01
-6.005913060525833735e-01
1.000000000000000000e+00
-6.972257032585926773e-01
5.742105768589216286e-01
5.376569603154666144e-01
-7.372612230504205222e-01
-2.926635644920939638e-01
-3.578676856490179969e-01
1.203042290309879747e-01
-1.000000000000000000e+00
-1.000000000000000000e+00
1.000000000000000000e+00
-9.898232660802941396e-01
-2.710090681702966853e-01
-7.502488993457511190e-01
1.000000000000000000e+00
8.213356108140517087e-01
-4.438109531945004238e-01
3.037437578758551693e-01
4.466370296949286334e-01
-6.705184574480705928e-01
-7.575024421590010881e-01
-3.715390831597481514e-01
-6.905957033813072687e-01
6.598980176162126954e-01
-6.940384929217520149e-01
-1.672159458395328091e-01
-3.362663002547134350e-01
3.833569850224076148e-01
-1.000000000000000000e+00
8.433498351242146862e-01
-6.010116440370799618e-01
-7.109421181970063675e-01
7.282752549795703523e-01
-5.160189522728481082e-01
9.555363686645330923e-02
9.691027112440979696e-01
-1.316414988841700384e-01
2.426662666092168630e-01
6.356990789489730398e-01
1.000000000000000000e+00
7.392213356132328397e-03
-1.000000000000000000e+00
-7.998355975152925401e-01
1.000000000000000000e+00
3.257671129291296874e-01
-4.373916262904895547e-01
8.623794636914907663e-01
2.839167441967420658e-01
-6.960001500227734894e-01
-1.038832368707240383e-01
-3.623659278696592656e-01
3.024292451243049129e-02
2.967762779741641710e-01
1.000000000000000000e+00
6.977208089736790519e-01
6.322478598847069975e-01
-2.784107307604324344e-01
-3.287980058238857417e-01
-1.000000000000000000e+00
1.117020840332081655e-01
2.190231293803499568e-01
-9.608745539580466621e-01
3.622189018663425908e-01
-6.939954572079271022e-03
3.975208307073259673e-01
9.818452855027918202e-01
9.379215437608273698e-01
9.969844537200516221e-01
-1.000000000000000000e+00
7.147127273924063218e-01
2.091992388024143112e-01
9.997788190547638454e-01
-1.470363086608762401e-03
-8.524989028170211203e-01
-1.000000000000000000e+00
-6.356559960468856699e-03
9.410659073451154155e-01
1.000000000000000000e+00
-9.257693635886846129e-02
2.904483805693904852e-01
-1.000000000000000000e+00
-4.095081801268091737e-01
1.000000000000000000e+00
-1.175824942936367912e-01
1.811864096444162076e-01
8.384202308730045461e-01
-5.090835916682217022e-01
-9.543481420429426043e-01
1.000000000000000000e+00
1.490003768189629429e-01
-1.000000000000000000e+00
4.811891986163735480e-01
1.000000000000000000e+00
-6.234953528391166261e-02
-1.013945202501616988e-02
3.545317164597389104e-02
5.391356687174554407e-01
-1.172843738784432877e-01
1.491086281996931162e-01
-5.724789547899554742e-01
9.073003180549504831e-01
-6.422992770516328109e-02
7.333271816942082966e-01
-4.022535186621412073e-02
-8.984871562819737312e-01
1.000000000000000000e+00
-6.154443534127300719e-01
9.714439099891215568e-01
-4.830792296571540523e-01
2.861301936350764685e-01
5.008579814932194729e-01
-9.925654373287332022e-02
-1.024466857315909363e-01
2.651314406514043709e-01
4.820901537022478922e-01
4.344226687747270166e-01
3.413661648943125959e-01
-7.528344835745198749e-01
4.226205225667547527e-01
1.465013888797768171e-01
-5.478650686358994548e-01
-3.120708300121829981e-01
-2.519571747202739576e-01
-5.495729055240268224e-01
5.076572373930504645e-02
-1.243805008355819974e-01
5.309947218176080952e-02
9.943542392083002390e-01
-9.016686674402839552e-01
2.331870542051043271e-01
-1.000000000000000000e+00
1.571319402040889379e-01
-1.000000000000000000e+00
-2.140968181941493853e-01
-1.000000000000000000e+00
-1.978244947750737170e-01
-5.250952243918205475e-01
5.850023601734578582e-01
-4.031140789261154489e-01
-4.969313520875336954e-01
-1.000000000000000000e+00
5.061001686500523622e-01
-9.852614042528996530e-01
4.737936914669711452e-01
-7.361275561253380895e-01
-1.000000000000000000e+00
1.898828269620447817e-02
-1.552622707917178657e-01
3.815250937034264656e-01
7.864799899745453793e-01
9.567097111552860245e-01
-2.486795642289099662e-01
6.473622798214809793e-01
4.681632921513697587e-01
-3.178740681695737536e-01
-1.000000000000000000e+00
-6.089395953361538272e-01
1.000000000000000000e+00
6.166782185069348277e-01
4.250986709316680878e-01
5.917553689816215101e-01
1.000000000000000000e+00
5.032267163209536154e-01
-7.232576831768863235e-01
-9.593834114061333684e-01
7.441503478046611608e-01
6.768850342083096994e-01
-1.648411907408501575e-01
-7.176880128719029250e-02
-1.000000000000000000e+00
1.377511933740340200e-01
-7.435689828904856746e-02
7.140100694472544252e-01
8.634114174802817732e-02
-5.337500915832196768e-02
2.519649159678883921e-01
4.883208203003063241e-01
2.377359162191051145e-01
-3.581220950627695410e-01
-5.534025225753094190e-01
5.590802312418059472e-01
7.396971083040893014e-01
2.415157250328068828e-01
3.625606219388843310e-01
-7.782421931204254184e-01
-6.751706467393214783e-01
-5.910730352219807360e-01
4.877673554915246679e-01
-5.108912372492802056e-01
-2.916271063433120703e-01
-4.110700786543867169e-01
1.813491068711797771e-01
-1.000000000000000000e+00
-6.375516425119887032e-01
-8.804285798612106195e-02
-5.223991902791079722e-01
4.397932985732730948e-01
-3.311201645999072296e-01
1.000000000000000000e+00
-1.089792223952281425e-01
6.310681061438130346e-01
6.551401375298223639e-01
1.289491858823836046e-01
-7.143987705144703160e-01
-2.866828633147159300e-01
-8.933695473530359754e-01
4.630924763287649348e-01
8.768337084046201602e-01
-9.634138331839523506e-01
-1.000000000000000000e+00
1.000000000000000000e+00
6.475948703095155690e-01
5.704862072484875313e-01
4.301286228159893407e-03
8.664648846204950905e-01
1.754433421476953026e-01
4.996679261505121983e-01
-4.888529669122197996e-01
-4.593925568280894933e-01
1.000000000000000000e+00
-3.802276414873480004e-01
9.984013530353648136e-01
2.495847134575472914e-01
-4.815835429469940698e-01
-8.447913627164657657e-02
1.000000000000000000e+00
-6.820567363216627488e-01
-1.000000000000000000e+00
-1.191795439263337864e-01
1.000000000000000000e+00
6.310583537506788687e-01
-3.602311623625249482e-01
-7.902529078960878195e-01
-1.816542090214512128e-01
-2.105176764961803892e-01
1.000000000000000000e+00
5.303768455494932699e-01
-9.134354423450621319e-01
9.722137058444753066e-01
-6.451120495120725717e-01
8.188972537836822219e-02
4.449952148094325488e-01
2.372158618644971684e-01
7.683134496417886039e-01
6.542447378431162086e-01
-7.367272064025410794e-01
3.629842492503390083e-01
