-9.595456274151029641e-01
-4.940044146297603023e-01
9.343610209138363265e-01
-7.294985298293154008e-01
-5.587249094803774518e-01
-8.772660457322843663e-02
6.062122834469133581e-01
9.855477963983256817e-01
4.565479902180989424e-01
3.446292742117003094e-01
-1.217667931370663148e-01
1.000000000000000000e+00
-7.438803743230064658e-01
-1.000000000000000000e+00
2.773173043522416670e-01
8.555121041582470776e-01
-3.761571608499106878e-01
9.534474216609713226e-02
2.412994791781580828e-01
7.403338773580359078e-01
-6.897479543880247199e-01
-9.716444802076205089e-01
-1.000000000000000000e+00
-6.755661281198879209e-01
-3.182772749394351397e-01
2.576440666751008690e-01
6.121019120547497305e-01
3.910455786303396186e-01
8.019933802521794775e-02
6.557919312363884590e-01
-1.000000000000000000e+00
-3.485369324245574107e-01
-5.125418139539780205e-01
1.000000000000000000e+00
1.000000000000000000e+00
-2.145860404240747810e-01
-1.219495134511949519e-01
8.021462344342954465e-01
6.411597882555025718e-01
1.000000000000000000e+00
6.265372486838183264e-01
1.000000000000000000e+00
6.407876171414189637e-01
-2.083843740533261046e-01
4.608056616154720952e-01
-7.158300082065596204e-01
-9.705019419910266842e-01
-4.079933721561926352e-01
5.791526495437687716e-02
-1.000000000000000000e+00
3.364211253323498019e-01
1.740097704680471369e-01
2.470925466495802192e-01
-1.000000000000000000e+00
9.785017332706540116e-02
2.259798285933887485e-01
-6.890783140982708055e-01
7.905914974240144666e-01
5.852480753517732559e-01
9.967756030932384270e-02
-7.037358537698558125e-01
1.839613655368159684e-01
-5.923218401772256669e-01
-6.965659170327329619e-01
-1.040606748651165397e-01
-2.908371610393689077e-01
-7.511989893979001964e-01
-4.983844523961798445e-01
-1.117457468743239882e-02
-1.000000000000000000e+00
-1.000000000000000000e+00
5.368552185519569475e-01
7.645825623733948362e-01
-1.737002369733705032e-01
-2.496762324101575170e-01
-1.000000000000000000e+00
-2.170721021431601949e-01
-4.121435505989491377e-01
4.684279941723927532e-02
4.345522573078276496e-01
-5.725047958425635297e-01
2.648375997490352574e-01
-6.607303365810449636e-01
-6.509736283550905667e-02
-1.947639867932004221e-01
-7.176318357705642192e-01
1.000000000000000000e+00
-7.258660682570154954e-01
-1.585268290413014980e-01
-7.408092721051571239e-01
2.243629882471185610e-01
1.619144741185520320e-01
1.000000000000000000e+00
9.339821002280022100e-01
-7.797224377438241039e-01
3.004966280459547279e-01
4.190946095968105523e-01
1.000000000000000000e+00
-7.607290252263234631e-01
-1.842299922581225047e-01
6.519522092652666467e-01
-2.381977629800345608e-01
2.089061790527816376e-01
4.174951959094452270e-01
3.721576560503687681e-01
1.692205899308562023e-01
-3.493468932467941324e-01
-4.719925145167127578e-01
1.000000000000000000e+00
6.612836318075132613e-01
6.441398986967150631e-01
2.799458516850280021e-01
3.024681750638290589e-01
5.904532779242672724e-01
1.915596317006472704e-01
-3.913096786497837209e-01
-1.000000000000000000e+00
9.896439827145475654e-01
1.000000000000000000e+00
9.219011157813670199e-01
-8.718596363025092888e-01
1.000000000000000000e+00
-9.691811409996978766e-01
-1.000000000000000000e+00
-3.390550678043943167e-01
-4.165998902559760464e-01
1.750012186431442740e-01
4.868651843663611700e-01
3.439123189268410152e-02
3.785718152481810095e-01
-2.116830381791763860e-01
-2.957126032243441172e-01
3.550068058361842138e-01
1.000000000000000000e+00
-2.452041603578657414e-01
-2.732034618897699607e-01
-4.805999198621921376e-01
-9.837550151514609098e-01
8.352647684137863848e-01
-2.934702545977031507e-01
1.151403830029590070e-01
9.985242795660248527e-01
-2.442366067785918526e-02
-5.619782706821205842e-01
-7.465594176284179317e-01
-8.924875147165268752e-01
-8.967858557230322658e-01
5.923044126478144156e-01
-3.366173084413479621e-01
-8.292454086520635592e-02
5.796509591573867359e-01
-7.022658946705997440e-01
7.723675920282534191e-02
6.399131442172224515e-01
-7.643828303677826508e-01
4.565065796479038651e-01
-4.256142780595134067e-01
-6.915132701486265132e-01
-9.846382373822629708e-01
6.621405674152439635e-01
3.970087776909597133e-01
-9.721698867311502346e-01
1.965416694737705805e-01
-5.217166748759521910e-01
-1.363653030977785285e-01
3.368834829560237720e-01
4.734125665068318334e-01
5.976746352500106330e-02
-8.477116267940215666e-02
-8.950005637187757879e-02
-6.247188991611423159e-01
1.000000000000000000e+00
-5.540252309130258013e-01
1.000000000000000000e+00
3.614534539798488488e-01
6.134879696747378430e-01
-1.000000000000000000e+00
1.966816996676307161e-01
6.364749352649803349e-01
-1.097029782927976260e-01
-9.844073602430174486e-01
-1.871918313407869294e-01
1.845113183210854990e-01
-1.822512880974560268e-01
-5.458184574538975653e-01
-1.464930922215383902e-01
3.997944265756230298e-01
-3.285634769939890232e-01
-4.143936992612117232e-01
-4.630702747515075268e-01
-1.000000000000000000e+00
4.697525137847360366e-01
-8.279534719255188246e-01
7.805616431924434773e-01
-5.208128593279084395e-01
-2.867683194213561104e-01
8.006107849077491734e-01
8.666518108146208377e-01
1.000000000000000000e+00
9.690356867881850800e-01
-5.570894697102874993e-01
-7.918676522579773391e-02
-3.353734593061876712e-01
-2.699027534151413610e-01
-1.088096693417056615e-01
1.000000000000000000e+00
-2.815658409853632471e-01
2.123670475132111435e-01
1.000000000000000000e+00
-9.400632765444585370e-01
-3.902760776858985592e-01
3.204677108300573729e-01
8.913391937621089056e-01
-1.157811906274666958e-01
1.000000000000000000e+00
2.328315376477954612e-02
-6.088396659495617924e-02
7.274347060489226857e-01
-8.680680044796325046e-01
-5.236169816388865916e-01
1.112559620290444751e-01
1.676432495305107406e-01
-2.355052945737832748e-01
7.511365474859521552e-01
-2.459441069198654573e-01
1.000000000000000000e+00
5.430423472670239948e-02
2.201571782990511539e-01
-3.130974337621377224e-01
-1.796532190876470592e-01
-1.000000000000000000e+00
5.844039878180681269e-01
-7.813650433813208451e-01
1.000000000000000000e+00
-5.497846712964418181e-01
1.000000000000000000e+00
1.000000000000000000e+00
1.000000000000000000e+00
1.036499546883149631e-02
4.751924725234711322e-01
1.000000000000000000e+00
9.375931859802560941e-01
-1.000000000000000000e+00
4.745828582696752229e-01
7.066966442898404699e-01
1.705378853308484877e-01
4.509846907111660363e-01
3.128040186158257963e-01
-1.000000000000000000e+00
1.000000000000000000e+00
3.104487697743751329e-01
-1.000000000000000000e+00
1.000000000000000000e+00
4.834189237101493841e-01
2.647969940003571110e-01
-7.427767242915250812e-01
-4.977986375168859667e-01
-1.000000000000000000e+00
9.009411534634579333e-01
-8.704467903802908246e-01
-1.731932212976035057e-01
7.055330914876827286e-01
-6.989604059153524673e-01
1.464838856297200342e-01
-2.688070780730667519e-01
