-9.616101626422682846e-01
-4.948338390888731286e-01
9.180662356632403043e-01
-7.321978056566107451e-01
-4.573544371165061961e-01
-8.384012316878269866e-02
6.066547972040188252e-01
9.859326196707033363e-01
3.683191483727498161e-01
3.814949215549908734e-01
-9.722923861086811559e-02
9.094765335466945544e-01
-7.395100041617977960e-01
-6.546125145113945720e-01
2.772507166415358326e-01
8.525630642794806979e-01
-2.852698510233213081e-01
8.908945902623381652e-02
1.360200953779804878e-01
9.371839223286942966e-01
-6.916138840770548191e-01
-9.627342938999559063e-01
-9.326446568993169706e-01
-6.347544314459201420e-01
-3.258390530538349816e-01
2.522511125247046126e-01
3.935062387378899795e-01
3.895258614840973466e-01
8.275959451719215598e-02
6.439714570188856957e-01
-1.000000000000000000e+00
-3.496067572442780325e-01
-6.273067007457092670e-01
9.407703512331735407e-01
1.000000000000000000e+00
-1.286200884322860338e-01
-1.391973283924350657e-01
7.610381800839873812e-01
6.339818002390230633e-01
-8.834491514358946418e-01
6.381425607969073432e-01
1.000000000000000000e+00
4.336487189784998253e-01
-2.633634868503762494e-01
4.060736422965283698e-01
-6.434278430404929416e-01
-9.706591302344307337e-01
-3.680046495736752354e-01
4.846164298821075550e-02
-1.000000000000000000e+00
4.079985423445243176e-01
4.164983910977129028e-02
3.550545648613656624e-01
-1.000000000000000000e+00
2.345283285707824295e-01
-7.841410555392037685e-01
-6.845936976472080104e-01
8.011270122760981716e-01
8.064408296934580944e-01
6.486481396387863696e-02
-6.335633732146925823e-01
1.895670853493796049e-01
-6.020698904202459456e-01
-6.434896765855694367e-01
-1.035268099486783278e-01
-2.909317207498273716e-01
-7.380892330721008365e-01
-6.226491049064422079e-01
-1.062475660223616974e-02
-1.000000000000000000e+00
-1.000000000000000000e+00
4.817784455318413483e-01
-9.636336496409299290e-02
-1.553010756490866839e-01
-2.638960576887108278e-01
-1.000000000000000000e+00
-1.780070145903097367e-01
-6.408878473274981502e-01
1.178744645561280169e-01
3.650391254460079171e-01
-5.551419601864712172e-01
5.848263761535198446e-01
-6.351777665996870548e-01
-2.442482669963948194e-01
-2.147339204590934525e-01
-7.704970958965582373e-01
1.000000000000000000e+00
-7.284407396078229624e-01
-1.615350129237748955e-01
-6.796823672731625576e-01
2.260109305424581883e-01
9.549710805832760385e-02
1.000000000000000000e+00
9.339552195411880975e-01
-6.140198444749846995e-01
2.963736227170327697e-01
4.488878261021923000e-01
1.000000000000000000e+00
-7.351095971221766057e-01
-2.155824351461910204e-01
6.238776816761669730e-01
-1.189443853733279099e-01
2.088515122533466939e-01
3.769173509951849188e-01
4.088200017646372308e-01
-4.344349949497028351e-01
-3.247229814794045932e-01
-4.766506466588248392e-01
1.000000000000000000e+00
6.071594941431640580e-01
6.207390911849119952e-01
1.468742059129753696e-01
3.004403016299430074e-01
9.411969662753845167e-01
2.023636601170837879e-01
-4.753592764522054370e-01
-9.170277264875301704e-01
9.948479902155303867e-01
-3.495766372498065877e-01
8.816863665345873180e-01
-8.959712239482099383e-01
1.000000000000000000e+00
-9.352113742545834496e-01
-1.000000000000000000e+00
-2.989365234690670725e-01
-4.127824730622257077e-01
-2.672205099146189866e-01
3.698322111037039006e-01
3.739581550666074700e-02
3.863493192146211230e-01
-2.248173312019405568e-01
-1.289371127256006555e-01
3.495799562094585866e-01
9.996301600262308407e-01
-2.151117776776639845e-01
-2.726989161461139677e-01
-4.994843427151779425e-01
-9.598997673702225342e-01
8.499961123043630051e-01
-5.072732513776838648e-01
1.366872648373640142e-01
9.984950709593214402e-01
-8.821767814406346331e-02
-5.619788234691054374e-01
-5.833296648910685223e-01
-2.356386116542220077e-01
-2.761815128659401153e-01
6.012494096902802898e-01
-1.326742465099099433e-01
-8.338410395574971656e-02
5.810716461219016526e-01
-6.448296164661435625e-01
3.348493272924588787e-02
-2.889469834951527982e-01
-7.509395205561784081e-01
1.659913952476662902e-01
-4.461145249413803748e-01
-6.310838842112755920e-01
-2.855253755984692443e-01
5.806519108160088649e-01
6.332998125827659086e-01
-9.730642048202179373e-01
2.100478028968195687e-01
-5.351988715475628489e-01
-2.776031301420175956e-01
3.159820975825943790e-01
2.778480956216305975e-01
5.269635418787557007e-02
6.640731276856322307e-02
-9.152462556828865059e-02
-1.000000000000000000e+00
5.196659552336844179e-01
-2.892818014550033734e-01
9.931769307983335793e-01
2.099327677704575790e-01
6.416742038235163648e-01
-1.000000000000000000e+00
2.064889973566909342e-01
6.219164699293417975e-01
-1.121954481642451762e-01
-9.835831311707647906e-01
-1.696017396968166058e-01
2.117200294449607112e-01
-1.826345626287344537e-01
-5.681309979745585714e-01
-1.458175347155453994e-01
4.305599957060484151e-01
-3.088656491743650978e-01
-5.017914079427117091e-01
-4.203572271541474725e-01
-9.090578630182786224e-01
4.697437081505709822e-01
-8.175052111327849591e-01
7.851936891081886527e-01
-5.117339203491295674e-01
-2.747474499372846712e-01
4.446389771347589726e-01
8.656841236598004086e-01
1.000000000000000000e+00
9.187396874068540775e-01
-5.570113853932632253e-01
-1.083239288029250180e-01
-4.334542088963823092e-01
-2.812523579264883944e-01
-7.684609886882778906e-02
1.000000000000000000e+00
5.225858439567399039e-01
2.136767552841301598e-01
1.000000000000000000e+00
-9.229198562714043819e-01
-4.260497604715052233e-01
3.333313980827189993e-01
9.008071196554486848e-01
-3.301689114694683624e-01
1.000000000000000000e+00
8.692851034611182026e-02
1.826322457723409953e-01
6.277737201591838678e-01
-8.682634441293899386e-01
-5.339209758238050441e-01
-1.980870603629735216e-01
4.441696810091219638e-02
-2.390235746790788374e-01
7.262282913534410245e-01
-2.345909799167563703e-01
7.088395271624139404e-01
5.502589451728040482e-02
1.367614538220338627e-01
-3.219374925307016966e-01
-1.651809492219740161e-01
-1.000000000000000000e+00
7.625750516609890450e-01
-7.930694814068337539e-01
1.000000000000000000e+00
-5.521133015216352913e-01
1.000000000000000000e+00
1.000000000000000000e+00
1.000000000000000000e+00
4.238142096115113389e-02
4.698582428075978590e-01
1.000000000000000000e+00
9.376671958041024046e-01
-9.993028590132062572e-01
4.825500818065428521e-01
9.499014590842230765e-01
1.735666728583164231e-01
4.902688764207729366e-01
3.411502806145016997e-01
-1.000000000000000000e+00
1.000000000000000000e+00
3.321887066697896684e-01
-1.000000000000000000e+00
1.000000000000000000e+00
4.806621498626311717e-01
7.087168667667739230e-01
-7.217791527467870560e-01
-4.424739880346197918e-01
7.140557060843449877e-02
8.138063914019790790e-01
-8.841525199271733637e-01
-8.000143553847913203e-02
6.515885673142323142e-01
-6.931983237485003224e-01
-6.096844525063472436e-02
-5.767965729170515532e-01
