-8.725357345510444951e-01
-8.335434529630014744e-01
2.678579619669709810e-01
4.205436632230437066e-01
1.024004461009873079e-01
3.792660819684567919e-01
-9.184622150267007790e-01
-6.382540281347801603e-01
9.956618716233092137e-01
1.338104930064525355e-01
2.078134224697070209e-01
-4.713385891656249882e-01
-4.075712048022930301e-01
8.893937879677433767e-01
7.966503842145966630e-01
1.734560768570574396e-01
-5.354706379021212381e-01
1.703421977255614728e-02
-5.803637324701360622e-01
-1.584642744490576405e-01
6.803097036134428954e-01
-8.794988124804747898e-01
1.314727135270612468e-01
8.218919047408190792e-01
-3.134913564263150931e-01
-1.039596043395072389e-01
-9.335672113711201980e-02
-8.756901773067942152e-01
-7.260522274917695640e-01
-8.151060152615308141e-02
3.910665672331967713e-01
9.671888324947630622e-01
6.751924134816396084e-01
-2.409016407520656600e-01
0.000000000000000000e+00
-6.614096710831527393e-01
-4.227916560242721555e-01
1.000000000000000000e+00
-2.958112163987798304e-01
0.000000000000000000e+00
-2.435835968738311319e-01
-6.059768991721234954e-01
6.772527659413223322e-01
0.000000000000000000e+00
7.359407689752446302e-01
1.637312005782891600e-01
9.716606233801070580e-01
-7.986629142061643094e-01
1.609933986789711113e-01
-9.647629375116453243e-01
-9.000447422904511718e-02
-1.517110598597768423e-01
-4.423358737709430777e-01
-4.163455361941563737e-01
-3.271254191208883277e-02
7.152734602064114711e-01
0.000000000000000000e+00
0.000000000000000000e+00
-3.013254684328292576e-01
0.000000000000000000e+00
9.735661164306230742e-01
-1.903706282710957431e-01
-5.365726493618017123e-02
-3.486461897010051381e-02
-9.962255385987757172e-01
8.976646553825107233e-01
-9.092401850341065295e-01
5.513163767722359943e-01
0.000000000000000000e+00
0.000000000000000000e+00
5.869864457563551685e-01
7.244662544285862538e-01
-8.023858630484073107e-01
0.000000000000000000e+00
6.921299430072929137e-01
4.228287536176720263e-01
-7.874172337282419054e-01
9.861526402915610223e-01
2.255734891490401850e-01
8.573647781859310424e-01
0.000000000000000000e+00
-9.821968263992642001e-02
-5.994585878824418845e-01
0.000000000000000000e+00
0.000000000000000000e+00
0.000000000000000000e+00
0.000000000000000000e+00
7.929095611393601750e-01
-9.327318220188576259e-01
-3.479378783074880133e-01
3.611238185554754843e-01
9.544698197393297612e-02
-2.264519705682046524e-01
-9.047870612584607564e-01
1.331800995896159634e-02
-7.235364395179444408e-01
0.000000000000000000e+00
5.541885681017100218e-02
-4.673198724523079939e-01
1.969271765901472460e-01
8.126012583920889654e-01
-4.864147168827022139e-01
-6.627699734330527725e-02
-9.970588063769252329e-01
8.901154630883949537e-01
-6.988623503947395399e-01
-2.979205091154248919e-01
-1.311911974352986121e-01
-3.611308646052460158e-01
-8.008777155201762810e-04
1.406148657174817185e-01
-5.399811764040975959e-01
-5.852780880801637942e-01
7.637334463740375057e-03
4.229127468357523068e-01
8.979231543140544503e-01
-8.366270764981138530e-01
-5.600343201177204744e-01
2.029642370818061092e-01
4.338793280907884409e-01
6.250857360729098477e-01
6.154368565839629657e-01
-3.959729698263581010e-01
2.143152698624981589e-01
-2.871969599942558737e-01
4.043913403769772152e-01
-2.900351704371086914e-01
5.852307608678717354e-01
-3.491823644854354924e-01
2.136389534477187713e-01
6.696553073334723383e-01
-3.837308082523573916e-01
-6.833478283961400557e-01
-8.657919807152776315e-01
-9.740112969035714663e-01
-4.379862266494958245e-01
8.538897039466621930e-01
-8.698177981213945920e-01
6.502452841748125323e-01
1.968853237569354597e-01
-6.324261197369349663e-01
-3.507027707620817836e-01
-5.548449938133992454e-01
-6.607427846591897858e-01
2.915314275510973996e-01
9.389895457434782600e-02
-1.816900876056699587e-01
2.837844180227204749e-01
2.340441280153739978e-01
-6.431625689242224109e-01
9.105059240837376500e-02
7.757073134172611795e-01
9.112615134285384499e-02
7.750028326347488949e-01
7.411213897480692925e-01
-4.857771307090399393e-01
0.000000000000000000e+00
4.386315302337895350e-01
-5.645523699588848032e-01
-7.913789927425627369e-01
-3.116170459917628754e-01
6.272186092206701868e-01
0.000000000000000000e+00
-7.226441831715813002e-02
9.427687350480686845e-01
-6.589230489439921179e-01
7.370653789340955164e-01
2.034242348382051535e-01
-9.658769825715836088e-01
-7.276184324327974462e-01
0.000000000000000000e+00
0.000000000000000000e+00
-1.414887665286552743e-01
-9.083357121699773273e-01
-7.881712367947397713e-01
-1.782379925456991643e-01
9.325239655149466511e-01
-4.485359870251233172e-01
3.773237776691826806e-01
7.668609490808671048e-01
-9.243370722027222097e-01
-5.434419523618563286e-01
-6.765163813238255219e-01
7.085070396498940326e-01
6.452597619062725443e-01
-4.105306674698256941e-01
-9.773700393589046520e-02
-7.138863113301110452e-01
-5.433103466941215931e-01
4.033154349957202012e-01
2.682210540330145498e-01
5.190320308287899032e-01
-9.005256337301916769e-01
-2.702416591002483326e-01
-4.028174432462094945e-01
6.432399118433211882e-01
-1.453464601796132794e-01
-1.936592972033857052e-03
3.563722223553578150e-01
7.202837645709754266e-01
-4.698780677679592621e-02
7.556856749113147753e-01
-3.237702659737298205e-01
7.209977612951476988e-01
8.178396341490810073e-01
-4.392620031487632914e-01
7.418903186933201166e-01
6.789413620369459945e-01
-5.675444833536451572e-01
-4.078659962140331885e-01
-9.211539516953461959e-01
-1.610342624578688930e-01
-8.308325286611628613e-03
-1.781254217322423283e-01
-5.361419946858791974e-01
-5.756899798336658769e-01
8.974441606592198362e-02
9.251300276492580021e-01
2.540111336426800204e-01
-7.591530438864260155e-01
-1.924815886666604303e-01
6.197935128069347321e-01
8.864610040608318364e-01
6.281947550923623336e-01
7.478971087323049716e-02
-8.691717193553996079e-01
-6.042830350610395307e-01
4.631440223871170492e-01
6.827591780259401055e-01
-5.851248641889110758e-01
4.348062240737342599e-01
8.775601542949902356e-01
-2.618781857600405161e-01
-9.448290887475583322e-01
-7.405865058043263893e-01
1.178937658771121999e-01
-1.407818777220257722e-01
-3.248871610760726281e-01
-9.466607480716564549e-01
9.751985135473675292e-01
-3.655706456737377597e-01
-5.872995247254420015e-01
1.040229456497361316e-01
5.929654021725379032e-01
-7.642814620369826617e-01
9.984938483094563111e-02
4.237802821515335161e-01
-1.096316578587444024e-01
8.792022041337752558e-01
-8.403609213584215532e-01
4.020423411724358687e-01
-2.255630574603606497e-01
3.425095475437405224e-01
-2.980581794122034722e-01
-3.878221683992095770e-01
-6.232349555507892269e-01
-4.953043606946283539e-02
-5.672190475479732541e-03
4.387755968950239893e-01
1.850767943281976802e-01
-9.971089880176298159e-01
-6.114382336150212538e-01
4.354945648750274678e-02
6.006393069590090228e-01
-2.241930444996917959e-01
