4.592806890656513930e-01
-6.143279199075821762e-01
3.428182849007960775e-01
-7.359495541586298373e-01
-2.870696975331951117e-01
1.191495110098033772e+00
1.249893321612327135e+00
5.501968363880378465e-01
8.873069601681941032e-01
-1.586263358635302545e-01
2.019191387162322382e+00
9.186796167939097479e-01
9.785654998252677483e-01
-2.324197465798457374e-01
4.519992162136554636e-01
-6.361043964970031217e-01
7.596174743041707034e-01
8.926612781486377157e-01
8.289640051191413672e-01
1.832613097665392043e-01
1.408831891335682984e+00
-5.353752362354897987e-02
5.829458520964742041e-01
4.985406283359724022e-01
7.946362822585575358e-01
2.809116255211613344e-01
-1.248642216398993643e+00
-1.035834102656135736e+00
-6.576256553561808937e-01
4.659436046566012291e-01
2.041810157855934449e-01
-3.022529609504862602e-01
1.888442142614336905e-01
3.623016673725449888e-01
2.115926254408198315e-01
1.766278657966094734e+00
-1.507030691727264671e+00
-5.504591385484780552e-01
2.654508796008855365e-01
-1.057672862547897497e+00
2.204911133860393280e-01
2.467321938644892465e-01
-1.198300178737414512e-02
4.310505260648694881e-01
1.184443095744341035e+00
9.282997170197985204e-01
-1.315119044857599118e+00
1.780014113962630651e+00
2.130775698796136819e-01
-1.271922733087812896e+00
-4.556443806030917587e-01
-7.472858069448582441e-01
2.814760994214739576e+00
5.831643679805815772e-01
-9.166145825948963655e-01
-6.869964852855109383e-01
-1.121766114477236176e-01
5.091390874832882885e-01
6.805943526399779175e-01
1.197363985188869995e+00
7.645781708809313848e-01
-3.538256368298941523e-01
1.226770308880687388e+00
-1.949215180461076891e-01
-5.157882594493936601e-01
1.589431482460128997e+00
7.119477762963892786e-01
-6.834745625566613914e-01
9.770329461485549594e-01
-5.632807076030587057e-01
-4.567234749826548645e-01
5.173346389145591084e-01
3.359465630129383484e-01
-2.176454446814426014e+00
1.379940720113556063e+00
3.776578193071969958e-01
6.657950994836133729e-01
6.596313977163364983e-01
2.261414595374525716e-01
-7.679478560823037592e-01
-8.083033294870685115e-01
-1.687602770979492073e+00
-1.214697450015042174e-01
-9.977531765802041264e-01
1.977185315117058195e+00
-1.556553156399981486e+00
-7.067654628124214744e-01
-2.042640650915058254e-01
2.153134683586465647e-01
-7.727810008633836381e-01
-5.258935249025936676e-01
1.538046555308375751e+00
1.056710743390916418e+00
2.506279210863646689e-01
5.229897324909454914e-01
-8.722616204450941435e-01
8.915300951419450337e-01
1.273410911558046532e+00
1.027048116781478448e+00
-1.482057721986540288e+00
3.791252192585954361e-01
9.586273751589549086e-01
4.433358682451247756e-01
7.373268008074937985e-01
-1.273239441438838160e+00
5.913399404991485087e-01
2.617463199227134107e-01
-1.574822807511639722e+00
-5.448115743091529461e-01
2.229447609619036541e+00
-2.369928239636262202e+00
9.578550250584404457e-01
-8.891885966311099954e-02
-8.090984287298386146e-01
-2.864846483887236728e-01
5.715124166399786487e-01
-6.796682612552655822e-01
-2.862190099315490843e-01
1.017382372701941318e+00
4.616446849699308297e-01
-6.402785359698806467e+00
3.320845863438436130e+00
-5.215566321383385828e-02
-5.018527375177312955e-01
1.061669584372100239e+00
-5.462575873202391713e-02
-9.137567517271740769e-01
-1.963057660767786317e+00
8.953092389263450634e-01
6.664409192445753805e-01
1.465773467184464440e+00
1.557520325266787409e-01
-1.437444252219058534e-02
-7.253746260908499055e-01
-8.204768644710906944e-01
-6.118585184533272825e-01
-7.626136584954963382e-01
-3.407555441922383022e-02
8.241455748915413326e-02
-6.455519470072015320e-01
5.798281879192709320e-01
5.125885219472683385e-01
1.163571086680372346e+00
4.737281269138566842e-01
-8.837483282653162409e-01
1.268410435098042077e+00
-1.668059379628016758e+00
-1.067846637073108562e+00
1.970464230088521396e-02
1.836764048088296741e+00
-2.594390411318376888e-01
-8.842863207094666667e-01
4.672016562759104819e-01
-8.730767045487970446e-01
2.000136948148109051e-01
-2.164677191623789188e-01
-2.456553174154318953e-01
-6.194262030227072335e-01
-1.471840829428756159e+00
-4.150535666837449345e-01
3.443235585148540778e-02
2.207896302827757062e-01
-3.603861544718884313e-01
1.758285316092299988e+00
-1.165810534778707774e+00
-1.395707654708173928e+00
5.651185908923423984e-01
2.365374821484828582e-01
1.901734912775730368e+00
2.459375788984241862e-01
3.714782340653397519e-01
3.066343716583865286e-01
-9.243611374097333577e-01
1.949673500341082111e+00
2.630097519308274845e-02
2.152961280498197072e-01
5.108600925635591317e-01
-4.764480681384103966e-01
-1.782584377068320014e-01
-1.105034938213587115e+00
-3.809743046751865592e-01
4.252061115129182056e-01
-2.651943549583607673e+00
8.758460349266905531e-01
-5.489628052790369583e-01
-1.227975366391991452e+00
1.077097277424204913e+00
9.198565711676759404e-01
-5.511394984704467426e-01
-8.819774366720452008e-01
6.914446311458989636e-02
4.303024369868547971e+00
1.043739891610181214e+00
5.487569362890348801e-01
5.352801910501333582e-01
-5.917235169592427457e-01
3.170250757440599143e-01
-4.758321562225384382e-01
-4.819268225672793671e-01
3.717766403910661488e+00
-1.158958192643043006e+00
3.320042277036396039e-02
-1.345071071389189188e-01
2.918555441225195168e-01
6.710688796795403199e-01
-8.879524502966956723e-01
-5.368729456481582396e-01
-4.248866512098514736e-02
8.401777052322247918e-01
4.881315739710430091e-01
-3.013926860101111549e-01
3.989080586297371056e-01
-9.161609559887116949e-02
-4.030406279922485457e-01
-7.695271047077921756e-01
-1.822237609531075053e+00
-7.151463846323234952e-01
-7.010780117957028656e-02
-8.424848001256870500e-01
-2.218400375479191666e+00
-6.486649127667876158e-01
-6.368795236740704135e-01
1.254279748134385697e+00
2.378347033624254592e-01
-1.458402446394697072e-01
-1.226301171274626789e+00
-4.056738064923870457e-01
-6.712703626325434714e-01
-5.751391441739706067e-01
-1.226778648994415910e+00
-2.961506817867164965e-01
9.082540958942818543e-01
1.190210926460118834e+00
2.622176804547887152e-01
-5.109968956387078709e-02
-9.771272533910005387e-02
9.689003686060395637e-01
5.012482808559978187e-01
8.330671304370107499e-01
7.188552126801829312e-01
6.224181088436449016e-01
-1.601586264796627690e+00
9.508736138267087634e-01
5.459783764893051394e-01
1.229038336933900633e+00
9.341767783607072273e-01
-1.918038833888689454e-01
1.187043874373626240e+00
-3.037861092963020759e+00
8.743343674600935200e-01
-2.901110787245292921e-01
6.587921576555665348e-01
-9.753712200983541969e-01
-1.595829379391492386e-01
-2.344338610142888690e+00
-1.183370522781626688e+00
5.044364280745433637e-02
7.658190837555772790e-01
3.166627290638614589e+00
5.852538885809254188e-01
-7.445124708882441267e-01
-9.494731912080444092e-01
-1.281495716780257921e-01
-1.073353230962715982e-01
2.764739886942118030e-01
