9.055201587256621609e-01
-1.472474057986058238e+00
6.536965470804360911e-02
-2.889321334813957698e+00
2.607459492550567859e-01
-7.195824691721020017e-01
4.154182285701775168e-01
-1.152231329727993470e-01
-2.291915173815938900e+00
-7.774491813053763245e-01
-1.318597659220196228e+00
7.799249100030013482e-01
5.344953726899255297e-01
1.003532326922172313e+00
-1.076733259524603525e+00
-1.138320785097064691e+00
6.928576143860809555e-01
-3.336000619720866922e-01
1.221004972995095028e-01
-5.333362816065922996e-01
-1.176162802591877554e+00
-1.778928764124204420e+00
-5.476199292349122061e-01
-2.558404012506277914e-01
-8.813292859490521325e-01
7.692049705355124001e-01
1.242103280824579659e-01
4.279464455197863615e-02
1.612539099152556776e+00
4.780012382691322115e-01
3.260983974867692758e-02
2.443173477338374255e-01
-4.427499075823522479e-02
-9.820974432795961384e-01
-4.058781847373678642e-01
2.453939893331902322e-02
3.626372770625898578e-01
1.501853007233278081e-01
1.743303209033510437e-01
6.266179794733133246e-01
-8.751918689961540876e-01
4.694709951730207109e-01
-9.190189564419215529e-02
1.106800030142502722e+00
-8.839285270024876962e-01
-3.289604461693473869e-01
-6.635093147995315688e-01
2.502620962621165956e-01
1.459457832488907592e+00
-1.920690724556526119e+00
8.773860302927019017e-01
-4.792689105195430815e-02
-1.712989022470254863e-01
-1.292420225132191014e+00
-1.077565681333819414e-01
1.298007589324180255e+00
3.028694981211020876e-01
8.251761014661527227e-01
-2.763533383010622346e-01
-7.991711226515658684e-01
-1.813957575049933157e-01
-1.029966405362209514e+00
3.339333939110106231e-01
-1.162379031159546328e+00
3.027196734641089959e-01
-6.343869986151893237e-01
3.350098907025356176e-01
3.111041108820929990e-01
-1.109342131019069866e-02
-4.928484701040663496e-01
3.612951043771481796e-01
-3.575194239812767849e-01
1.893025635619955960e-01
-3.924470548974122508e+00
-6.038349470506218508e-02
-1.545907136844431484e+00
-1.195817859179177656e-01
-1.651088959074015206e-01
2.088132123055954914e-01
-6.889110052426707931e-01
5.952564904997224016e-01
-8.408000425244588349e-01
-1.376115227395446894e-01
2.386180082558337634e-01
5.719275923134714557e-01
4.947722723869255601e-01
3.241689036486028463e-01
-2.846899357472072456e-01
-4.872352309428804734e-02
-4.163342293518613735e-01
-3.743240060595853236e-01
-5.837809310342512159e-01
-3.684869354289446730e-01
3.228110238355968997e-01
-7.056149118745949078e-01
7.512037010147972760e-01
2.650789239049068380e-01
-3.332066164698498922e-01
6.338819399374412411e-02
-3.843597754815626377e-01
8.118905315627223951e-01
4.769951833991719625e-01
1.145428027732378506e+00
9.498838513668494965e-01
-4.811287867427545550e-01
4.347155992532862889e-01
-3.145410264988894866e-01
-1.104221889639043663e+00
1.766961502054089639e-01
-1.721233826724458238e+00
1.774114983875965668e-02
-2.492401364319755674e-01
-2.704645056959306793e+00
6.645975163484598713e-01
-2.067349106637314193e+00
9.764868583516468359e-01
1.595831711973619838e+00
-2.674217377417887898e-01
8.363930600910982616e-01
-1.308241693613240386e+00
-7.157666912615276988e-01
-3.011809937930287062e-01
-1.619962966570555274e+00
4.945672621683567249e-01
-4.342620137503441224e-01
1.135069237840742595e-01
6.741162944207954588e-01
8.615782180465594853e-02
2.718248827418502378e-01
6.616920430507742257e-01
-1.675147074474808706e-02
3.668847943763866581e-01
9.085231317299227172e-01
2.738264002807075936e-01
1.527924848941340397e+00
-2.100287260495957042e+00
6.148042631420311821e-01
4.444843559975807934e-01
-4.665313292690784208e-02
2.241911366459213295e-01
5.136582732645005311e-01
6.743889266705607732e-02
1.286909606028647346e+00
6.434078544695147617e-01
-1.046041009789484999e+00
-1.165167896696426730e+00
1.163716309086089140e+00
-1.462108044584328748e-01
3.268142454896667548e-01
4.893017695047305882e-01
2.600685744403155586e-01
-1.572538518945617581e+00
-5.863466094062892431e-01
1.042731823798563440e+00
-7.201425687728069125e-01
8.979290394604803049e-01
1.988128541098315716e-01
1.636446501532949627e-01
5.879968319896943241e-01
-8.202957268399759805e-01
-1.683462978655051900e+00
9.487163437298523627e-01
1.719192746077887080e+00
1.067791896672265040e+00
-1.910700968103094866e+00
-1.259909700599234350e-01
-5.478235075640069951e-01
1.305232745084110357e+00
1.222218392359554207e+00
-3.157964968406729578e-01
-6.873856483051066224e-01
-2.398316366983544723e-01
-1.187859320620067577e-01
-4.193498777945441069e-02
3.636981132095898350e-01
-1.380557423012168383e-01
-1.425162277524929300e+00
2.252454944393946223e-01
1.152863639168635768e+00
-1.432716508283324863e+00
-1.536084077987031615e-01
1.887903600026808570e+00
-1.771930910384375668e+00
-4.092423728485983236e-01
6.084427820615727622e-01
1.526014451888402235e-01
-1.315841198647946242e-02
-7.734266482641667384e-01
9.089297171870123204e-01
9.221499069947896032e-01
5.867376168929325786e-01
-7.867123186005375857e-01
1.437143782383720203e-01
-9.226691298748063153e-01
2.086323698694593776e-01
1.333970214037303759e+00
2.877873144935397143e+00
-4.355563163759564871e-01
-6.366504054110884159e-01
2.368013790286907505e-01
5.225259932368586657e-01
3.870985712116388200e-01
-6.249618731216810552e-01
-1.027931126184133959e+00
1.671615808834292227e-01
-4.640180313130399803e-01
-4.010709776360281698e-01
8.259267616167852433e-01
-5.675975246287858766e-01
-1.168294756330660711e+00
-8.876580536302747237e-02
5.489177565076586163e-01
-5.150924917071921794e-01
-1.002664007906494681e-01
1.139615187218616654e+00
-2.219764219490336088e-01
-2.150698873973792224e+00
2.881424611599613383e-01
4.697337713500210343e-01
5.183273819254731185e-01
-1.303269929952763029e+00
2.044555767200263996e-01
1.097654486595176948e+00
2.367998957885238731e+00
8.529757951577746633e-01
-8.994796816303847198e-01
9.512986798895994855e-02
7.913099511526860974e-01
3.199674045697594726e-01
-1.088132928429542678e-01
2.297553189767620463e-02
-6.444495072551825743e-01
-1.679697199911144301e-01
8.655205195289014664e-02
3.984457680056633366e-01
1.348651611834475461e-01
1.078630743798724145e-01
-3.554756811336747813e-01
-5.238414988282755758e-01
6.909527669235567826e-01
-1.569928834058789691e-01
-3.909551831558421009e-01
-3.790718690393399953e-02
4.205257168848296478e-01
-2.337106275694331992e-01
1.078426481361522304e+00
-4.555817473638949511e-01
-6.554624849480672477e-01
9.921366378359062210e-01
1.941954219615842359e-01
-7.489873105209313708e-01
-5.700325765219312890e-01
7.196156638490567303e-01
7.052267489417465285e-01
-4.183980377901045378e-01
-1.358018435339299668e+00
6.445761812410351066e-01
5.561082291019141532e-01
-8.708149215110068120e-01
-1.173569251417441395e+00
2.896220022601371236e-01
9.716757893349792230e-02
3.526351598657235797e-01
2.650403318762880822e+00
-7.674542129222661213e-01
