4.055399396653733834e-01
-7.189244738017097625e-01
-9.515120501477163373e-01
2.195688694042030598e-02
2.550852646022150338e-01
-7.042735227210425997e-01
8.207305992343396639e-01
-9.570707958419955030e-01
1.985271792543776836e-01
7.174588835548794119e-01
-5.932161062410337138e-01
-9.807606792747711744e-01
5.708881828291274552e-01
-3.037291777849377983e-01
5.144340831424749627e-01
5.008797858548241777e-01
-8.171614735384657990e-02
1.466762519886330995e-01
-8.700092465337017078e-01
-9.627316384853812359e-02
3.525905549223520286e-01
6.974312583323027948e-01
3.571216844014653002e-01
3.123503427094223017e-01
-3.986672664251664777e-01
0.000000000000000000e+00
-5.533217646404477996e-01
-9.402872322593935905e-01
8.935263892848999134e-01
6.816151822318832210e-01
9.605675137393792085e-01
-6.667964853508518974e-01
7.038526473435164910e-01
8.610258805656811898e-01
-7.352849206962979167e-01
-9.600572803226832264e-01
-9.311224603326431204e-01
0.000000000000000000e+00
-1.588570986698127907e-01
2.570101600518379659e-01
0.000000000000000000e+00
-8.608305923790786629e-01
-6.217919950099140003e-01
0.000000000000000000e+00
0.000000000000000000e+00
-5.245059457460632402e-01
0.000000000000000000e+00
0.000000000000000000e+00
-4.462995537516132316e-01
8.086469526568123012e-01
-8.170516945394574737e-01
4.429400963894880583e-02
9.206330612841060468e-01
-8.213253748336435400e-01
8.937442434336380082e-01
3.676561250985828089e-01
-8.033360952510983921e-01
0.000000000000000000e+00
-2.314497542566895660e-01
1.787333602389382659e-01
7.211198209823506122e-01
-7.675119280651001574e-01
-1.589618180194998232e-01
8.349468896381977423e-01
8.686411424248539070e-01
0.000000000000000000e+00
-3.375132865430887641e-01
0.000000000000000000e+00
3.439957256503733962e-01
-6.773090265649406305e-01
-3.167847410647313122e-01
0.000000000000000000e+00
-8.968104282151556639e-01
3.917127726995719428e-01
1.706668267047777299e-01
6.605476671609658013e-01
3.436410835206300529e-01
2.249915382672198483e-01
5.043641101433915530e-01
-3.138200603317051751e-01
6.507818097263846635e-01
3.691087706474993624e-02
-3.155314798715243008e-01
3.303278651211072336e-01
3.093954109098835392e-01
-4.759480416691974636e-01
-5.175626700752775644e-01
-3.760128771627402333e-01
7.881866676716806630e-01
-6.919493628522654927e-01
0.000000000000000000e+00
-4.167226417443183895e-01
0.000000000000000000e+00
9.957282589805132034e-01
-1.059595297844144746e-01
-7.339899511856022851e-01
8.790272616789365223e-01
0.000000000000000000e+00
-7.857737113615377300e-01
0.000000000000000000e+00
0.000000000000000000e+00
9.089230458201602580e-02
-2.877608532002489117e-01
9.346994089701241570e-01
4.857814771710102786e-01
5.652619127903992791e-01
-9.987735022555888076e-01
9.756077733897745574e-01
-4.904685999416129594e-01
5.247414299368591273e-02
6.038881445266275350e-01
-4.996379297709729883e-02
-7.400678469320649544e-01
8.910064818400098563e-01
6.618809328654116086e-01
-2.832471897454968968e-01
-7.742672954430347421e-01
-2.302873067840869314e-01
2.271934462336349103e-01
-7.479281099874808270e-01
7.072352897391835924e-01
-8.122398962979415771e-01
-7.150121938247810949e-01
8.366131027730785430e-01
-6.959618605164634708e-01
-1.571452669815829317e-01
8.802092827281904341e-02
6.752550422419660858e-01
-1.072994287823796355e-01
4.869158566380027420e-01
3.724165434962394272e-01
2.400310061772035208e-01
2.429540442286293178e-01
7.176677004203260157e-01
8.839114162633476823e-02
7.326058416133092166e-01
9.564807693453094561e-01
6.316062559615143179e-02
7.792926306672767200e-01
5.244174369519465362e-01
7.637473310533016146e-02
-3.387116960331002513e-01
9.595036587263217065e-01
-6.041118331102128813e-01
-7.759337863880499953e-03
7.351781825909609047e-02
-3.949553154054228354e-01
-9.300764722752112856e-01
5.291721491235463759e-01
-6.095333334949182280e-02
5.292318519764309670e-01
-9.611288787974250347e-01
4.891147395814974264e-01
-3.350501512336681031e-01
9.617081898809898277e-02
-1.619298530300514738e-01
8.429410070292289170e-01
8.454496815495684547e-01
-7.632302958150152250e-01
-7.697309020317129047e-01
3.283366228095261352e-01
-4.249116876948946242e-01
8.682228063483059533e-01
-9.888955114850748185e-01
-7.270142894828428570e-01
7.381319245601323242e-01
4.709350540196899360e-02
2.138134826658486531e-01
-5.831412976978129770e-01
-3.683872151218534619e-01
7.195292676576328095e-01
-3.393378093815146990e-02
4.846589824975933158e-01
-4.628964994210300610e-01
8.399299192601881181e-01
9.639011800183483469e-01
5.533782563849383163e-01
-8.681712184571237501e-01
-9.309916447315196297e-01
-9.277134354934848393e-01
-2.965324700290263849e-01
7.540898543269800580e-01
0.000000000000000000e+00
1.026028332673711851e-01
0.000000000000000000e+00
8.031761045707468405e-01
2.054899809320041015e-01
0.000000000000000000e+00
-1.614367822487718929e-01
-3.077120210310058113e-02
-7.776893265803639377e-01
-8.237345242790405919e-03
-3.680543989452818021e-01
-3.069438376049806738e-01
4.442866015194164575e-01
9.972077507226129178e-01
1.164986570180206460e-01
2.386465545487341799e-01
1.252856993890434367e-01
-6.307775481301236553e-01
8.641572270484041418e-01
8.487054120978718696e-01
8.072828350002494435e-01
-5.438778583248680132e-01
4.849976882906625875e-01
0.000000000000000000e+00
-6.690882295043751871e-01
0.000000000000000000e+00
0.000000000000000000e+00
-7.130100428460717232e-01
-6.465681960352331892e-02
-8.804037154567438961e-01
6.420425244131282572e-01
5.510149157640171769e-01
3.410622510434890842e-01
3.190857622841756225e-01
-8.599977919371368795e-01
-2.182758867061338481e-01
-5.074760142510286176e-01
7.171945275308715395e-01
-4.753712823028697354e-01
5.994251578247489221e-01
4.379496861876641667e-01
-2.237481438852870763e-01
-6.587265938466904114e-01
-9.517665360828975185e-01
-1.978786012784632398e-01
1.550287772473819548e-01
-1.615883099460739825e-01
-9.765173689781250221e-01
5.606192423777824896e-01
7.369123437564799595e-01
2.600120931070721841e-01
5.985209259453725394e-01
8.089195535806152915e-01
-3.622063699512179102e-01
8.068222396748250258e-01
7.029929345122902795e-01
9.088350922105687957e-01
-8.881142882273074246e-01
-9.579305196789642540e-01
-2.935839161259274910e-01
-4.861166968026577884e-01
-7.169912481694185047e-03
9.978907355975463744e-02
2.605596017102169704e-01
-7.707530657348566905e-01
-1.202975421054408578e-02
2.480205621956146356e-01
-3.473370393557551061e-01
-3.447505441336840004e-01
-5.026740232712634260e-01
-6.581881788110193199e-01
-2.186333505754547435e-01
-7.221977562312813514e-01
1.679893762981383709e-01
-4.419650108723882642e-01
-6.760132335372599499e-01
7.019365102576655691e-01
-3.596954059963808348e-02
5.240989489021574688e-01
2.603663808426313064e-01
3.260905260393254235e-01
7.848156178463780996e-01
-9.028009457603525245e-01
