1.520692477700529288e-01
3.329327375366486486e-01
3.617804905499364398e-01
8.704090314375449999e-01
-7.106825569449441993e-01
-1.267089544732464823e-01
2.635340757125153033e-01
8.617178170351058597e-01
-4.744452051316885299e-01
8.545932601594266043e-01
-2.752603075620672080e-01
-1.980837673954727318e-01
4.356389289149449340e-01
1.972250829842321362e-01
-1.118608463983545853e-01
3.533033774523757220e-01
2.603373164438032017e-01
7.725585465268973717e-01
-5.138025809554731538e-01
-8.093226870743659429e-01
-9.821594314219879163e-01
5.003197317446195225e-01
1.945038897569182357e-01
4.109073799562066309e-01
9.066730275622054691e-01
9.818325994774834697e-02
-9.102231955240303041e-01
-8.057356013061820477e-01
-3.514145642164798744e-01
1.543343074617953281e-01
6.299876711807721463e-01
-7.987617554025430167e-01
1.538602563647397670e-01
3.080988813202845122e-03
5.907995356796156283e-01
-5.007456160940393364e-01
-6.573242109604069405e-01
9.177354198366849403e-01
-2.279331190591433742e-01
-5.855440684974457799e-01
8.429146540824175027e-01
-3.946575574348949456e-01
-1.778688131905066250e-01
7.112773916739900670e-02
4.626915229177883671e-01
-9.946287489052101360e-01
-6.701751026886444418e-01
-6.583730112662196099e-01
2.591712860590631440e-01
5.335409201258416445e-01
5.372816866153788951e-01
1.593665155097077069e-01
-7.646802630777598253e-01
7.307726287061022674e-01
3.540301342435063781e-01
4.413208386046711951e-01
5.378784451516605003e-01
-6.198179911705770095e-01
-2.409049256985151821e-01
9.716641015035836215e-01
-7.634027858935845678e-01
2.879633705027480062e-01
1.102002314641519209e-01
4.598866119747309078e-01
-1.453111119455867684e-01
-7.180831976285113605e-01
-7.927407380086590738e-01
-3.510058867817089645e-01
-1.591958361904233232e-01
4.096447782658658721e-01
9.555944288069848636e-01
2.386652228504990703e-01
-9.891451836267985964e-01
9.253040702843642329e-01
7.313824724011412926e-01
-4.612333174779519318e-01
3.556730492022319723e-01
-9.461270219245934143e-01
5.327597539680275496e-01
8.923832759699752426e-01
-1.636842049782183395e-01
1.335636903819896748e-01
4.044359532134071955e-01
9.677633607661331183e-01
5.512793181491604244e-01
-2.254170288270567202e-01
-6.595243368633472159e-01
3.578866146890806732e-01
-3.110827150043533607e-01
-9.654218064714668035e-01
6.376568110542695234e-01
2.276180025466127965e-01
-7.004367817266836660e-01
-2.620781774568008426e-01
8.878455653272010473e-01
4.160558252866732865e-01
-2.617510931357878157e-01
-8.624413105417954029e-01
-7.740771115365141508e-01
-5.853591844478422956e-01
-8.639846549431160483e-01
6.835811426329652107e-02
1.135718742643552215e-01
-7.230046662993721007e-01
-6.793747432275447640e-01
-2.798663692098937172e-01
5.266193320410443857e-01
-2.363875911538420027e-01
-5.002670917970895026e-01
5.867208241566130855e-01
-5.110791767223330506e-01
9.680960965768734550e-01
-6.846125056266130215e-01
-9.170011161846787218e-01
4.575869798345411077e-01
-3.169714038081721252e-01
2.797352844894462898e-01
3.727497148927505499e-01
-4.719513319071810820e-01
-7.198523157678222706e-01
9.848560628656974902e-01
3.069069631471876836e-01
8.148562796587688339e-02
-8.568508634927241019e-01
-5.938874411969203848e-01
6.323593267772453785e-02
-9.521755761492385339e-01
3.740583282635576712e-01
2.006493033107339397e-01
-4.949079687645556724e-01
3.725150065629418972e-01
3.165272114643467027e-01
6.443932177241995518e-02
9.337115637083392983e-03
7.058191368970632151e-01
7.310415590645749084e-01
5.415669935543210300e-03
5.967492258789786064e-02
-3.415356303038261654e-01
7.046892218755274051e-01
4.667520389356405452e-02
-1.461991170250187544e-02
-1.294201770892204895e-01
7.770019450345888590e-01
3.587311404426634098e-01
-1.781784343735386411e-01
5.876832194447667579e-01
1.915406006091913138e-01
5.408788845168510662e-02
-6.332666462896117121e-01
3.326118527946162473e-01
3.578173084503184498e-01
-3.807687007829390069e-01
1.601848452023126868e-01
7.244915524624968572e-01
9.142403515958090754e-01
6.831784786905186202e-01
4.142864243028230309e-01
6.418800464120133498e-02
-2.004339829398789075e-01
1.192970053559212484e-01
-2.565203511600644415e-01
-9.762654127698333628e-01
6.472906665881941191e-01
8.506056302129971769e-01
8.232982703437703442e-01
1.249840376894639782e-02
-7.326465187941120227e-01
-3.488566262900389958e-01
7.265138476662045264e-01
-1.298069338044196552e-01
-6.850337355873230560e-01
-5.700311810484000041e-01
-2.787610576040782107e-01
8.232125256801268165e-01
8.780896720509312470e-01
5.235111402816328141e-01
2.258681214260436221e-01
1.595710762965394380e-01
-9.207468331819130825e-01
2.528361339015388065e-01
4.562010466636683415e-01
-8.523493130324011346e-01
-6.745544087297432601e-01
9.867496869438903140e-01
7.308136342000202124e-01
-7.801754353890353322e-01
-3.315559174750293270e-01
7.722853263123012901e-01
-3.618472186993650919e-01
4.699397209267588416e-01
-8.264228993344435725e-01
8.035512650756488906e-01
-6.985963501951539811e-01
-1.310026751777892962e-01
4.306684933018281036e-01
7.072689936523066656e-01
-1.079731566951578348e-01
7.907134761252037070e-01
-7.080420027985367959e-01
-2.254962796899160349e-01
1.105553267127485917e-01
-8.695976984175395330e-01
-4.370568419883986699e-01
-1.079976202437908928e-01
5.227743048285937721e-01
-5.352598561014951795e-01
-6.936124324801191676e-01
-9.544853942445969963e-01
-2.205960248640059795e-02
-7.121826324197413349e-01
1.447930821622498421e-01
7.599498109444120519e-01
9.861770545630375029e-01
-2.695030112629412944e-01
1.030411896914240621e-01
-5.696149530512533143e-01
2.337331384408751767e-01
9.843115824733057462e-01
1.752714333811540293e-01
9.983407378026518675e-01
2.178883079442781590e-01
9.885386131307891677e-01
9.480748010519475244e-01
3.669303542806778839e-01
-2.945242641976923981e-01
8.578765873707447920e-01
-4.537887269478357855e-01
-4.062941586650321568e-01
-4.103624042651048409e-01
7.185181280942358750e-01
1.794449216798417179e-01
7.102507614000950209e-01
-7.820257439305409175e-01
7.071540642308897784e-01
-7.473040583188281794e-01
-8.814038033118571924e-01
-8.169490436475017603e-01
9.490932672859937469e-01
4.216889727557471268e-01
-4.451556271165038048e-01
-6.271809071140992398e-01
-2.863720890865006918e-01
-7.974429285265534073e-01
-8.500988131522977387e-01
5.165992643207524271e-01
-6.987599704249136678e-01
-4.816702406915365220e-01
-2.451818211829324134e-01
-9.352337161578918590e-01
1.254740515536572065e-01
-9.028121571418969982e-01
3.005164116158798304e-01
2.660722965718398392e-02
7.332066433459982768e-01
-6.205233259894895603e-01
5.070338471564219684e-01
-6.990422048674727051e-02
6.926995683321819364e-01
2.733331335121480521e-02
-2.412103401828111782e-01
8.995171437677693671e-01
-2.899629637738054821e-01
-2.605267059738338720e-01
-9.606830986699697039e-01
