-6.909790637816752845e-01
-9.843210305731855403e-01
5.493859983198798314e-02
-4.136271191961581745e-02
-5.262288153641379029e-01
8.517423714155721859e-01
2.884093256195093685e-02
-1.270881120547305176e+00
-5.302059129873788468e-01
5.472664202851358350e-01
-7.049879364916703528e-01
3.783537572551528005e-01
-2.209017828146917495e+00
5.085957418082067694e-01
-7.460174868782867286e-01
-3.457509258179945810e+00
-1.404086171946045680e-01
2.991005384372160680e-01
6.919275761994814200e-01
-1.831877863981974941e-01
-6.666673194079832943e-01
8.404692045475705697e-01
1.272376299082777384e+00
-1.569960142755263410e-01
-1.331958151764516707e+00
7.955226561701069787e-01
-2.932092761247737212e+00
-2.304700250539598316e-01
-1.577959337325694378e+00
7.352000533833744633e-01
-4.995853965923630624e-01
-2.676647607706606480e-01
-6.588426770091285745e-01
-4.047386534916495027e-01
-4.389300823096971005e-01
-1.243557372610887946e+00
-6.932594118121289117e-01
-8.366062937044665970e-02
8.481934393563039798e-02
-9.610243129305613419e-01
-6.220383176018210447e-01
1.126608415633350901e+00
7.933137015454194696e-01
3.448855065550023025e-02
1.093313809485918497e+00
2.444259722500277121e-01
-7.031076138905216766e-01
-8.105682789751639250e-01
-1.346241028488138758e+00
-2.203534885809315114e-01
7.304886099683927103e-01
1.377814242908524944e-01
-1.377045182262760736e+00
-5.790589954872835676e-01
-6.594324005130063338e-01
-2.775305284614392187e-01
-5.341038648338228834e-01
1.177570847429896705e+00
6.464143782041387176e-01
-1.444844809762661830e+00
7.039114439739913021e-01
1.376795635862444023e+00
-9.317032016314048537e-01
-1.128448373057843179e+00
-8.600139534485632398e-01
-3.007701203130182410e+00
1.736771219683455048e-01
1.094953706214947531e-01
-3.913849121419257227e-01
2.482900707939989515e-01
-2.118836168672970088e-01
-1.911711931276317555e-01
3.266257899411938448e-01
9.318528796109812884e-01
-1.599544721520701485e-01
5.983477246414393713e-01
1.470627002295823438e+00
-3.593520102695161311e-01
-5.762653317523086516e-01
1.174747846248797856e-01
-4.955784798881817665e-01
-9.259997412827259966e-01
6.242483625954773352e-01
9.727561505578230516e-01
-5.854476196753282125e-01
7.476830558031113405e-01
4.244671277679226140e-01
-1.260847649578200058e-01
4.096189030550981824e-01
1.206196864120763490e-01
1.246860977197321141e+00
-4.376868676849404727e-01
-3.411197331926767440e-01
-1.051665020082507285e+00
1.348726185752553874e+00
1.140961296127435354e+00
-4.288151416447436026e-02
1.095798549003415001e+00
3.802855841132536385e-01
7.263663930134349744e-01
5.945511967522620900e-01
2.697440906908917135e+00
-1.337109002343366271e+00
1.741042519519221621e+00
-9.251256764679882671e-02
2.371618300438868565e-01
-4.626864548261536703e-01
-7.241430232074732576e-01
6.577409610432971565e-01
-6.697398865144996161e-02
1.008945436674916901e-01
-2.180381801230385219e-01
-1.004266035941764112e+00
1.282216510024668521e+00
-4.709679748161224033e-01
3.556735811466217312e-01
-3.705694120837252359e-01
-6.461653732515393322e-01
1.200992641794178972e+00
5.902153993393458586e-01
-1.675695963038025260e-01
-3.610124560503962243e-01
-6.776126403655438057e-01
-1.441598185668431453e+00
2.741409735130631020e-01
-1.188070337514917751e+00
1.793588099122472856e-03
-8.884950807294591524e-01
-1.535177507890958526e-01
-1.388933167218255882e-01
-1.308106611772692496e+00
6.309212393481762327e-01
-3.095628894451615265e-01
-3.355468150196911359e-01
6.956404154508197824e-01
-9.137487860500528858e-02
4.007720666296263889e-01
4.710804498487323189e-01
8.119131406963081554e-02
3.178353391379119541e-01
6.932623496930712115e-01
-9.130046531918428743e-01
1.517015616034310899e+00
-7.116425038848102069e-01
-9.105369689808739952e-01
1.953166827918420445e+00
-4.222127592783924688e-01
2.404473368236459754e-02
-6.586577793081234145e-01
2.937308391130681429e+00
-2.325582228787433370e-01
1.397139642064696430e-01
1.049606392664792054e+00
4.589305344386724328e-01
-5.273540052261527222e-01
-7.609953570604048867e-01
-4.912373953677069971e-01
1.673632918082769427e-02
1.358524871700881320e-01
-8.367293937252773262e-01
1.894230442466807052e+00
4.361509357430812250e-01
6.695969886133537607e-02
-7.497396401641167607e-01
-4.989359346736509382e-01
3.520543250765628684e+00
4.529984480314592776e-01
-4.248303946318405799e-01
1.264641311156584624e+00
1.070319148407443244e+00
1.632504695371401304e+00
2.366485439207248742e-01
-5.288002697358723525e-01
-4.818198860094340397e-01
4.366248984183640491e-01
2.832172238858414737e-01
-3.877788638684359634e-01
4.061725229867129139e-01
-4.117756363364669658e-01
3.993607674505198490e-01
-8.670674236020871062e-01
1.458652053011461280e+00
6.955431691045418363e-01
9.172178318206097858e-01
-2.117566856746373460e+00
4.773000463741502997e-01
-2.131120673071156268e-01
-6.330983801896530316e-01
3.266428641550369605e-01
6.286334596055949131e-01
6.169495868800562999e-01
1.355816523548333818e-01
-9.386720516292131888e-01
-2.704500665328455344e-01
-5.369131231113053460e-01
1.604187804831420094e-01
-8.254557412247827131e-01
2.031664228759412771e-01
-1.552891453997802262e+00
3.816007330598087943e-01
5.094946789769565498e+00
-7.294995215586511095e-02
-2.080497420369079309e-01
-9.972681447774176533e-01
-1.024642127538660130e+00
1.800977737564022907e-01
-4.662127752312295037e-01
3.232328550913262655e-01
-6.872754131588880711e-01
-1.203853657071003891e+00
-6.290216626598856831e-01
9.027689835386962791e-01
1.114894536099036548e+00
1.298355627613336116e+00
3.391960861971717867e-01
-2.406590356779493567e-01
-2.221696766131279477e-01
1.060938544060249095e-01
1.401681754131346991e-01
1.633518774602278900e-01
-3.169546879137300488e-01
5.864236483176595849e-01
2.463293772590296471e-01
-4.410423886766986490e-01
4.943973212423947161e-01
-9.034121683761773269e-01
-8.775839682866098945e-01
7.806951047778381003e-01
-3.039865764074798360e-01
8.452855224128380529e-01
-1.745908448729924234e-01
8.491139695568716839e-01
1.230674240343786252e+00
-4.672149400467748848e-01
4.781559572072991982e-01
-3.627227952329852290e-01
-6.050509844828532380e+00
-3.155139827331100433e-01
5.063641471608515410e-01
-4.333814481696322551e-01
-4.255158117061709211e-01
-1.001483266687819729e+00
-6.136321742653526312e-02
1.676088717832340258e-01
2.759070753096874995e-01
-9.446832404399945204e-01
-1.492922463381947118e+00
6.680158141796539439e-01
-6.561025467781880227e-01
4.549068426691956546e+00
-9.864692094875192330e-02
-5.366945267107264828e-01
2.100013588703956158e-01
9.123068598389558748e-01
-1.016229510329113295e-01
4.606019940972900240e-01
-1.679990188754347358e+00
-1.004461745314818855e-01
8.604954823326607105e-01
-7.841632088213441598e-01
-7.829198571612021595e-01
-8.780835541682302514e-02
-4.936168546252711620e-01
7.597803056701577518e-01
2.139660696857039190e-01
