3.349934925108568606e-01
8.372664674185881228e-01
1.067912592950500394e-01
-9.199628187811903501e-01
-1.495208650073990286e-01
-4.566241911107191687e-01
-3.707172661774369438e-01
4.270742100607289315e-01
-3.475846209527730379e-01
8.259214914299836674e-02
-7.251879080466765437e-01
6.743461486190954757e-01
3.372510392578437211e-01
-2.811618957231993843e-01
3.561588762220205262e-01
-4.576711805312849712e-01
1.777711319743111806e+00
1.065907512316264905e+00
4.204232459041792325e-01
-6.559889949896433592e-01
6.407521389460029138e-01
2.791905267923923128e-01
4.771109338157211166e-01
-1.232703107606310383e-01
5.194798076918982765e-01
5.361742097710398003e-01
1.183603290086233439e+00
1.141639491835099385e+00
7.518145788321370926e-01
-2.683533812859310030e-01
-2.974187177229882240e-01
-5.006104030243343495e-01
-5.859146022893368944e-01
-8.824550595179910806e-01
1.030770923106010262e+00
-4.739151687349522080e-01
6.656182096556619854e-01
-1.151547731523203666e+00
7.432619368136361704e-02
-4.777487493118940387e-01
1.758995619016352929e+00
3.387298557315604475e-01
-2.717961865777875907e-01
-3.630260147070242249e-01
-6.854334233836516521e-01
1.221461095484046022e-01
-1.421582754642314095e+00
6.092648937288049904e-01
-4.966123718202057336e-01
4.176065329867233444e-01
-9.198654357299187456e-01
7.408576232260313255e-01
-8.187579930199117006e-01
6.738975172695671478e-02
-6.641663256602811649e-02
5.880118302641048622e-01
2.634127578001581593e-01
3.114418218773691738e+00
-6.880669559065171192e-01
2.297637787943579701e-01
-1.240137683033693539e-01
8.530705231031688873e-01
1.133358228787246569e+00
-7.864750519124008576e-01
1.041583081507777564e+00
-7.749024836562292684e-01
1.078657219007937762e+00
-7.478917963685403070e-01
1.139121295816959645e+00
2.187049932369848348e-01
-6.620608241327876620e-01
3.605922922464468439e-01
-7.536479049961656296e-01
-9.684661461810243344e-01
-4.533827439254772274e-01
-2.705230775869903459e-01
-2.902640931068342645e-02
-1.789045603198910595e+00
-1.127549772213085832e+00
-3.135781779535438130e-01
3.524843608323466881e-01
2.333333716187343393e-02
-6.869245196684448107e-02
-1.746004969101280224e-01
-4.998930652793309726e-01
-2.283517778561476308e-01
2.158591611111880526e-01
1.987344092354981773e-01
9.856972473073874474e-02
7.124476418979912573e-01
1.376445961413913163e-02
-4.007731500655588031e-01
4.443978220766944265e-01
-2.156229905407729130e-01
9.344203369851669105e-01
-6.748417311899503890e-01
-1.495280802931441277e-01
-1.626690212836666427e-01
6.609396856533245046e-02
-5.695944998997961584e-01
-1.055778511038948819e+00
5.776532786019743515e-01
-2.934610132280432784e-02
-1.052664174646607886e+00
-1.150868480242208669e-01
4.383447356970230357e-01
-1.126919644971162260e+00
7.198712275953729200e-01
-5.123799339195795888e-01
-1.285409911598128785e-01
4.106129825132466271e-01
1.235032063071032638e-01
3.637142918944961112e-01
1.277441611475127470e-01
-8.048229192142628552e-01
4.621285171459564300e-01
2.230916333302392363e-01
-4.105295413647326308e-01
3.989975327856920551e-01
9.853226608213866422e-01
7.625782980734854277e-01
5.407893597969781752e-01
3.654397967032216865e-01
-2.633172520753094048e+00
4.078951701338697777e-01
1.318369232800607804e+00
-1.884637783814105294e+00
-1.048155931412349529e-01
-5.918676979785313375e-01
1.947393216116204417e+00
-6.549539464566708213e-01
-7.862331740009692593e-02
6.458831765271355607e-02
-1.260135491379970052e+00
2.685426873565017747e-01
-6.225772208888254167e-02
3.320095522437799263e-01
1.182378172647510883e+00
-4.383593887963833646e-01
1.160320884362039173e+00
-1.979219436558788403e-01
-1.519599327601386385e-01
-4.338369082620217587e-01
-1.411874236724415810e-01
2.882809303398773393e-01
8.062983671002385555e-02
3.739822400536918501e-01
4.431758476336271624e-01
3.719153728946136828e-01
2.305228761322067887e-01
-1.351975054133007226e-01
-9.533404931545197414e-01
-3.260708700380959835e-02
-1.435510725521049746e-02
6.628068319219309057e-01
4.081183740314556774e-01
2.530224715542432612e-02
6.967813924476662368e-01
-6.480934183349188471e-01
3.703038911837402969e-01
2.525194461587318973e-01
-8.074839164208543751e-01
4.482880258352633374e-01
2.033160224656217707e+00
3.827932818887457289e-01
-2.058664301751536585e-01
-2.519164102234120239e+00
6.569156063622585418e-01
1.072500429583998771e-01
-2.013025093554541012e-01
-7.432945767968206496e-01
5.453588328651854944e-01
-5.547154970013903341e-01
3.600231045753715664e-01
1.151085460010838446e+00
7.698157797320086537e-01
7.137695493271092317e-01
-6.129966256924315182e-01
1.749174618389054636e+00
-3.140745887951007509e-01
-1.015430563007516884e+00
-5.676629950298774929e-01
3.201124896547105081e-01
-8.271457996407243218e-01
7.577274072887077994e-01
-4.669003011275415504e-01
-1.165972862736261551e+00
1.846834055242178585e-01
3.311509725376349245e+00
1.071299168852287931e+00
-4.716868924007147079e-01
-1.499692991476233028e-01
9.847266327430057586e-01
-3.043244526253160442e-01
1.549207200795583717e-01
4.050294230172050147e-01
7.496360303776128386e-01
8.199635693854461227e-01
-1.217672370491059031e+00
-1.625781546768643171e-01
-4.205579080492445332e-01
6.188911002523041910e-02
-6.050255410312646576e-02
4.406359661514379633e-01
-1.230313212988423555e+00
-9.762036318625723075e-01
1.019274573589493915e+00
4.167041896977953241e-01
2.570550980597877816e-02
-8.817171432404583564e-01
-4.979295734547166119e-01
-3.774369734600994675e-01
2.337773722769231621e-01
3.342743230296220114e-01
2.819491128739848307e-01
-3.398296199583379917e-01
-1.167328819677911217e-01
6.242657866829397495e-01
-8.847733038820335683e-01
1.191122497729126817e+00
2.998135279907746531e-01
-2.141992235936410749e-01
3.648536479533837085e-01
5.908679646779745331e-01
-5.892440670165222105e-01
1.851285593828305709e-02
1.026790094603935888e+00
-8.318254718002957571e-01
1.282483039145171713e-02
6.082926918917532788e-01
4.149818752610570094e-01
1.805802286103926346e-01
-8.667608770335548662e-01
5.248334283624247476e-01
-3.315601951908744294e-01
-3.043050205052614254e-01
-1.237597055302078974e+00
-4.100091112711234942e-02
2.516680266034704849e-01
-3.558119920974225359e-01
6.195430854188998387e-02
-1.487106308639108976e-01
-8.325202308947162733e-01
-1.343484170653348908e+00
-3.232277722817306631e-01
-5.288599417148510673e-01
-5.514611292500515294e-01
2.123754804119668271e-01
-3.738120000431040257e-02
-4.838250945785619872e-01
6.049711453956494941e-03
-6.938042146451202097e-01
-3.905986666482658132e-02
-3.938018773187995647e-01
5.743333320188017677e-01
-6.077549315418568909e-01
6.916849240257005871e-01
-2.467858148185010925e-01
6.276851084990991980e-01
-1.315159449373977663e-01
7.691959230224918453e-01
1.285907972868716609e+00
1.624519749547903569e+00
1.137785469277423189e+00
5.948686668129870014e-01
