6.665127384251010589e-01
-1.793292196930436067e-01
-6.698265786312465053e-01
7.340419190723144194e-01
-4.174503946917405006e-01
8.967950741910739598e-01
7.365774220288388019e-01
-2.992268050809709923e-01
-3.755556757095668274e-01
9.532413420028644779e-01
2.326290079117525611e-01
-1.098176499342087276e-01
-4.335170195227961987e-01
2.594389246408839167e-01
-7.038660216321050989e-01
-2.059560968956690719e-01
-9.681419870215950407e-01
-7.544338455439907332e-01
-6.693881158400010190e-01
-4.385291813126479532e-01
9.583486092236137566e-01
-9.555993977570338416e-01
-4.429136840508776096e-01
-2.745758767294685931e-01
1.738219240103171526e-01
-3.713562863146249171e-01
-4.093511001015248674e-02
1.587493871798739686e-01
2.437622031467958639e-01
5.200234284115923256e-01
5.479740563382407004e-02
-2.242759164796983562e-01
-4.171499814461816502e-01
2.042536334456077629e-01
-9.940312813997982389e-01
-4.670644810594197782e-01
4.428451439868281714e-01
4.697315321030839375e-01
-2.123439103603907974e-01
9.202880125675849676e-01
6.624543356654504223e-01
-5.338239556938981778e-01
2.550166167700762543e-03
-4.650572147282798774e-01
6.042298157238958911e-01
-3.626498938465938515e-01
7.966831773078744128e-01
-1.269285315388630764e-01
2.353639588087239609e-01
0.000000000000000000e+00
7.309530929767893426e-02
4.508668244730495989e-01
5.226814697336568116e-02
-1.806777703511428523e-01
0.000000000000000000e+00
6.694625821691413403e-01
0.000000000000000000e+00
-7.176343267663916059e-01
3.728197320983328567e-02
1.580686267856568072e-02
-9.671253758617512908e-01
2.216272057794512751e-01
3.513853084864826393e-01
-8.920846031945903754e-01
6.293635025736334931e-01
0.000000000000000000e+00
0.000000000000000000e+00
2.217706963713210744e-01
0.000000000000000000e+00
4.389111075858220801e-01
-8.942513617062040066e-01
0.000000000000000000e+00
-1.295511336914043632e-01
-8.552090916492449679e-02
5.797342436236954111e-01
0.000000000000000000e+00
0.000000000000000000e+00
0.000000000000000000e+00
2.998139160449106999e-01
0.000000000000000000e+00
-6.522378301122775390e-01
0.000000000000000000e+00
8.004865054869412244e-01
0.000000000000000000e+00
3.804071953101650916e-01
-7.935371775307649145e-01
3.448778398560174985e-01
-8.736176969515416779e-01
0.000000000000000000e+00
2.048776613090923515e-01
-4.002361811136305736e-01
7.286197660430240308e-01
0.000000000000000000e+00
0.000000000000000000e+00
7.046027431996952917e-01
4.089146924499822422e-01
0.000000000000000000e+00
-5.005592995387044830e-01
0.000000000000000000e+00
0.000000000000000000e+00
-3.038404853218676926e-01
0.000000000000000000e+00
9.764243951812241473e-01
0.000000000000000000e+00
8.390734540778388428e-01
0.000000000000000000e+00
-9.938344076949079398e-01
3.041034482661331140e-02
3.144341660688036999e-01
2.961961729173836488e-01
-3.844791430871885574e-01
0.000000000000000000e+00
0.000000000000000000e+00
7.351886253602712973e-01
5.893899427113611367e-01
0.000000000000000000e+00
0.000000000000000000e+00
-6.996718656337268527e-01
-3.412711188652517436e-02
0.000000000000000000e+00
-2.465115480396495862e-02
8.120971776966485756e-01
2.268256520965552525e-01
0.000000000000000000e+00
-2.088347968512167530e-01
0.000000000000000000e+00
-8.572608196818634063e-01
1.822219747551445668e-01
-2.206730610405851500e-01
9.061932775601633239e-03
0.000000000000000000e+00
3.230569128942337720e-01
0.000000000000000000e+00
-6.555242231145232967e-01
-7.991656490601022345e-01
6.708108345425989327e-02
6.445851708667069691e-01
0.000000000000000000e+00
4.886547673615220244e-01
2.554560488931028051e-01
6.643447471057739584e-02
2.690868231281795531e-01
-2.091975886627275294e-01
-2.059014707252693199e-02
0.000000000000000000e+00
-6.045690695747305554e-01
0.000000000000000000e+00
4.968058975899067864e-01
0.000000000000000000e+00
7.359147764098412647e-01
-6.380726014590087924e-01
8.522121742144350698e-02
-8.210484109131190866e-01
7.769611479127376263e-01
-7.002135984557373849e-01
0.000000000000000000e+00
-3.791139278092543474e-01
5.989149573201757448e-01
-5.321557826906540001e-01
0.000000000000000000e+00
6.939506055760820136e-01
-2.868541792230370202e-01
-6.184621151245952575e-01
-7.684584720764389143e-01
-1.781212509922771581e-01
4.077818938634247825e-01
0.000000000000000000e+00
3.893114261580257196e-01
1.050511572090642165e-01
4.394082999140445089e-01
0.000000000000000000e+00
8.050396174057516951e-02
8.002443585728475917e-01
-9.219770351387883700e-01
-6.264500321477850520e-04
6.360075834986715915e-01
8.701443358968767861e-01
4.302046870258138256e-01
-2.592322372029529642e-01
-2.783194224769629521e-01
2.279466413956843240e-01
3.707137720389757085e-01
5.913994085910534437e-03
2.639595841204835924e-01
4.800825598231908131e-01
7.379870552154401686e-01
5.275089922585791680e-01
-5.307150482458233842e-01
6.161093157971198053e-01
-1.553860366422528116e-01
-6.926709523817211611e-01
-9.883382718684055046e-01
-7.240450603375210292e-01
-7.935020469620002181e-02
-8.913063527596303270e-01
3.197479329661232494e-01
6.814619380313122754e-01
2.777022212168225312e-01
1.342659534041303893e-01
4.057389373866113758e-01
7.844526913954397163e-01
-4.417719717199377616e-01
2.647220739133735457e-01
5.608293043799665867e-01
-1.512883419085317982e-01
-9.601211353242042890e-01
7.225704183358367949e-01
2.968712792128829214e-01
-1.972785044046139191e-01
9.645014236247597683e-01
2.494517267873521682e-01
7.849757320145072104e-01
2.569304155749025931e-01
7.961715257758446018e-01
-6.555327487192341707e-03
5.021020973518104391e-01
5.362808953175148829e-01
9.626595788219147742e-01
-5.109825530120386539e-01
2.710267379828428247e-01
6.785036444586747262e-01
-7.344756871651316743e-01
1.912986849927600375e-02
4.201316848286613670e-01
-3.481424860800208521e-01
-5.810426882517902847e-01
3.442494176029133879e-01
-9.789422744607383375e-01
9.375244934428264010e-01
1.572856570134504306e-01
2.386162050774582877e-01
4.434476065958177227e-01
-3.408791282323340166e-01
4.284614565141788844e-01
8.871762769439597296e-01
-9.676824677119668650e-01
-8.583644226434061775e-01
-6.090211751679006635e-01
1.242371672808317840e-02
-6.080110527424698041e-02
-5.621228110919518350e-02
1.926021968934938933e-01
8.519368254755190772e-01
7.231095478491329498e-01
1.935744324091723811e-01
-8.086903656707031818e-01
-3.608439200834949734e-01
1.800749615750827370e-01
4.939389944697856194e-01
4.464478690618338685e-01
9.651768085676291076e-01
9.401924627202966622e-01
3.663980949925049746e-01
7.426700540742836587e-02
-4.901367750057903372e-01
-3.821611202614245695e-01
5.002193353183814750e-02
-5.958575641644421328e-01
8.115598186588039997e-01
1.633059990561986918e-01
-4.049673886246814014e-01
8.052509232638416226e-01
9.433584969217969629e-01
1.823279196098614996e-01
5.198557422864684696e-01
