1.469597714781625264e-01
0.000000000000000000e+00
-1.245078486982933441e-01
0.000000000000000000e+00
-3.127981507475450229e-01
0.000000000000000000e+00
-1.510089767708939767e-01
-5.405680803021897241e-01
1.222266413318555678e-01
-2.977903932417569344e-01
0.000000000000000000e+00
-7.611443877535586378e-01
0.000000000000000000e+00
3.031976267936435931e-01
-4.190860946847321244e-01
2.353683970408315673e-01
0.000000000000000000e+00
1.416749606396836558e-01
-4.831431244875412645e-01
0.000000000000000000e+00
-5.201316503075079645e-01
1.000000000000000000e+00
5.982542432896620355e-01
-5.601707129549748920e-02
7.432694050848105416e-01
8.229486306267033147e-01
3.823059318981461008e-01
-2.463592208225238167e-01
0.000000000000000000e+00
0.000000000000000000e+00
3.741798924561012818e-01
0.000000000000000000e+00
-1.439958529200890958e-01
1.270862564005528217e-01
-2.797910669611163303e-01
-9.393938300005730824e-01
3.774649000915999419e-01
5.647127659093071905e-01
0.000000000000000000e+00
-7.851940434025472815e-01
-3.354369006701791722e-01
-1.224844379512697312e-01
1.000000000000000000e+00
0.000000000000000000e+00
0.000000000000000000e+00
0.000000000000000000e+00
0.000000000000000000e+00
0.000000000000000000e+00
0.000000000000000000e+00
-5.162517783799742688e-01
0.000000000000000000e+00
3.709727725816496235e-01
0.000000000000000000e+00
8.160162537912007963e-02
8.704853667794034688e-01
-3.165161307393220547e-01
-3.576698122684818237e-01
-7.092911423966605788e-01
-2.313627368109492100e-01
0.000000000000000000e+00
1.000000000000000000e+00
1.000000000000000000e+00
-3.818811279783105306e-01
-8.235034969824612805e-01
0.000000000000000000e+00
2.811917618103132455e-02
0.000000000000000000e+00
4.672954021402759839e-01
-6.090622706624486682e-01
-9.339072737776106248e-01
9.511243750617845993e-01
-2.890571366331040615e-02
5.006637358395149562e-01
9.129452546010370373e-01
-5.369132682918642541e-01
7.706278002779138880e-01
-8.007178973533237709e-01
2.334144934100030877e-01
0.000000000000000000e+00
-3.720826212986685366e-01
3.129033920873718344e-01
6.074223816600767822e-01
-5.640345825482850906e-02
0.000000000000000000e+00
-9.172404991158960019e-01
-9.695051186744896299e-02
-1.082187901252147366e-01
0.000000000000000000e+00
1.000000000000000000e+00
3.684948542692092488e-01
-3.419614832602357879e-01
-3.885143216669368904e-01
0.000000000000000000e+00
1.000000000000000000e+00
0.000000000000000000e+00
1.997492174973083401e-01
0.000000000000000000e+00
-3.204996407454889784e-01
2.666594392536523195e-01
1.440261829450497633e-01
-4.204853721007362211e-02
9.775123785906436602e-01
3.512047891443925707e-02
4.044238527838184272e-01
-2.931519673666076464e-01
9.867299748266866732e-01
3.073067410648402387e-01
8.644518065837643039e-01
-5.505269091287730010e-01
0.000000000000000000e+00
-8.147068784862394608e-01
-8.763500936894055293e-01
9.805385818329483971e-01
5.921233648999393306e-01
8.577386016281971504e-01
3.695406267083263252e-01
0.000000000000000000e+00
0.000000000000000000e+00
0.000000000000000000e+00
1.239509276223511591e-01
0.000000000000000000e+00
-2.268215412419372079e-02
0.000000000000000000e+00
4.626108082779012420e-01
-7.886873469587927232e-01
0.000000000000000000e+00
0.000000000000000000e+00
-1.371047105122966681e-01
-6.795704658993855229e-01
-5.819027775483114340e-01
9.564863564772159155e-01
-8.945970067973239015e-01
0.000000000000000000e+00
-3.004720020302298344e-02
-8.308506588940667292e-02
-5.381210952028039340e-01
6.086942027719595139e-01
-1.881841132716286502e-01
-5.202809851448968459e-01
-8.589141826730342100e-01
9.461482073911797741e-02
-9.196809608478284659e-01
0.000000000000000000e+00
0.000000000000000000e+00
-6.648201471821684194e-01
-1.413862939468750746e-01
-3.829021703515333996e-02
-7.092995964796515729e-01
-1.307576450026903814e-02
-6.775962305154288323e-01
-4.896269129224044558e-01
8.483305944176400271e-01
-3.568810119751675280e-02
6.930984519461569349e-01
9.729043033418707243e-01
2.169820395688351056e-01
0.000000000000000000e+00
-5.943108622427566434e-01
-5.036851804995312598e-01
-2.173518944729828650e-01
0.000000000000000000e+00
-5.584525594832345785e-01
-1.486800206345071373e-01
-3.319187890382806483e-01
5.464132823827678731e-01
0.000000000000000000e+00
7.401269724357599777e-01
3.648335387588284018e-01
-9.550048215895174941e-01
0.000000000000000000e+00
4.117298751557771919e-01
-2.800855458760587169e-02
2.836154019848646790e-01
0.000000000000000000e+00
1.421572545386817765e-01
-5.784048494300253473e-01
-8.080451593015594014e-01
5.768241814116514821e-01
-3.044698806551546788e-01
0.000000000000000000e+00
-8.879625203502821140e-01
4.030200459911268407e-01
-8.919124270210478933e-01
8.206741559933372621e-01
-9.264447183583717216e-01
0.000000000000000000e+00
-3.519793955922800865e-01
-8.266593865078548653e-01
-2.429342553286759632e-01
-1.762351312489802702e-01
-1.648424895255040656e-01
0.000000000000000000e+00
0.000000000000000000e+00
8.753311047842675663e-01
-4.811438507483347671e-01
3.898143219796113002e-02
9.538920825976049400e-01
0.000000000000000000e+00
0.000000000000000000e+00
4.329972873993377380e-01
6.529556011208081934e-02
2.095383923054976449e-01
5.262452571780473765e-01
-7.959371494792577550e-01
-9.077897320861212371e-01
0.000000000000000000e+00
-6.046423828717388815e-01
2.971709794028680740e-01
6.375526137454803344e-01
0.000000000000000000e+00
-6.798483845090681488e-01
-9.552500901158798019e-01
-3.860125894745580766e-01
3.908002036446398542e-01
0.000000000000000000e+00
4.116855593889343634e-01
3.403264528429177371e-01
-6.145961707508056371e-01
-8.427162782508319516e-01
0.000000000000000000e+00
0.000000000000000000e+00
5.531772934954080068e-01
1.000000000000000000e+00
8.659694458160229757e-01
1.401158716643422508e-01
-2.270449171400870103e-01
4.964256538020399567e-01
-6.139585701660745798e-01
0.000000000000000000e+00
0.000000000000000000e+00
1.733092209519604410e-02
6.757955364890362304e-01
-3.119067380183526694e-02
6.428087515736602420e-01
-2.297820698766108727e-01
0.000000000000000000e+00
-8.786662395314630558e-01
0.000000000000000000e+00
6.296385130420256715e-02
6.881201427270553506e-01
-5.848378106762730511e-02
0.000000000000000000e+00
0.000000000000000000e+00
-6.410073928712705094e-01
0.000000000000000000e+00
0.000000000000000000e+00
0.000000000000000000e+00
0.000000000000000000e+00
0.000000000000000000e+00
2.989488075968891323e-01
-2.555711080881000186e-01
0.000000000000000000e+00
6.977486999720983185e-02
-5.686666308348833354e-01
-3.583744366499685974e-01
-3.577183962147487684e-01
0.000000000000000000e+00
6.559665741600504418e-01
1.106069715656454733e-01
-5.704243660310626129e-01
0.000000000000000000e+00
-2.286755713886086117e-01
1.000000000000000000e+00
9.411238604786806849e-01
-2.722568793580515401e-01
