-1.229032273249027196e-01
-1.000000000000000000e+00
2.620989492248949615e-01
-9.921476580038032789e-02
9.956030258387817966e-01
-6.682420302622873454e-01
-2.266294329992708245e-01
-4.747403791545034557e-01
6.998976897885043069e-01
7.151064497990096136e-01
-9.573311261401439287e-01
4.750331518511272666e-01
9.736601162705108004e-02
2.722399961616820963e-01
2.783562140154337006e-01
-8.029398302835276668e-01
-6.247664207982095430e-01
6.700118418472755799e-02
-2.538564694155476809e-01
-1.239435133202609340e-01
-2.810899795454924188e-01
-9.711070641818796423e-01
-3.976657032729620789e-01
-7.102336940032338841e-02
3.948467949205325400e-01
1.000000000000000000e+00
-9.399855680821738169e-01
-6.579807698454978038e-01
-7.233802327335371318e-01
-1.000000000000000000e+00
6.684498177591894352e-01
1.280540632054217309e-01
-9.559248391772987574e-01
-2.492548240361300849e-01
-7.042775441397608471e-01
-2.501667113781705365e-01
3.836965686735906989e-01
-5.010776643422000243e-01
1.240976076838269659e-02
9.957410172169052220e-01
-1.000000000000000000e+00
5.629055667306404054e-01
1.097253118709247410e-01
-4.389366414334032740e-01
-5.731647760269045211e-01
-1.091703081049112400e-01
-4.458316403157138730e-01
7.861794299843198608e-02
1.000000000000000000e+00
8.654853652424326915e-01
1.000000000000000000e+00
-1.607143799725168354e-01
-1.132754342381017409e-01
-4.378629223003758231e-01
9.580970474587040542e-01
4.337796848336314404e-01
-5.028606318850661200e-02
-8.679831639759145734e-01
2.303577755484932377e-01
-9.116484247788572137e-01
-7.906746995885635121e-01
6.182601799845129920e-01
2.150641671785769732e-02
7.895670686261721527e-02
-7.689224486421070148e-01
7.288386409934831667e-01
-6.206402272377460339e-01
-9.276694460718417634e-01
1.966710848787442956e-01
-4.531687023569774819e-01
6.833750639449000241e-02
7.069655104775428578e-01
1.332149527687318535e-01
-9.715800509653866879e-01
-1.731047851107543334e-01
5.230234295266625866e-01
2.967818930836090274e-01
3.479050649148127117e-02
5.797612072837220465e-01
3.306880035288844999e-01
-1.167696279340879606e-03
-1.000000000000000000e+00
3.252759448473246939e-01
1.002302898078612781e-01
2.126723583698918868e-02
-4.204829821595132966e-01
-9.547042880299602685e-02
9.455791969555332743e-02
-2.732797640383939353e-01
-1.000000000000000000e+00
-6.621705966593165460e-01
1.000000000000000000e+00
1.000000000000000000e+00
-1.591904648409468437e-01
7.480137651893263850e-01
-3.697421430275631415e-01
-1.172652817336362480e-01
5.877789070398854454e-01
1.183123380373224676e-01
5.254543266432926130e-01
-6.847137170385356186e-02
7.425648908022920436e-01
1.592349037171487958e-01
-3.736567166592059952e-02
4.137671020748274753e-01
1.000000000000000000e+00
2.260810202203265007e-01
1.402746318406247472e-01
7.890198313587943879e-01
2.771773634274761200e-01
-4.474455122497222187e-02
-2.437389882923628182e-01
-1.805235919834475844e-01
-4.607211368032412824e-02
-1.000000000000000000e+00
-1.062800535328048412e-01
-2.419608381887859150e-01
5.753683709207210173e-01
-7.915647579461889682e-01
-7.450152431772789630e-01
-5.657501464734316921e-01
1.356010143760486841e-01
-2.398944993579407159e-01
-2.554559275290793074e-01
-1.000000000000000000e+00
-4.829461805103449357e-01
4.637330651836203410e-01
-3.437706854094665920e-01
-1.000000000000000000e+00
-9.721976270410868093e-01
3.695389487199327028e-01
6.503701731228783700e-01
-6.204119331848984009e-01
5.061140701532105268e-01
-4.622530008764044740e-01
5.264557627150118213e-01
-1.628067320645357474e-01
-1.000000000000000000e+00
-7.634966682124110227e-01
-1.000000000000000000e+00
3.908098676237955482e-01
3.432210224896102280e-01
-2.748118305414580242e-01
-6.543844042153021956e-01
-4.716439236126533374e-01
-5.154654598578496394e-01
8.777584515120941955e-01
-1.248557232373007087e-01
-4.307803117485629052e-01
1.001902904758117246e-01
-4.992395906145211115e-01
6.986662057856220936e-03
-8.183415527375369480e-01
7.348252127210540274e-02
1.770244961526791505e-01
6.533488354354011207e-01
-8.510020514636014166e-01
8.615110191661314865e-01
7.762776874070462796e-01
1.000000000000000000e+00
-8.354951164193343827e-01
-6.942323863792052574e-01
-5.948183042143663501e-02
5.985930745093365202e-01
-4.678903356201557368e-02
-2.705043943686404884e-01
2.500006293112927991e-01
3.786508290260368614e-01
-1.092602612013422736e-01
1.591215580756692727e-01
1.740069805053030827e-01
-7.796832843683212388e-01
5.429118900129312197e-02
6.244514567497325697e-01
8.340407624908199313e-01
3.425323378641470518e-02
2.109573075951335502e-03
6.767081627087490059e-01
8.779252030402542317e-01
5.796606821957732691e-01
-4.938150971911409171e-01
5.499109593737152579e-01
5.564722542762212676e-01
-9.496827052643039280e-02
1.587412315353792513e-01
7.916851404143401272e-01
8.805657511240703172e-01
-2.511925132269332006e-01
1.167325596113992850e-02
-2.552347974654756713e-01
-1.000000000000000000e+00
-1.000000000000000000e+00
4.947062511422863906e-01
2.936974108220757884e-01
4.168232263928596248e-01
-4.425334950773266440e-01
-1.759833408382783515e-01
-2.205394302214602475e-01
-6.583957875568569040e-01
-1.906897792365170319e-01
2.542178148720173475e-02
-1.145482071542760494e-01
-7.599358534706109891e-01
6.330042160741391477e-01
3.026548898866633364e-01
1.654129185883717601e-01
1.000000000000000000e+00
-8.633678619391822462e-01
-7.538596666718444528e-01
-6.964831815411258731e-01
-8.623071380093596527e-01
-2.612397322273056766e-01
8.082847137661782755e-01
6.619777009398822298e-03
-8.548065001989125777e-01
-2.750538679845304091e-01
-5.919139220398281775e-01
1.274842505111563606e-01
-2.313774351715707500e-01
-1.000000000000000000e+00
7.142630182076006307e-01
-6.821088018768890482e-01
-9.400661195757642474e-01
7.742832522177772736e-02
1.721133462391533642e-01
3.695602112886259283e-01
8.871091450125458966e-01
1.000000000000000000e+00
1.850506180340015516e-01
-5.010902028350446846e-01
2.994836298189347823e-01
-6.291556916382206044e-01
1.476055611081744656e-02
-2.680074382621650542e-01
1.000000000000000000e+00
5.463858623319003405e-01
3.940400612331190211e-01
-2.115511625438264709e-01
9.471183481807349258e-01
1.026302918947967768e-01
-1.000000000000000000e+00
4.889317153427362173e-01
-2.696440760845034146e-01
2.624872215904167083e-01
2.984207770593155784e-01
-1.000000000000000000e+00
1.490540545342866896e-01
8.816494104045973224e-01
5.213684485737745122e-01
1.000000000000000000e+00
-2.344977587683396147e-01
-4.211406138521203713e-01
-1.000000000000000000e+00
2.833760750893981051e-01
-8.678399407978076852e-01
-8.333816963554990798e-01
-6.729675018621568139e-01
2.091621801409889181e-01
-2.085810165598732668e-01
-6.646137525804394208e-01
4.348314666281683505e-01
7.382811303714013063e-01
1.303398847285175410e-02
-5.096575960190091736e-01
-1.635089709904714861e-01
