-3.061177959600119847e-01
2.974817794570389640e-01
1.000000000000000000e+00
3.281896656770544318e-01
3.207591942246739714e-01
1.893194886404768740e-01
-2.956235538238689564e-01
1.494259808813829249e-01
-1.000000000000000000e+00
-7.077580933886296055e-01
4.376202690100441939e-01
9.026963027803376338e-01
-1.890412375559119007e-01
4.286946114394462604e-01
-6.818482798114253729e-01
-8.188336519362975352e-01
-1.000000000000000000e+00
7.900211707617785795e-01
-1.000000000000000000e+00
1.397351364844362509e-01
-1.000000000000000000e+00
6.131070649005270212e-01
-1.000000000000000000e+00
1.000000000000000000e+00
4.126480073237749346e-01
6.535174048262224478e-01
9.583216757371838534e-01
-4.883398546448105004e-01
-7.813819102896436830e-02
-1.000000000000000000e+00
-5.653068089460997481e-01
-1.000000000000000000e+00
8.205403234573278581e-01
-4.732779639320066067e-01
-1.914005308557156781e-01
-8.145842459172310257e-02
2.441552766829934162e-01
-5.295110771339800460e-01
5.033138774573032714e-01
4.676115944446150863e-01
7.433905628319873449e-01
-4.851426938263380118e-01
-6.489301631273013404e-01
-2.654690156964332193e-01
-7.988718520011730551e-01
8.085681354345379823e-01
4.824637698491254234e-01
2.692817753582821272e-01
-1.240486662938942997e-01
5.931255844782516995e-01
-1.364435543173622145e-01
-7.640729545831097536e-01
-8.425991002620616399e-01
1.133774223539668058e-01
-7.221628269704710723e-01
9.958793496642766030e-01
-8.581695965487576849e-01
-3.639417894480637128e-01
5.355405136491380169e-01
-4.161567107776867891e-01
-1.031284620428227217e-01
6.114122512258384212e-01
-5.400818798544825272e-01
4.137092495192590258e-01
1.972560440284035210e-01
1.293153316117533480e-01
1.000000000000000000e+00
-3.148351349415605682e-01
-6.769804562813159787e-01
1.444776958269531897e-01
-1.000000000000000000e+00
4.663334811273468494e-01
1.000000000000000000e+00
-6.933135431506006752e-01
-1.434476269861989228e-01
8.553992269701791162e-01
1.000000000000000000e+00
8.196475544411200298e-01
1.000000000000000000e+00
-1.000000000000000000e+00
-1.000000000000000000e+00
1.000000000000000000e+00
7.795958470948092245e-01
-6.937006682049278172e-01
-1.000000000000000000e+00
2.720766663426704701e-01
-1.783115485170477105e-02
7.245772843530533525e-01
3.796250632048541185e-01
9.855157715931529561e-01
1.000000000000000000e+00
-1.951778866092738485e-01
-1.000000000000000000e+00
-1.000000000000000000e+00
-3.637481304098349067e-03
1.000000000000000000e+00
-4.737144535343166263e-01
-3.578149530789994648e-01
1.653920691678962829e-01
4.214038112519659374e-02
-5.834253122331378716e-01
-7.298596724590733498e-01
-1.000000000000000000e+00
-1.000000000000000000e+00
-8.675282265390477088e-01
-3.889673668037462728e-01
-5.116031316891317404e-01
6.808972372836608056e-01
1.000000000000000000e+00
1.488175117934871783e-01
-2.932576490060316843e-01
-1.202050698307370047e-01
4.567575487400122869e-01
6.736897342585679294e-01
3.693857267958216006e-01
4.547315071511428552e-01
-1.000000000000000000e+00
-1.222391063917527693e-01
-8.229046386500574184e-02
-7.939326180872092742e-01
2.324504076031597977e-01
-1.000000000000000000e+00
8.097225856217122875e-01
-6.064357519707890276e-01
-8.158808891546647235e-01
5.098676260527126303e-01
-4.120291405642342308e-01
-2.296961905378596402e-01
-1.616977247454932654e-01
-1.795279202368773031e-01
-1.000000000000000000e+00
2.991553142696157797e-01
-1.357841185358843183e-01
7.485607044043263159e-01
1.088911347815137987e-01
8.496467820613223809e-01
7.723380368146325337e-01
-1.000000000000000000e+00
8.201557283265233922e-01
6.416466398810519722e-01
6.487323752485847361e-01
-7.953669653978326926e-01
-1.000000000000000000e+00
-1.995917191434990606e-02
-8.778731359452942584e-01
1.000000000000000000e+00
1.000000000000000000e+00
-3.649990157427857040e-01
-7.714671258870446913e-01
3.362997018729890208e-01
-2.612292292462561893e-01
9.082405820690668818e-01
-1.000000000000000000e+00
4.134309852590059009e-01
5.308982836248062886e-01
6.726917603382178701e-01
-6.310539116592903675e-01
-7.191490878095203598e-01
-1.000000000000000000e+00
1.414552817805923568e-01
-1.726706742504257319e-01
-1.000000000000000000e+00
-8.617877244828087147e-01
8.354867435163894074e-01
8.730610604435123934e-01
-6.530322069981608912e-02
8.377731098693756706e-02
-3.127206809737671511e-01
2.511775171853962707e-01
2.844094980092805036e-01
-5.147736227448659330e-01
3.140872931111653443e-01
5.458851488885896330e-01
4.710195651908390957e-01
1.000000000000000000e+00
-3.685665335169499568e-02
-7.834799691210625472e-01
5.607913985038242011e-01
-1.000000000000000000e+00
-1.824260224230216665e-01
3.761717839782845463e-01
9.110827736443575242e-01
1.408569763328519631e-01
5.637129596717515012e-01
-2.822021945260972942e-01
9.267764137950718073e-02
-2.795222609325731522e-01
1.000000000000000000e+00
-7.222128751582188588e-01
9.733514682489192715e-01
-6.158762833122402025e-01
-2.762893444722988034e-01
-2.865370304118240452e-01
6.315284579818811750e-01
5.907698386119713402e-02
3.136670177610981769e-01
-7.110591303821601761e-01
2.532396520148766927e-01
-6.026959430653467953e-01
-4.285580633262906503e-01
-2.332145484785808631e-01
-2.024850218346720687e-01
6.899092104307860129e-01
-4.933369026011544950e-02
8.858437607806786129e-01
-6.183770429994024376e-01
3.016700656840420880e-01
5.600330592115547734e-01
1.854294756130235589e-01
-1.000000000000000000e+00
-7.999921894976474990e-01
-1.000000000000000000e+00
5.182119714448553127e-01
3.187792479834540837e-01
2.176410693980899702e-01
-5.871753190165227565e-01
6.908348146366252163e-01
-2.876615028640909788e-01
3.498570931011841800e-01
-1.960754161816202767e-01
-4.982092981863518455e-01
-1.296338723215994526e-01
1.972415292863869407e-01
9.667305074730772052e-01
-4.869260735959591857e-01
-1.000000000000000000e+00
1.252823204679245905e-01
2.450679783992788241e-01
1.542403930928414602e-01
8.438671679844406137e-01
3.360841866007460155e-01
-9.526294878185471715e-01
1.848111161962076310e-01
5.905244441432978553e-01
-9.442043135417543809e-01
-4.796600241269558529e-01
-1.913959671615481084e-01
-1.000000000000000000e+00
-3.852775355021303971e-01
-8.894171954689825688e-01
-8.092026546637869355e-01
6.742788916374182762e-01
9.196059312922069129e-01
-4.498302437748378235e-01
4.343317599574204046e-01
3.207237478545452714e-01
1.000000000000000000e+00
-2.429205004836050841e-01
6.290927350660122652e-01
2.216586004683927524e-01
-7.302759452992360067e-01
-1.500989400059161705e-01
-5.271256507244576062e-01
1.863787997053452106e-01
2.048233272992352472e-01
-3.475313081221915734e-01
-3.535107636297566414e-01
-5.639757635928530632e-01
7.199001285970589858e-01
-5.169999959118762867e-01
-1.000000000000000000e+00
-8.816610774319166843e-01
-6.164481692417500547e-01
2.469632895302835696e-01
5.757029400570263800e-01
