-3.925649354450483908e-01
7.070066325906936289e-01
-1.578930175728211927e+00
1.119733669418096378e+00
8.966716362455195988e-01
2.777092726437803361e+00
-9.755566204389496399e-01
1.370881070712281158e+00
-2.346697032855646015e+00
-2.238797891553989228e+00
2.173631267298124226e-01
-6.568962579847734684e-01
2.304345008309481191e+00
-1.936170253031679334e+00
1.029684273827322194e+00
-1.340770369912949622e+00
-9.434211380042281103e-01
-1.040659247178542940e-01
-9.426330912973482912e-01
1.186710223383736995e+00
5.085656873298628478e-01
6.951371147121774285e-01
1.817636118456948724e+00
-2.406924747586524305e+00
-7.064030517617130300e-01
2.474447084737423641e-01
-1.148113240979532712e+00
1.673807339214163359e-01
-1.083404671966769595e+00
8.572010207657384528e-01
1.513665155612591018e-02
-3.145259088192450814e-03
-3.125163062038063710e+00
7.224574053719814426e-01
-6.508920195311835855e-01
1.180197554106422908e+00
4.491474831896868913e-01
7.516819855018690433e-01
-3.373047298967846719e-01
-1.322236581348796847e+00
-5.897741463645365112e-01
-3.417065498995252026e-01
7.060430039555307680e-01
-2.810697757443495703e+00
9.056106379352105717e-01
-7.868459996241179422e-01
2.331788899684621441e-01
-2.683031669172937783e-01
5.864360751183231857e-01
9.933703255168189195e-01
-6.592321965773457748e+00
-7.407452763969015752e-01
-8.802137767672829627e-01
-1.374092576187881942e-01
-5.527983567987468927e-01
-6.536004218050655012e-01
9.475028936222651410e-01
1.342053471520237462e+00
1.421903863583025673e+00
1.475868745813359695e+00
5.589913013596311542e-01
-6.089419246758014381e+00
-1.027844169986612544e-01
1.250157753435182928e-01
-2.656614994080473968e-01
-1.820275531501080568e+00
3.859070260008068964e-01
-2.288658351197935925e+00
-4.859268247797006168e-01
-2.256201711816012700e-01
-2.177966068860373472e+00
4.526514852289127866e+00
2.133130313399671518e-01
4.245438089722222003e-02
7.732298098753597193e-01
-1.030932742262886004e+00
1.223451916886657109e+00
-9.522396350188100378e-01
-3.009569202090346618e+00
-2.527246974595762641e-01
1.938875500765520954e+00
1.227701657136388125e+00
1.979273477659424518e-01
2.896493567615785469e-01
1.547070934666844311e-01
-7.422636694737605456e-01
-1.620724735902551172e-03
-6.394541425079629526e-01
2.359795726634127178e+00
1.732934353365400137e-01
-5.023745960405399114e-01
-2.149131768088959338e-01
-1.794951119766742043e+00
-8.971604678403833910e-01
6.217765741184938522e-02
-1.220718098526342610e+00
2.488717400732026963e+00
9.507509030242672354e-02
5.261835935066319969e+00
1.316534947790362287e+00
2.334859624229160546e-01
-8.110138087670668572e-01
-1.309187916193145673e+00
2.209085210782957276e-02
9.272374323903629367e-01
1.256313814646137922e-02
3.970094195972562190e-01
7.231109520824227643e-02
-4.095062756133217574e-01
-1.395749102222191840e-01
5.877004100191245139e-02
1.372012986812568780e+00
1.192214818117064201e+00
-2.036943018341145772e-01
-4.708147030749539885e-01
-6.475513360123978934e-01
4.476678887848054011e-01
-1.016960699383502309e-01
-6.084371226679303746e-01
-3.868696616830103463e-01
2.439729736053723119e+00
-9.960882523118386178e-02
4.332326860956727810e-01
-6.804968987402578717e-01
8.317914668751508200e-02
-1.178321960338452712e+00
-9.976502233991358937e-01
-1.296756877106604255e+00
8.375593752589921559e-02
-1.719442579097936741e-01
9.591596512206395087e-01
7.804965073963188171e-01
1.640446318067831255e+00
3.459455597879004252e+00
6.030720046054659500e-01
7.859021442973082028e-01
7.720974375273982337e-01
-8.789843019144243375e-01
-2.470273904568392354e+00
-1.046840255886858806e+00
1.459137265473007483e+00
1.488469727262098363e-01
-1.612362096485676854e+00
-3.924683085312331565e-01
-8.113372688514756126e-01
4.150629662996790259e+00
-8.476611670528431119e-01
1.637022551578792007e-01
-1.424200203980225676e-01
-7.851465367590690914e-01
1.484091458842726974e+00
-3.285565499832778236e-01
-2.382352928220253574e+00
1.024581946273319388e-01
-1.744022643232306241e-02
1.013637446828931754e+00
4.626360828936468272e-01
3.474131810478082172e-01
9.137134764629517569e-01
2.054255567580501041e-01
-6.764575531478053683e-02
-1.272852924276168807e-01
-2.601146919392678392e-01
7.418313815344494966e-01
-1.828597738648128357e-01
-4.422680527046676802e-01
2.933896959523262238e-01
2.560535479721717245e-01
4.541886520788561699e-01
-3.613741829981515497e-01
-5.122751901014526155e-01
8.239337992161283042e-01
4.108140418248972803e-01
-9.282859261610502122e-01
-1.453574501289265353e+00
-5.184339342683988994e-01
1.455348465126916180e+00
-9.508567656317301608e-01
1.932277163457662150e-01
-1.357892911360819577e-01
-1.565731014332476800e-01
5.165190192616739839e-01
6.505527547046480175e-01
1.279991662008438391e+00
3.911336450311792556e-01
1.284594272526490000e-01
-2.012713592860422285e+00
-1.342650087382242230e-01
2.367742748639463102e-01
9.645981163205389342e-01
-1.126898770696777241e+00
4.911624765200026110e-01
1.088927152368600826e+00
3.994058273491487565e-01
2.845356836071859519e-01
6.371466466570216980e-01
1.244108702307127334e-01
-1.004868124527818818e+00
-2.695119305906911178e-01
-2.812356751735601290e-01
-5.428008374796022828e-01
1.053519870131328862e+00
-4.634769523044312001e-01
1.254067362077142311e+00
-2.408606367304781115e-01
3.523886020613582470e-01
1.413373466888986574e+00
-1.077366935576602236e+00
-1.480693948292413076e+00
4.452406557563224898e-01
6.666617561638710221e-01
-2.496658218167711329e-01
1.126553949281124734e+00
8.957029758554858612e-01
4.295179213578319277e-02
-7.610029517396706966e-01
2.166351650139861640e+00
3.726058630519288872e-01
8.754847700304482228e-01
1.227062672325483828e+00
-6.242971731692604775e-01
-5.439896575333389439e-01
-1.196098461058144879e-01
6.407090021710294403e-01
2.731989984147273454e+00
-4.400084247638287871e-01
1.470271839192014873e+00
4.257896428549595158e-01
9.222638138339047664e-01
2.151120390462619714e-01
-6.123114546292859339e-01
-2.033288382746678280e-01
3.474459306451959106e-01
2.365284024862999157e+00
5.640460158546076741e-01
-1.621020549653379383e+00
-4.406003839117144660e-01
1.271657493536981542e+00
2.908967904681142969e+00
-9.246174891730082335e-01
-1.663978880261681725e-01
-8.168773956099604217e-01
7.457944019006623737e-01
-2.315153681692327103e-01
3.751661556596353475e-01
-1.026545373965154218e+00
-3.423278065563649109e-01
-8.771806539584242612e-02
-4.672412716271473476e-02
-3.519926024136312004e-02
3.408166413429617458e-01
-3.043143330643147126e-01
6.725856318225444941e-01
-7.431773705285565912e-01
1.299714186094754198e-01
-1.321566370315065075e+00
-7.170898776963939847e-01
-4.064962327353415228e-01
-3.422772654353319899e-01
3.903742388619408921e-01
-1.172871058767637642e+00
-5.831665919850316238e-01
1.593644046033593664e+00
-2.031474986798555427e-01
-4.632080954103542370e-01
