4.230452628413626792e-01
-1.330501297755158352e-01
-1.022358160172424757e+00
-3.140697703213508885e-02
-3.122226842677289782e-01
5.416733505147913741e-01
-9.796784732323486899e-01
5.016624474285623636e-01
-6.613859524183744731e-02
-7.912710574940970965e-01
-2.698407813036561853e-01
2.037086451489367733e-01
-4.845686129454868096e-01
4.728219365253593515e-02
3.475443148501526358e-01
2.526753218528103861e-01
-1.233466320143890571e-01
-6.553985690076953308e-01
-2.664300229543635212e-01
6.350300075025558932e-01
-1.172375591874997014e-01
5.306770305621861805e-01
-5.392458779645872280e-01
-8.792612427541006415e-02
3.670613812045870478e-02
8.761464551775757781e-02
1.528621063203582819e+00
6.890779315475454858e-01
-1.392246477039471797e+00
-5.203539394193897882e-01
1.900185995751304979e+00
-1.576528497776684135e-01
-1.403637564616470490e+00
4.986426144242925851e+00
-8.632862635345507352e-01
9.618329092709693162e-01
3.296677842072967546e-01
-1.106671161841701112e+00
4.503704087182979765e-01
8.961337512458255050e-01
4.908600162863156480e-01
-2.947564768488919462e-01
2.785528775083672692e-01
4.894691072213672722e-01
6.192769929882047109e-01
-1.779492280985623065e+00
-1.314100603272177370e+00
-9.291658313211547116e-01
7.760796730786198583e-02
4.534733643604583198e-01
8.490753104675137664e+00
-4.711185365000678527e-01
-8.465335045021936400e-02
1.316485996885282894e+00
6.439507419070581440e-01
-4.934632336172316558e-01
5.464200689951006495e-01
-1.007262761235048654e+00
-1.660505609983784769e-01
-1.893919111438876202e-01
3.740378696552268067e+00
1.037176722019589326e+00
4.104791332046653918e-01
-9.572243833059530527e-01
5.319267471280284543e-01
2.808984730263986915e-02
-4.439793867432195174e-01
-7.259863241913808718e-01
-2.110265092825623634e-01
1.110204728246736883e+00
2.662118041764757748e-01
4.001469456713855344e-01
-2.349327675204805566e+00
1.405959508279378101e+00
9.657185946925536113e-01
-1.315940579916545783e+00
1.430809479198361100e-01
-4.250429141428033741e-01
2.838058835107244438e-01
6.677963238823179104e-01
-6.192285652448530353e-01
1.066790856105831686e+00
-5.505892511370179543e-01
-3.818930709722264116e-01
-4.256546143324178022e-01
-2.439471651280643305e-02
6.808765202121499494e-01
-8.235038429394116177e-02
-8.653483963122535205e-02
9.709266215672993638e-01
-6.010183541679203767e-01
-4.016877851545704869e-01
-5.781551727204082836e-01
-7.373370299778411741e-02
-1.294612996046280218e+00
9.850829255312415489e-02
6.975317307709214543e-01
1.701997458382540906e-01
1.563941828646587540e-01
1.436538427247492644e-01
-1.230884276539130351e+00
1.697726454262119322e+00
9.375090780203331198e-01
1.850207130764459640e-01
-7.434918563342892694e-01
-3.079281948852323481e-02
-8.696389110921435295e-01
2.861407406689108271e-02
-3.787550341744125859e-01
8.022898116055217077e-01
1.366238289836501155e-02
3.084897625325627724e-01
3.239752690065360596e-01
-4.174060730969731958e-01
8.224300425791308822e-02
1.045965145381689554e-01
-2.719134761625122826e-02
-7.017258229306697626e-01
6.769169847688712993e-01
-2.065207196459643568e-01
1.618342817389864186e+00
6.115520640431759691e-01
-3.675789631123095313e-01
8.208167987719869885e-01
1.106195465192396421e+00
-8.311328486845294128e-01
3.049521696004727986e-02
6.406058046265291850e+00
-5.055034639239394667e-02
-7.356554445906667850e-01
-4.072216910219341734e-01
-4.551312753630381569e-01
2.920131487147525351e-01
5.706520564701695886e-01
-7.641314182366047980e-01
-5.062056230206940510e-01
-3.728698692062648035e-01
-7.830866753882603781e-01
-6.969202473188587099e-01
-4.027199164031667333e-01
3.669668146918000362e-01
6.253367520281971625e-02
5.375625941960610055e-01
7.225013971115707978e-01
-5.196938317913005756e-01
-4.806419196431981067e-02
-8.559835899898072809e-01
3.449461353764142757e-01
-4.428970842522855778e-01
2.400928884059870538e-03
6.171760328383836258e-01
6.506166792199002957e-01
-1.803793710834827035e-01
-4.001593357915582683e-01
-6.687824095177625772e-01
-2.082577780321372418e-01
3.960763631422095643e-01
-7.327187897052254983e-02
4.584855143869169813e-01
-1.451551462858543973e+00
-5.050323285747394531e-01
-3.484740029689158969e-01
1.100597542535604489e+00
1.516846516619533292e-01
-4.458137807821724308e-01
-2.183810960008870095e-01
6.206683526231348003e-01
-5.915350099571222708e-01
-1.815456789772617707e+00
-5.264163591758613814e-01
8.875992731539990022e-01
9.615450071665893050e-01
-5.384508132990653007e-01
2.390035071731114069e+00
-2.071341699406286097e-01
1.212187509960067633e+00
1.571226580385227889e+00
8.525943861919860201e-01
5.425222040818628022e-01
-9.099753832538917120e-01
-8.847735863593307881e-01
-1.073943317733934144e+00
5.718339774926102237e-01
-9.091473541733858799e-01
9.054188803337115399e-01
7.838840410048095730e-01
-9.838191413194055102e-01
-1.460518470090304832e-01
-1.670520955347405190e+00
1.569750320492824258e+00
-3.278737861653435726e-01
-2.803831376015966104e-01
-8.304298357171454592e-01
-1.390278508931768742e-01
-2.132677448486250404e-01
7.011759975426594405e-02
-3.246982126261417911e-01
-4.656559934869324846e-01
-1.297042915828762633e+00
1.138609276536230119e+00
1.081994451593621287e+00
-8.231666980434367842e-01
-6.513414528955094873e-01
2.812971481718530509e+00
3.339598700135103515e-01
-1.337251148659712729e-02
-7.573207528849307257e-01
5.427912013206162012e-01
-1.288378491583865193e+00
4.151173302028334788e-01
-1.176692960755736816e+00
3.606863620410160065e-01
-8.655804251483046885e-01
2.031243461893627256e+00
4.702123521726243593e-01
3.914668636856546979e-01
3.327648546365313265e-01
3.558839260008988425e+00
1.507997046076820391e+00
1.189860560257723354e-01
-2.596196400913151070e-01
-1.137473825151613660e+00
8.919989324590006374e-01
2.699099210510568003e+00
-1.829416462055729886e-01
-7.499582459626359388e-01
-1.656643033263544007e-01
-1.705319295120279577e+00
-1.067367413925118358e+00
2.682447858536688434e-01
-6.976074273359264000e-01
-1.173360880779641624e+00
-6.119266622671105660e-01
1.041336850230384498e-01
4.771446974539361174e-01
3.230658208280322019e-01
4.061129171321518905e-02
-1.524579705426102771e+00
2.052701188025713164e-01
-3.626852489102001531e-01
-5.620709256281792854e-01
8.513218527491107912e-02
1.318216100201269780e+00
-3.354351514463068673e-01
-5.177157889952785919e-01
3.276226890326374153e-01
-4.189475310803275621e-01
4.245410105072047191e-01
2.220446762850875055e-01
3.247254174847206132e-01
6.081858380963355293e-01
7.146620658046370922e-01
2.899372071871880729e-01
2.710259909214549415e-02
7.574993721913214628e-01
5.631638794808333515e-01
-1.198035829115836823e-02
-4.910584887362718920e-01
4.568994495591486293e-01
-3.587787854405169452e-01
-2.358747802498135648e-01
8.233904450129887476e-01
3.050802310075540480e-01
2.407517837482119061e-01
-3.118291224937598249e-01
