2.959061392482824626e-01
9.712072724265470303e-01
-3.573134513583160476e-01
0.000000000000000000e+00
0.000000000000000000e+00
-2.726937947191006018e-01
-3.192831022272852870e-01
8.869630298614756825e-01
0.000000000000000000e+00
2.221868903940542594e-01
4.787271017397449757e-01
9.108151069476677630e-01
4.635079282585452543e-01
4.650905536775380433e-01
8.768578846595298515e-02
3.066862621678754230e-01
8.442136012068912621e-02
-8.279738997724470639e-01
4.030277847915713085e-01
3.415907716796973137e-01
-9.410264718004561768e-01
-2.524229845481993362e-01
5.263002265954179748e-01
-7.658682815299218127e-01
-2.839197492895344510e-01
0.000000000000000000e+00
-7.268267168754392049e-01
-1.384569905726442673e-01
0.000000000000000000e+00
0.000000000000000000e+00
-6.820709043599408883e-01
9.323558826893836304e-01
2.982441975458076655e-01
4.416458791360435843e-01
-4.656792713246900028e-01
-6.866174139585807801e-01
-2.672473696220487582e-01
7.853087730228389685e-01
7.402405689992419546e-01
9.532196376844255248e-01
-4.563061447424401340e-01
-9.035576332705557157e-01
-5.773486045034001979e-01
7.773293644884229359e-01
4.955426080182665505e-01
-8.442718941480475969e-01
2.415036593372010820e-02
6.928417411779410617e-01
-4.574387628581289000e-02
8.480800920831983447e-01
-6.037732444650896202e-01
-7.805173180207480854e-01
3.490729882249374860e-01
-7.277346193760103610e-01
5.561737191574467332e-01
5.183944698533331508e-01
7.304386076589215460e-01
-7.402961527486187077e-01
-5.104359707763845844e-01
-9.097232438787237196e-01
1.522813945174839034e-02
1.695980754155901327e-01
-4.178921975590861315e-01
6.612828168745379376e-01
4.007228358466825568e-01
8.710094275204594005e-02
7.464110111755137833e-01
-6.495781351356462174e-01
-7.308415385053177449e-01
-9.465799399433905137e-02
8.841747119842868763e-02
6.477149373610890937e-01
-4.849882783972945255e-01
-1.119250899870780636e-01
3.182042148879238308e-01
-7.677798329722902437e-01
-3.448599369398035464e-01
-3.655239966454058020e-01
-2.280347635519250904e-01
-3.345966493266878672e-01
-1.786911061733387207e-02
1.770733374852397901e-01
-5.223506802454542797e-01
-1.735472487109845918e-01
1.471193289307313190e-01
4.849663596190982862e-01
-1.498764995141639300e-01
3.955163231854430528e-01
3.599247949089525722e-01
9.731383697901299090e-01
2.278564459370480133e-01
7.541576120255051308e-01
-3.751576583940292586e-01
-1.400261431027547410e-01
7.923995654657518539e-01
7.066313395048697821e-01
1.823195444292766698e-01
-2.462945602140997892e-03
-1.457347452576196467e-02
-9.378360699371965925e-01
-3.465260292360694550e-01
2.186347634842094045e-01
-8.675324578785705842e-01
-4.316059838990022879e-01
3.907442761537178733e-01
-7.618829927440624594e-01
7.415390160515211715e-01
-5.255128623428577672e-01
2.234926088701061353e-02
2.301697098762516269e-01
4.184966610164297940e-01
2.614963038231690184e-01
-5.409738342104601916e-01
-2.879373398786255756e-02
-9.418412785149508082e-01
-5.847795987589492483e-01
-4.965938108281529040e-01
4.298541012020997698e-01
9.780027350418232235e-01
5.935080696488459484e-01
-4.852396092748834100e-01
6.486790250693874604e-01
-8.283364254957257256e-01
-6.253321577191561786e-01
2.759833551733050783e-01
2.103019693481624763e-01
5.108051770619215226e-02
-7.404881517043193639e-01
0.000000000000000000e+00
-1.603745403447101037e-01
-1.140244339878815349e-01
0.000000000000000000e+00
-5.453134494959439582e-01
-6.927326042679720075e-01
5.347752333700128702e-01
-5.239234338148619496e-01
2.695427820861640011e-01
0.000000000000000000e+00
0.000000000000000000e+00
6.147568522836406313e-01
-8.510718807168686784e-01
6.453783337949769994e-02
-6.669374297710655153e-01
-6.208835366994225335e-01
0.000000000000000000e+00
-2.733576847844454427e-02
0.000000000000000000e+00
-4.337419530270794077e-01
-3.797021586873048360e-01
0.000000000000000000e+00
4.053293860486404387e-01
7.691365107455683248e-01
4.477383640998557901e-01
-9.378474275332504551e-01
-7.062893617359109477e-01
-7.689865782588647392e-01
1.332440686581599643e-01
-3.853682215083815699e-01
-9.042033154870785516e-01
6.759982684978416145e-02
-4.509709010383784467e-01
6.112142167502514489e-01
-8.298694498398886399e-01
0.000000000000000000e+00
1.411663903503983519e-01
0.000000000000000000e+00
0.000000000000000000e+00
0.000000000000000000e+00
3.317419879319774001e-01
-6.671489080271242322e-02
-4.850294538518240550e-02
2.151230429572308367e-01
8.131899307793761800e-01
1.772654502141242094e-01
-6.313602743871029599e-01
8.707816168838755644e-02
-8.624041829185646879e-01
7.561169897986701471e-01
9.872591386517983736e-01
0.000000000000000000e+00
6.111432360489561511e-01
0.000000000000000000e+00
-3.041809358680791497e-02
-4.818879603369004005e-01
-1.213977320294759021e-01
-7.515183590219556287e-01
0.000000000000000000e+00
-2.456902212085954051e-01
2.878706133876904882e-01
4.366777253990254959e-01
-2.040632769890333709e-01
-6.678223615892027176e-01
9.351264491224051678e-01
4.188592266567230382e-01
-1.679832136977090773e-01
5.224088179372692320e-01
9.494009821270739113e-01
-3.574488977410075208e-01
9.483993349119754779e-01
0.000000000000000000e+00
-9.020820100609843184e-01
9.514142832692695784e-02
0.000000000000000000e+00
8.036945598995033357e-01
-7.555009738647544548e-01
-5.921623319654183426e-01
-6.311458088898513896e-01
-2.956843139137597110e-01
-7.965546865915478225e-01
-7.353567933125801925e-01
-3.872001557647906100e-01
1.830902608786966201e-01
6.934413676359674206e-01
3.087595825313111941e-01
2.723942910099768078e-01
9.695591136491414908e-01
-5.601700058952723271e-01
7.914376211107294612e-01
2.011579039579622918e-01
-2.832199184750825438e-01
5.228755310510824206e-01
0.000000000000000000e+00
-7.714821974220069656e-01
6.347353630578871364e-01
8.118307704964446980e-01
-7.432273206660995335e-01
0.000000000000000000e+00
9.168010101412396029e-01
-1.942601735541815700e-02
-6.018652122820362660e-01
-9.837813418602969762e-01
-1.226878613073096869e-01
8.521230505026022861e-02
-7.354691729575653092e-01
0.000000000000000000e+00
0.000000000000000000e+00
8.921296909225187033e-01
-9.894735507832110866e-01
0.000000000000000000e+00
1.263557175028051649e-01
-8.936650618513735100e-01
-3.973311966258457062e-01
3.850576384527635287e-01
-4.649051097142651301e-01
8.470916481326256076e-01
4.450587136715775660e-01
-5.167162220478385137e-01
3.496138823075063407e-01
-5.138579803118683564e-01
9.221061657278619705e-01
-8.012898006849158428e-01
0.000000000000000000e+00
1.571849253221018206e-01
-2.024507841870404334e-02
2.021817836893347042e-02
7.967573418338878000e-01
0.000000000000000000e+00
-6.131013884761360444e-01
4.159630364537516556e-01
0.000000000000000000e+00
-9.917352338746736606e-01
-3.152428234902764359e-01
-4.904915080075129552e-01
0.000000000000000000e+00
-6.248524280425762356e-01
