4.389060565985225537e-02
2.089492538607489180e-01
-9.505591808488953465e-01
9.620028860037233009e-01
0.000000000000000000e+00
0.000000000000000000e+00
7.380684737950260477e-02
-8.547527172395277262e-01
-4.643522695240553944e-01
2.978982090882136280e-01
-1.994439580455396044e-01
-3.861906558042449422e-01
0.000000000000000000e+00
6.260729062429499781e-01
0.000000000000000000e+00
-7.925013090564962948e-01
7.174662725519942441e-01
0.000000000000000000e+00
-1.343711275660184334e-01
-6.615084806449269550e-01
2.045777734160989514e-01
2.434347461324117834e-01
-7.898390747495416253e-01
6.779335908342678518e-01
-4.539262175776581643e-01
3.825356138391466931e-01
9.428800787236213399e-01
-3.185752292030181732e-01
-3.819637691279025304e-01
-3.057979634456997609e-02
0.000000000000000000e+00
-8.243323438152738714e-01
-3.202917910335514318e-01
0.000000000000000000e+00
0.000000000000000000e+00
-9.836617004086378735e-02
5.427816471985860147e-01
-4.217923240473364643e-01
1.775787819458156669e-01
-8.914237222769818558e-01
7.664958110849302564e-01
3.527420674347483409e-01
-6.168628662607320567e-01
2.512287535657455884e-01
0.000000000000000000e+00
-9.617359709794746081e-01
0.000000000000000000e+00
0.000000000000000000e+00
-4.265576302050915203e-01
2.728131325847711341e-01
0.000000000000000000e+00
0.000000000000000000e+00
-5.168167141772725959e-01
-1.916833813870100212e-01
6.832045064268144063e-01
1.885280725554983050e-02
5.844540821435431077e-01
0.000000000000000000e+00
1.036028732379894457e-01
0.000000000000000000e+00
6.154843603730040247e-01
3.252406077807010742e-01
3.909054972556844643e-01
2.469933829058996722e-01
3.958695420325655245e-01
3.316054166063184816e-01
-3.636869438512957409e-02
-6.469921950765922247e-02
0.000000000000000000e+00
-8.749021624272499409e-01
-6.518832011874085008e-01
0.000000000000000000e+00
-3.958722925934448078e-01
0.000000000000000000e+00
-6.219105592464717613e-01
0.000000000000000000e+00
-9.853139862250404057e-01
2.976482822947801310e-02
0.000000000000000000e+00
9.321532856189735927e-01
8.075011543723584762e-01
7.702689871545540523e-01
1.057220253581268032e-01
0.000000000000000000e+00
7.503502250910873972e-01
-4.826300377711691958e-01
-1.524012880391709679e-01
-1.014389654285459130e-01
-3.262756424828274771e-01
3.659788625152007313e-01
-1.815679013388304952e-01
6.816074350819159022e-01
0.000000000000000000e+00
-1.083286588998566558e-02
0.000000000000000000e+00
-2.765999101118381542e-01
-4.366767627623604486e-01
8.428454910249572052e-03
-6.581409733668739381e-01
0.000000000000000000e+00
0.000000000000000000e+00
9.230117518624680883e-03
-3.798579015141512194e-01
-6.063672254774092885e-01
9.936882671954920809e-01
-4.077572602913321909e-01
9.558176640713220706e-01
-5.048678505926380566e-01
-3.093801492237042705e-01
8.706037672904587410e-01
-1.307039134691085902e-01
2.882798684046272708e-01
5.654137372835856823e-01
7.044610326062759054e-01
8.073720184559540769e-03
0.000000000000000000e+00
-1.879818682853742207e-01
9.916019665832322971e-01
-2.437655996599514818e-01
0.000000000000000000e+00
-5.963220702935689843e-01
6.857537773077664323e-01
7.310289596574213178e-01
0.000000000000000000e+00
8.644115919948005544e-01
-1.228446254526061043e-01
5.112775271014362577e-01
0.000000000000000000e+00
0.000000000000000000e+00
4.219504222154384365e-01
8.405834139784422732e-01
0.000000000000000000e+00
-7.040379894338202327e-01
-8.509375400678895751e-01
-1.447549683141653443e-01
-3.875926080557656750e-01
-3.907184309138753697e-01
-9.476262084716984280e-01
5.564590366782602437e-01
-9.091631336687524545e-01
-6.482000436637220808e-01
-7.295706980327223423e-01
-5.656688467716537438e-01
4.527355607313507946e-01
0.000000000000000000e+00
6.825176661424889879e-01
-8.509244300993066279e-01
-2.418247813054534845e-01
7.869338143947619546e-01
8.663434511148704331e-02
6.099654703573986758e-01
0.000000000000000000e+00
0.000000000000000000e+00
1.554766339118576202e-01
0.000000000000000000e+00
1.414916592280095475e-01
-7.953807389632312486e-01
2.838168219383176982e-01
-9.295636398794286936e-01
3.744044640710550986e-01
-8.702118753400964746e-01
0.000000000000000000e+00
-9.183262617096756841e-01
2.212129361048420506e-02
0.000000000000000000e+00
-7.809539102307698766e-01
0.000000000000000000e+00
8.938760886856145227e-02
-4.573060878389201278e-02
1.790132339217387347e-01
-1.353219499700570871e-01
-9.566562832907927749e-01
2.225996480358902740e-01
4.062734872300000077e-01
3.469214826797475393e-01
-5.138525720547362230e-01
6.018765624371078538e-01
0.000000000000000000e+00
-9.749705325314730331e-01
-4.044783843936161638e-01
9.652139156674968135e-01
-4.057746456011552816e-01
8.288841620134252963e-01
1.972067912021828739e-01
0.000000000000000000e+00
2.560690317991594078e-01
0.000000000000000000e+00
0.000000000000000000e+00
-5.416856143833992387e-01
-1.294618465315322542e-01
-1.127597261727630862e-01
3.466716179695830125e-01
1.493761915469058454e-01
0.000000000000000000e+00
0.000000000000000000e+00
0.000000000000000000e+00
-7.565677624986897332e-01
5.252956374400419293e-01
-4.956598118938970732e-01
-3.925529215610712441e-01
0.000000000000000000e+00
2.150548120123367823e-01
-9.678134853487196931e-01
0.000000000000000000e+00
4.122314948405907398e-01
-7.713529583396310230e-01
8.286427016911417365e-01
0.000000000000000000e+00
-5.532067326228373716e-02
-6.357923619457286346e-01
9.932420018250818217e-01
4.863815181691908407e-01
-1.186710365033554204e-01
6.670918229067739347e-01
-8.748964335324318498e-01
0.000000000000000000e+00
0.000000000000000000e+00
3.204110100987391796e-01
3.688339070379438311e-01
1.553751592555812078e-01
-4.838259167767520186e-01
6.181538546544116386e-01
0.000000000000000000e+00
0.000000000000000000e+00
-9.702881834639749403e-01
2.398775238649841768e-03
3.142407342339852416e-01
0.000000000000000000e+00
5.707755122019733118e-01
-3.056671620775071041e-01
0.000000000000000000e+00
3.378964231972267918e-01
-9.152586060589118500e-01
6.465631284304722559e-01
0.000000000000000000e+00
-7.411531539471827301e-01
-1.064462197037305824e-01
5.928752648263491132e-02
1.942058588086070792e-01
0.000000000000000000e+00
-5.271855169928556517e-01
-7.108542501829935301e-01
6.293192039398758375e-01
-7.558348071497540399e-01
1.958501085438202338e-02
-1.677595419437887259e-01
3.896164686664853605e-01
-3.695641551184127849e-01
3.033383826145885642e-01
7.166923925284125474e-01
-4.119245117956100710e-01
7.015461395692903501e-01
2.104426506354173387e-01
-3.893592622834616268e-01
5.742128395579659816e-02
9.283597080972303406e-01
0.000000000000000000e+00
-8.139005360330520134e-01
-6.198265702265544075e-01
6.739390366815984912e-01
0.000000000000000000e+00
7.003286219290520975e-01
-5.101934512076247152e-01
-4.228750811793760001e-01
-5.281084561305042779e-01
