4.802098838720689766e-01
-3.864531943204285724e-02
2.613502214244234345e-02
0.000000000000000000e+00
-6.958691922575934719e-01
-8.450702630017412620e-01
6.309503631601258711e-01
0.000000000000000000e+00
-2.981331835612690551e-01
1.027443055163113073e-02
0.000000000000000000e+00
-4.402315555175024819e-01
9.544163284304771899e-01
-1.318356255386632370e-01
-4.571663625092470262e-01
2.241646005231816563e-01
0.000000000000000000e+00
-9.443682073954768885e-01
6.115010992490801378e-01
2.699455129418508736e-01
-2.801611310150491363e-01
-2.603214493915220196e-01
0.000000000000000000e+00
-5.654992719378435506e-01
0.000000000000000000e+00
-7.130621357544073557e-01
0.000000000000000000e+00
3.368755898892672462e-01
7.706806730125776994e-01
4.409248733632951112e-01
-4.100478520621595457e-01
2.809366911772754882e-01
9.261564422270494035e-01
-2.425632066268201825e-01
-9.023447370743427065e-01
-2.407093079631015264e-01
-7.036555797543377899e-01
-6.080194810887051826e-01
7.177216030322259854e-01
-8.978935545340738233e-01
3.305136944766857710e-01
-2.373123848754343790e-02
-2.252727749847460714e-01
-1.979162309627513494e-01
8.982741814535528668e-01
3.209096338587511532e-01
2.491236639804839115e-02
-6.414504852754974173e-01
2.516194893875873806e-01
3.997994509425795151e-02
1.340420310345478150e-01
-5.888706213358749775e-01
-2.431326847431185545e-01
1.757169435752354847e-01
1.775451598513233531e-01
7.272298045092417951e-02
5.923066911101628751e-01
-8.456463571666770207e-01
0.000000000000000000e+00
0.000000000000000000e+00
3.933928021664050423e-01
-4.380459878091114145e-01
7.239556649025788992e-01
-4.846036078124487112e-01
8.152563213833696754e-01
3.545971157496610182e-01
0.000000000000000000e+00
1.494637249261687728e-02
8.727122108579346005e-01
-3.212228693489278530e-01
6.834329698382515250e-01
-1.557967164134854698e-01
-7.423585814153061957e-01
0.000000000000000000e+00
0.000000000000000000e+00
0.000000000000000000e+00
-8.210357089237623196e-01
5.793464927759472971e-01
-4.177866493120663272e-01
-3.246514267582281121e-01
-8.944467258676502830e-02
-7.481682628246655309e-01
-5.088668369413662518e-01
1.484200081991182696e-01
0.000000000000000000e+00
8.686960667676226766e-01
-4.538453250718117449e-01
-5.872126363081786593e-02
-9.658062111337055722e-01
-3.034743280148346489e-01
7.730153049800614351e-01
9.067041020054609213e-01
0.000000000000000000e+00
-9.859577991351282655e-01
5.996999078375810921e-01
-6.113808671613292223e-01
-3.569176908624860367e-01
1.556428918590337940e-01
-7.135840986872921121e-03
-2.624499542294698173e-01
7.095950299034117226e-01
2.808298221718621424e-01
-3.534980558267530881e-01
3.642305368445588609e-01
-4.978460565839244456e-01
0.000000000000000000e+00
0.000000000000000000e+00
-7.700962707350322844e-02
8.397528290525284600e-01
4.362674199330029978e-01
-1.888328897648074989e-01
7.176255300203606691e-01
-5.978398198424983434e-02
0.000000000000000000e+00
-7.273157584772296236e-01
7.513936932253675316e-01
0.000000000000000000e+00
6.390580290964276156e-01
0.000000000000000000e+00
0.000000000000000000e+00
9.853547225860530556e-01
9.029788327912937618e-01
9.737297573890142388e-01
0.000000000000000000e+00
9.410128888635100886e-01
0.000000000000000000e+00
-3.625834221458135165e-01
6.350701471655255670e-01
0.000000000000000000e+00
0.000000000000000000e+00
-1.666045140989371731e-01
1.686870889375255977e-01
0.000000000000000000e+00
-7.304182435407942098e-01
-1.798687191068952806e-01
-4.558362302717176018e-01
9.013231494885807216e-01
-2.804367655656692104e-01
7.101174141802912843e-01
8.125675238779754839e-01
-5.977661079176879166e-01
0.000000000000000000e+00
-9.725232793564559941e-01
0.000000000000000000e+00
-4.478858918212527129e-01
-9.227275303933162309e-01
-1.045361748066642171e-01
-7.310743603941571855e-02
-5.132365685817397161e-01
0.000000000000000000e+00
-9.471791122727493129e-01
1.878383965401726474e-01
-7.593163332713179781e-01
-8.194426681839745985e-01
1.719145818022318473e-01
-5.121560480712925578e-01
6.858818972084201882e-01
-3.091083706237760520e-01
2.595879568857759612e-01
7.110208753635978152e-01
0.000000000000000000e+00
-1.820786218564469650e-01
0.000000000000000000e+00
0.000000000000000000e+00
0.000000000000000000e+00
1.433616479237491692e-01
8.788251522890364598e-01
5.422163969434747877e-01
5.694991162761475767e-01
9.766756475747131461e-01
0.000000000000000000e+00
0.000000000000000000e+00
9.337244422062580540e-01
-4.227480872738631490e-02
6.226071760544953371e-01
4.837639430474882651e-01
0.000000000000000000e+00
5.238516137025495123e-01
9.068569674244364442e-01
0.000000000000000000e+00
2.488165466722664920e-01
-7.308084216624899376e-02
7.929423772128914027e-01
0.000000000000000000e+00
1.614893118692641849e-01
2.053610860071630739e-01
0.000000000000000000e+00
-2.802610235495597291e-01
5.241448992680373120e-01
-4.820572800911790967e-01
-5.207678894927900703e-01
6.607320796179783073e-02
2.263256505958521902e-01
-5.795464444512656854e-01
7.174968631219860171e-01
9.480970503967096619e-01
3.458940627532802736e-01
9.099033390276149991e-01
6.372797085579924303e-01
0.000000000000000000e+00
8.730910033430501205e-01
2.443044512646208588e-01
9.915379921746259040e-01
0.000000000000000000e+00
-4.649190804940437349e-01
1.918834587120057389e-01
-3.526202898701384925e-01
-5.366455073066171977e-01
5.170317119331182543e-01
7.067400315760945517e-01
0.000000000000000000e+00
-5.534524619817318136e-01
-3.962596615332121264e-01
6.926087612287861184e-01
-6.865022021065145807e-01
0.000000000000000000e+00
0.000000000000000000e+00
4.796731573493679956e-01
5.878689185088077362e-01
8.184853254853290405e-01
-1.131810293970649806e-01
7.341467285246587871e-01
0.000000000000000000e+00
7.342000235237995387e-01
-1.603574528460893767e-02
5.563892875807625593e-01
9.664596562676168734e-01
7.200353866547317683e-01
-2.449293512032650888e-01
0.000000000000000000e+00
-6.549359093376347918e-01
0.000000000000000000e+00
0.000000000000000000e+00
-5.975993244230393131e-02
-1.238372607884565824e-01
-4.793488759103028407e-01
6.325854672293855785e-01
1.296272179769661914e-01
-3.004780966283426835e-01
-6.811494629233540987e-01
3.014621141389937087e-01
9.879485256751787681e-01
-9.997970471786787883e-01
0.000000000000000000e+00
2.020467275779782579e-01
-7.824383076296548278e-01
1.692090632913627601e-01
6.650646225333984862e-01
9.738709554697162485e-01
-1.292363057169556573e-01
-8.512664762043598010e-02
-2.711957658141637140e-01
1.852897422272501426e-01
0.000000000000000000e+00
-9.605452616248051356e-01
-4.000658486743418063e-01
-1.161124249761491534e-02
-6.895796262668016929e-01
-5.092873288474877302e-01
-5.791970629488067956e-01
3.481363596600726140e-01
-8.213911103491580157e-01
-9.325930577385193043e-01
6.284310305140936581e-01
7.167622854372746044e-01
