0.000000000000000000e+00
3.407778606960016887e-01
-3.329122900013630204e-01
0.000000000000000000e+00
-5.493819904907377705e-01
-5.794873312688637590e-01
8.726971719814666795e-01
7.936777112034072434e-01
9.677471589726234225e-01
0.000000000000000000e+00
0.000000000000000000e+00
2.987428967214136311e-01
-2.915468155726295141e-01
1.150968922942816608e-01
-8.872923302770108211e-01
0.000000000000000000e+00
0.000000000000000000e+00
0.000000000000000000e+00
8.513908034054540330e-02
0.000000000000000000e+00
5.930704851591757087e-01
9.130523273957913410e-01
0.000000000000000000e+00
1.000000000000000000e+00
-6.414637030685164110e-01
7.672739159119035257e-02
8.803663720935099857e-01
0.000000000000000000e+00
0.000000000000000000e+00
5.818527979570233821e-01
8.603341473965626651e-01
-5.082357838449065301e-01
-3.461915199923122355e-01
0.000000000000000000e+00
0.000000000000000000e+00
5.226722891590407372e-01
5.845707150319376932e-01
0.000000000000000000e+00
7.579485652073012503e-01
2.307851589393639102e-02
1.892796231297297904e-01
1.461376998713637132e-01
-1.841297755977817641e-01
9.939534973842689691e-01
0.000000000000000000e+00
5.609264655172609970e-01
1.182419744371583370e-01
0.000000000000000000e+00
7.558233333655868247e-01
5.760896188947652874e-01
9.866500925139245481e-01
0.000000000000000000e+00
-8.289987251710997374e-01
-3.311600374674250613e-01
-9.184566886818357201e-01
-3.044016811229039998e-01
2.474078409044651039e-01
-8.729624075865187738e-01
-1.704143237851383219e-01
5.292308159369618625e-01
5.871773315096604495e-01
-7.453234293745869543e-01
0.000000000000000000e+00
2.811205006892365521e-01
2.494187132885861136e-01
0.000000000000000000e+00
3.686536323096958334e-01
0.000000000000000000e+00
-1.824137767534017573e-01
-6.031295222494037489e-02
-3.044855111627509103e-01
6.372491760453022902e-01
-4.738550915076067405e-01
-8.668682606277133829e-02
-4.313556019419857446e-01
3.030151878920979147e-01
8.663371745443728678e-01
0.000000000000000000e+00
0.000000000000000000e+00
8.037407013654400689e-01
0.000000000000000000e+00
0.000000000000000000e+00
-4.689714103444566629e-01
0.000000000000000000e+00
-6.467594716381985798e-02
0.000000000000000000e+00
-1.925751940060602685e-01
2.367839563489955168e-01
9.664874902186588734e-01
4.120101308483561375e-01
0.000000000000000000e+00
7.008983886255357731e-01
0.000000000000000000e+00
-2.298825531151404977e-01
-1.154286183405317523e-01
4.229006679582902883e-01
4.311006881587924333e-01
4.911742636022258246e-01
-1.597641660437318922e-01
2.274270720736799589e-01
9.531092593520411604e-01
-6.909602891911379441e-01
-1.813292995234421223e-01
6.667894849829754111e-01
-5.664213309630494741e-02
6.677889321811347756e-03
0.000000000000000000e+00
-5.489974451317169990e-01
9.971878604562400827e-01
3.249677780002437899e-01
-9.676782488667168280e-01
-4.080576080954794183e-01
8.176680581798732028e-01
0.000000000000000000e+00
9.535139102070089301e-01
-9.124750564905586003e-01
-7.213362077255658367e-01
1.685613333109241552e-01
-3.336155538284535371e-01
-8.180220852509230145e-01
5.855383462407355299e-01
-8.399032498154410664e-01
-4.326962165525960469e-01
4.175697967944969058e-01
-3.800057146163959843e-02
-2.835375807183804220e-02
-8.775571870317599998e-01
6.231524523811748928e-02
-9.242569560148228280e-01
5.392967868651645791e-01
7.900943223079366362e-01
0.000000000000000000e+00
0.000000000000000000e+00
0.000000000000000000e+00
9.921778256551359032e-01
0.000000000000000000e+00
-4.534743619155852112e-01
2.591409600738459051e-01
-7.494999449342856224e-01
2.520849851739488390e-01
0.000000000000000000e+00
-9.350213135065419401e-01
-8.064205583595869253e-01
3.415823047244284094e-01
2.314887543087635891e-01
0.000000000000000000e+00
0.000000000000000000e+00
0.000000000000000000e+00
-1.823318437059979757e-01
-2.115227665218653019e-01
0.000000000000000000e+00
-2.288999727126452832e-01
1.561517629429667320e-01
3.677324781332651504e-01
9.234412013342871983e-01
-2.939343565133971659e-01
0.000000000000000000e+00
-7.215044119205815676e-03
-9.286358570444159799e-01
9.673208951893610408e-01
0.000000000000000000e+00
-2.443509386979427767e-01
-7.400349621140573930e-01
-4.068375382339952662e-01
9.454807771842990149e-01
9.528497244526685783e-01
-8.960027887642396660e-01
3.499242029903639750e-01
-5.282088528499069291e-01
-7.746500804115190597e-01
2.125147002854093081e-01
0.000000000000000000e+00
5.903599654933981977e-01
0.000000000000000000e+00
-9.187392584589502142e-01
7.072139902996950056e-01
-4.752535885573634378e-01
-6.863983257520904768e-01
3.839965876762683195e-01
-8.743072001905272117e-03
-8.576928405232326913e-01
-5.175539712621903821e-01
-8.906008733916535025e-01
0.000000000000000000e+00
8.603797690709660273e-01
0.000000000000000000e+00
9.855367533818286674e-01
-2.332057608836617391e-01
-5.123540066328722276e-01
4.529243246323708671e-01
7.950936045657934770e-01
0.000000000000000000e+00
0.000000000000000000e+00
-9.410324426277332233e-01
0.000000000000000000e+00
8.654345896309889596e-01
-7.694735084043367035e-01
-1.090255662654133761e-01
-4.433178299377904530e-01
-1.749094714638916859e-01
0.000000000000000000e+00
8.763507083699941802e-01
0.000000000000000000e+00
5.803595557528022919e-01
-3.943354507240359741e-01
5.599817649963814148e-01
0.000000000000000000e+00
6.629804724828705087e-01
-1.941219533286167032e-01
0.000000000000000000e+00
-2.074546659034721685e-01
-9.409024710050988283e-01
-7.434581475502919368e-01
5.387966833273953871e-01
0.000000000000000000e+00
0.000000000000000000e+00
-5.976812604613765956e-01
2.786790935384406698e-01
0.000000000000000000e+00
-7.444762987881681227e-01
-4.731995610971027055e-01
-6.869506443064841150e-01
-3.989907611506526841e-01
-1.419229483738981834e-01
5.780593816128885010e-01
0.000000000000000000e+00
0.000000000000000000e+00
5.033773074689953386e-01
7.673926335095448970e-01
3.576462413713070720e-01
-5.681885847198124839e-01
0.000000000000000000e+00
0.000000000000000000e+00
0.000000000000000000e+00
2.132307987037953545e-01
-1.723270026017553747e-01
0.000000000000000000e+00
1.342620041757804916e-01
8.824943953060491175e-01
-1.548213164700775746e-01
-4.003520385162260276e-01
0.000000000000000000e+00
9.165072289709692566e-01
8.907114007622580765e-01
-4.300303151514690558e-01
0.000000000000000000e+00
6.041952964674635052e-01
0.000000000000000000e+00
3.130710135334819899e-01
0.000000000000000000e+00
-7.365824226564141597e-01
-2.906576360695531935e-01
-3.333487009961870751e-01
-4.907170393909212613e-01
9.703934146296142593e-01
-7.479334705609805845e-01
-4.656940869325167931e-01
7.694470900654275525e-01
-1.803010587874478432e-01
-2.085928479236376365e-01
0.000000000000000000e+00
0.000000000000000000e+00
3.824625219800066311e-01
-3.777533648549937784e-01
-5.801013339068548103e-01
