1.997506842076144373e-01
-7.787570841986557468e-01
-2.844448852352505774e-01
-8.551160642046000682e-01
8.006264585602567152e-01
8.330026289622427527e-04
-7.788725169685011274e-01
-2.205886229321558645e-01
-5.949949399022871344e-01
-7.679729975381830442e-01
8.900110820003848122e-01
8.997030382231456791e-01
3.839656310210548540e-03
-3.326223739249056788e-01
-5.713994077506612257e-03
2.682926924134809710e-02
2.713336261516514636e-01
-3.002099528699893050e-01
2.552140899404669039e-01
6.397958853260024004e-01
9.382308144971680530e-01
4.696703109833286760e-01
2.993560997246644817e-01
-5.642308711671697452e-01
6.970206846660598199e-01
5.211603343779300790e-01
-7.941355832619980681e-01
-6.105802940348734609e-01
7.421099000975783788e-02
1.887044523476548719e-01
-3.299783720555611310e-01
7.587530674345688286e-01
2.212562159351971758e-01
-5.765631859978783691e-01
7.559579007487782221e-02
-3.563797216677127011e-01
4.467515039037970315e-01
-4.727892979216041791e-01
6.771491729108276569e-01
-7.023008717265948331e-01
4.826577409723875611e-02
3.984354258846301011e-01
3.424743149344633419e-01
6.176887505473867002e-01
-1.500358140048603239e-01
-1.862900405859007069e-01
-6.879197119366904367e-01
-4.564326703064152113e-01
3.695098216815513315e-01
-8.365191926569557346e-01
-3.295762522264333860e-01
7.540360763350988371e-01
-2.249399966786185256e-01
6.520011826263973909e-01
1.542794530503819317e-01
-6.936171224322418283e-01
-5.403654823245582772e-01
-2.316959757807568465e-01
4.792947597105783331e-01
9.428546917529827542e-01
7.207102498045012684e-01
-3.490778208625442414e-01
-4.739222636096052099e-02
2.413945136631538979e-01
8.558453670380345990e-01
8.261385862079633213e-01
9.468587915994746140e-01
6.048157077439844098e-01
-8.231712861486828459e-02
-5.762195373763585593e-01
-7.850284908759885827e-01
-5.102775396904790650e-01
1.160599074634127703e-02
5.458493637263850395e-02
-2.446719744550180931e-01
9.720524458163688486e-01
-5.140041339505736495e-01
3.542591649257968989e-01
-7.223443822260096070e-01
-3.521026290544138071e-02
-2.175857699990533245e-01
-7.024453128753040954e-01
9.208760871614256605e-01
-7.505970149077434428e-02
2.677039399716305557e-01
9.507408037091953368e-01
9.318051728845777593e-01
5.591483624676967246e-01
8.810160386482794870e-01
-2.275877912350554588e-01
7.273576609698002571e-01
5.586202540465174948e-01
-3.015329304761629192e-01
6.564940455257572971e-02
3.747812395890703918e-01
9.313810788052041545e-01
9.323363505146065044e-02
-4.171624727976697145e-01
-9.724140921666735160e-02
3.798056216890803860e-01
5.853930093909487375e-02
9.964689532832069485e-01
-3.099084219638617022e-01
6.127680883952417723e-01
8.660763581696717672e-02
-2.063560157259842764e-01
2.077021992360348346e-01
6.092958863041360029e-01
-8.344494235157036144e-01
-2.964368675523363361e-01
-9.502258043720950287e-01
-8.635032634641226501e-01
-5.547198962981170212e-01
-8.974540995369397756e-01
-4.913070965363888210e-01
2.119734732542766231e-02
7.152104098618681238e-01
-4.329023800123927845e-01
-9.655987872357205681e-01
4.281669424517957623e-01
6.761781843469929498e-01
-1.836038937578572394e-01
-9.193671532743845631e-01
6.884008810537771694e-01
6.369329682228186407e-01
8.253868469159653110e-02
4.331764251379135455e-01
-3.134128142895131752e-01
-4.767871106071268628e-01
-4.148323636403072889e-01
-1.171523061315888903e-01
9.981686618824745505e-01
7.705093399105167329e-01
3.772776610067025693e-01
2.103498195459230224e-02
5.386050810173119707e-01
-2.459371643265666485e-01
6.351616071454415646e-01
1.702389238582142639e-01
-2.038208830592658227e-01
4.268962787770804734e-01
5.774115772558818804e-02
7.291302206748213610e-01
-8.935684926903761927e-01
6.792005524302859865e-01
-2.897071131605257754e-01
4.822955004248650202e-01
-3.255005924089851010e-01
-3.159634137794300468e-01
-9.913488375589327717e-01
-3.997810960594407881e-01
7.060445396780559157e-01
4.606333886549995871e-01
-7.115143325691064558e-01
-7.640984066177018974e-01
-4.500219750464462543e-02
-5.289081260115873206e-01
7.005194983437976752e-01
3.004120986314935404e-01
-3.155386359678682417e-01
-5.187768864139503666e-01
-1.888894525816036118e-01
7.222513397589438444e-01
-2.786783958816263507e-03
-8.338814990085758883e-01
6.745956332483793449e-01
3.916448211845184879e-01
-1.125011400164024344e-01
2.685117107846850537e-01
1.655315714778156089e-01
2.872887303710587314e-01
9.876175670155262765e-02
-2.829273227614785835e-01
-8.716154291604065740e-01
-7.016876887051941569e-01
6.976718137969917244e-02
-3.928078355766784213e-02
7.865617435603442509e-01
-9.725641598386500775e-01
6.179429435381627034e-01
9.420444348739112073e-01
-9.354810813909186784e-02
-7.861448199238147971e-01
-1.933707997696667569e-01
3.152973124699720575e-01
1.702206206511864828e-01
-1.967622448205430530e-02
6.249628191352845086e-01
6.782993484139177021e-02
-6.214277205165823492e-01
4.166636778828585186e-01
7.310068041912951564e-01
7.597191388909887433e-01
2.047476857519661131e-01
-9.977308827927762191e-01
-4.893715023591496127e-01
4.868163286166138359e-01
-1.224553944327388955e-02
6.869396849185616105e-02
-2.171713610886265577e-01
-6.529977337705044071e-01
8.726675189119159626e-02
-1.898527546836648039e-01
8.320887827909497769e-01
-8.415884320374780181e-01
-4.421728214642202115e-01
1.520549528380088500e-01
4.889705266717989662e-01
5.376112043252854189e-01
8.182160804684310840e-01
-9.954633577182614435e-01
-6.720394919064420769e-01
-1.710769257124042930e-01
9.764510615836694551e-01
-8.036568734336133613e-01
-8.683404514168768795e-01
9.773479908144251382e-01
9.023949767264969335e-01
1.759302165980414223e-02
9.314640964402984835e-01
-6.058552453772030333e-01
-4.076955285068395440e-01
5.405249157559379736e-01
-9.982121363581393236e-01
1.015172804657957784e-01
-8.243064353961442325e-01
1.198443537116624658e-01
3.963757983509059724e-01
3.247896996781651779e-02
7.286046556393532825e-01
-8.372523389012662687e-01
6.349447478275582757e-01
2.687156515496784692e-01
5.549269984433968794e-02
-7.757819937312449010e-01
3.040367352256123645e-01
-8.712930037950226136e-01
-2.790480575734317625e-01
7.692182380588947765e-01
-6.856237670920621863e-01
-8.943032855509145396e-01
-1.454171219479083454e-01
-3.866642183039434855e-01
1.481743479650894368e-01
5.534519908989132819e-01
-5.471160012779001658e-01
6.182390549458869344e-01
-1.010660262569909040e-01
6.667412332032365274e-01
9.656486006974525083e-01
1.991059114320070655e-01
9.684507029507043452e-01
-2.565498879869021476e-01
6.731341238341328470e-01
7.378521194778808745e-01
-4.050092264001603493e-01
5.138451250066080611e-01
8.039689522757951234e-01
-2.406461528762027235e-01
-2.320798548979836617e-01
5.622890841483996205e-01
-2.377603556986307431e-02
9.460027213105901556e-01
-3.325879553584232262e-01
-3.412096134067650333e-01
