-7.428528971579234641e-01
-7.502179437558773589e-01
2.342003758272699354e-01
-9.374423437321510733e-01
-2.350094576244743938e-01
-1.628542227044670887e-01
-4.479962049286348100e-03
2.124062306725575666e-02
-6.753478671723427418e-01
-3.831084231158300712e-02
7.944373534813911064e-01
-3.086180445319449128e-01
2.824515145707788832e-01
-9.987358362003946333e-01
2.871133661279710592e-01
5.145628656586926919e-01
-4.111000755147635466e-02
-1.000000000000000000e+00
8.994633618630922811e-01
5.701104199352688418e-02
8.955479093858889073e-01
1.000000000000000000e+00
-1.993363308078325569e-01
3.237597560653618922e-01
2.875459457889051329e-01
8.292820737550963273e-01
3.730016447438077587e-01
-4.773066841033457575e-01
2.204914124421593069e-01
-2.577478087322712108e-01
5.333694124313402840e-01
1.953598334713478046e-01
7.806794245151791323e-01
-1.395732975245646823e-01
-1.000000000000000000e+00
-4.350825047883096763e-01
-1.851821954339616036e-02
2.829239861505871700e-01
1.000000000000000000e+00
-7.119550805186998510e-02
-6.062041348576179267e-01
-2.906757718621359732e-03
-2.522051680609486146e-01
-3.561778229958439956e-01
-5.612613470767032764e-01
4.398462824728857079e-01
3.863211377051855577e-01
-4.686089556468704953e-01
7.384006580140003440e-01
-8.635817458438161953e-01
-1.261319554445164692e-01
3.025497772008108877e-01
-1.857328032473452295e-01
5.840057615903412325e-01
-7.930420520484892100e-01
2.652651318916862677e-01
7.404712718783648673e-02
-3.524494654884207517e-02
2.242134942911063189e-01
-2.506719753088708647e-01
-6.499945433260596872e-02
-3.516139998234054653e-01
-4.200273218947896403e-01
5.590399989727514729e-01
7.139663373765930965e-01
4.604345249025470488e-01
9.049393178580692476e-01
-3.029421438798882704e-01
9.998351155811735502e-01
-5.602745013563812382e-01
3.882827163406327164e-02
7.220840842853427644e-01
1.783163863392812215e-02
-9.345296348734608571e-01
-3.992695823577471215e-01
-4.586122604970010452e-01
-4.639715981575350673e-02
4.243906078134428439e-01
3.664979368581896546e-01
-1.000000000000000000e+00
-2.453512852911869657e-02
-5.271321153820606176e-01
1.714747788426945196e-01
-1.000000000000000000e+00
-6.115949748235839367e-01
6.045139471924282359e-02
2.871489118389465300e-01
1.064927097929843081e-01
-9.779320621508877931e-01
9.270951647297407394e-01
9.045891845836971645e-02
-5.747492127388326155e-01
5.936869014911062559e-01
-8.826350829477475068e-02
-1.627036653435707803e-01
2.529962891185575866e-02
1.388551054200627966e-01
6.876383231678214747e-01
-1.956822256342428679e-01
6.190274111514993960e-01
4.655633052410756423e-01
7.160447036326397230e-01
-4.979686984666169547e-01
-1.467350077799291497e-01
9.986591031659115547e-01
-8.049286125637317157e-01
-6.657656766732779341e-02
-1.549562723054497271e-01
-9.992234413173982643e-01
-4.862098554750079460e-01
1.638908334724671345e-01
-1.249468683051912013e-03
4.377154409371038501e-01
-2.285376545019088546e-01
8.413369105029504524e-01
-1.308573446535426232e-01
-1.775950975268429377e-01
-6.798434367789371047e-01
-5.210437717792875123e-01
-2.403124480443708313e-02
5.152171826934885956e-01
1.000000000000000000e+00
-1.000000000000000000e+00
-1.000000000000000000e+00
-9.626214278315519124e-01
1.000000000000000000e+00
-2.009364334015959486e-01
-6.083412691978974385e-01
-9.460319540902244473e-01
5.714395461361536643e-01
1.631356085607750250e-01
1.000000000000000000e+00
1.000000000000000000e+00
-2.750132606967677362e-01
5.634017724358177798e-02
-3.192436116030044624e-01
1.058657061496667273e-01
-2.739224671629106878e-01
4.983796363264096363e-01
6.747094114764707884e-01
-1.957296031171588679e-01
-2.646854225353306722e-01
-1.000000000000000000e+00
9.250902756575299923e-01
1.690530234628849771e-01
-2.026744109194721921e-01
5.014660520277574030e-01
-1.000000000000000000e+00
7.819516850631006433e-01
-2.103913543835293221e-01
-4.724771997552273395e-01
8.490762226380580424e-01
5.899382544975824150e-01
-4.126387113692483455e-01
-6.006359772357116045e-01
-1.000000000000000000e+00
3.040441075260463810e-01
9.979599014166514737e-01
3.363753073398550453e-01
-3.432364731437347882e-01
-1.761456885833909136e-01
-4.764055361328893845e-01
-4.986738824583097918e-01
5.066089720765790672e-01
2.905681394016865760e-01
6.862601191133325118e-01
-3.804608187427246380e-01
-8.129910779477336202e-01
6.644523581467489670e-01
-1.000000000000000000e+00
1.000000000000000000e+00
7.189652539815082344e-01
6.432231258275358243e-01
-9.921669776858124679e-02
1.000000000000000000e+00
9.532102493858187753e-01
-1.000000000000000000e+00
2.560391754396696973e-01
5.195756305532712310e-02
-5.211467272062338119e-02
2.654394026865644074e-01
1.534598873503134064e-01
-6.721013520143002962e-03
-2.785886456537968181e-01
4.262240901892436901e-02
2.769520320011880088e-01
-1.569505797008021730e-01
-8.290135618873704093e-01
1.532981777726543093e-01
3.856422937177740318e-01
-8.308583143946974836e-01
-7.983351354400387567e-01
6.100590213058228878e-02
-9.885529882634529475e-01
2.864622443992107664e-02
1.892640751973406199e-01
-5.620806317302594612e-01
-9.299232628964062553e-01
-6.455505241356314095e-01
1.464518063347883259e-01
-3.905953222912269540e-01
-1.727309178118388300e-01
-6.726471636403589249e-01
-6.313459162924879298e-01
2.066199500238458941e-01
-1.271668112207535728e-01
-9.990017856240109850e-01
-3.502674587202759815e-01
-2.647797882267542424e-01
-4.336996776392278430e-01
5.367787369794750907e-01
-2.655381028131920673e-01
3.617763850542469739e-01
8.167761018007366758e-01
2.033731000179822557e-02
-7.077877346066558939e-01
-5.802211307239018012e-01
-3.510163131843727635e-01
1.278512446850930684e-01
-4.853686751884627171e-01
-4.942991167362250637e-01
-2.858571026839411000e-01
8.548087362093995667e-01
7.284186687231108959e-01
5.776745345090951167e-01
-1.474988104326167559e-01
1.000000000000000000e+00
4.287402184598496646e-01
-1.686678578919801608e-01
-6.014755510735887434e-01
8.520045942369365299e-01
4.584823982632661998e-01
1.000000000000000000e+00
-5.011802969222787230e-01
3.166904884459769143e-01
4.642006657003768660e-02
8.698774560153292867e-01
2.423698304326090541e-02
8.342252677741998634e-02
1.000000000000000000e+00
3.010680284401062168e-01
1.096803382078406774e-01
-5.833754701895556005e-01
8.319098721646743799e-01
4.943428473571239157e-01
-3.197971574050209043e-01
-5.140444070162449863e-01
4.145017241989664702e-01
-5.922832067594569622e-02
-9.781100136012229607e-01
1.793353573738185602e-01
-3.470973704593983966e-02
-1.398208077149242778e-01
5.469403841171548430e-01
8.404877963491472759e-01
-1.000000000000000000e+00
-4.566667725361013286e-01
7.632533496013252372e-02
-3.581080258026763663e-01
-5.647836657874159005e-01
-1.488842961149020594e-01
1.061455490420012970e-02
2.331958592476038317e-01
4.115241968426736063e-01
7.926374043457368179e-01
