-3.778921242589170504e-01
-8.731429770734877582e-02
7.785627639998609073e-01
2.033043777112708561e-01
1.907018998044542335e-01
-9.580848138694367244e-02
3.865755359543372460e-01
-7.401669288181475514e-02
-1.906743806781078521e-01
-1.000000000000000000e+00
1.000000000000000000e+00
-8.692487172118826821e-01
5.637795776859269026e-01
-1.000000000000000000e+00
6.934700574853028820e-01
3.342972074257903325e-01
4.991988661002227240e-02
-3.742589178624089463e-02
-2.339634985854969762e-01
3.645056841595593067e-01
9.528076355151167132e-01
5.484397774430612715e-01
-5.598404612984118067e-01
4.281669009146217841e-01
8.831817961436605469e-01
1.000000000000000000e+00
1.608561314024925526e-02
1.835346584308945317e-01
-8.308081704820580171e-02
-1.659707402637061180e-01
4.347381491097491724e-01
3.362691049179997171e-01
3.863638214459879094e-01
-6.940179049327416250e-01
-7.814289224937214229e-01
7.503626282772534184e-01
3.936540244200528171e-01
5.974138320716266826e-01
9.145703115091076141e-01
2.808614009352820018e-01
-2.993325927287155408e-01
-3.260057222729495496e-01
-4.146628062708759277e-01
-1.000000000000000000e+00
4.841694084862220304e-01
-1.148560827741236870e-02
9.685211662090260631e-01
1.000000000000000000e+00
7.586777411480750688e-01
-5.946696369825272832e-01
-8.229020784220807405e-01
1.637816179000493033e-01
9.761973968492677622e-01
3.047224503364283632e-01
-1.000000000000000000e+00
8.464294480034703083e-01
1.000000000000000000e+00
-1.025654982944192994e-01
2.662607461688208665e-02
-1.000557267841539755e-02
-1.535188256393881512e-01
-1.000000000000000000e+00
-1.000000000000000000e+00
1.000000000000000000e+00
9.335774627743012033e-01
-2.002290619899999846e-01
1.559581658263739790e-01
-4.851273657171061848e-01
5.817958610706372991e-01
-5.815500276810988689e-01
-1.000000000000000000e+00
-6.357838972157753288e-01
-1.276984138057843388e-01
4.360477146107670787e-01
-4.512402324502226003e-01
-3.367995561305500707e-01
-3.681686835491671667e-02
-3.014994904258911368e-01
1.000000000000000000e+00
1.000000000000000000e+00
1.000000000000000000e+00
-2.806369424773558219e-01
-1.774006470089951049e-01
1.000000000000000000e+00
-9.829064038287669280e-01
-9.998896191318412674e-01
5.706400640621554776e-02
-5.831988963753963473e-01
-8.499018600263033019e-01
9.496371150722719978e-01
1.000000000000000000e+00
8.121830509536569487e-01
7.890064035102579698e-01
3.454291569196448197e-01
-6.747503428363603450e-02
-3.366989139054549912e-02
1.804961695118260101e-01
3.017539789530923611e-01
1.036580501057592918e-01
-1.000000000000000000e+00
8.423334394378907408e-01
1.000000000000000000e+00
-7.900358967299099255e-01
-9.282493183189763908e-01
2.692613737537685736e-01
4.560877174498078057e-01
-6.310538408284305234e-01
-1.265426610164488708e-01
-3.256148450811302553e-01
2.259868300076232628e-01
1.077388836587924170e-01
3.252533291258851156e-01
-3.997732769509338979e-01
4.271944292212438016e-02
5.638125546441303815e-01
-6.286540814642995745e-01
1.786328804550429417e-01
1.464508173687557591e-01
-6.575536995328427059e-01
1.000000000000000000e+00
-5.096977388837292677e-01
-1.000000000000000000e+00
-9.259573608212448015e-01
-3.077545828638533765e-01
-1.000000000000000000e+00
6.801445697365348098e-01
-7.080004199853776603e-01
4.681583393358395018e-01
-6.838818364603882483e-01
1.123301921580073526e-01
1.764662246762682407e-01
6.919250120596116549e-01
8.175268192599930428e-01
4.293230547378732442e-01
-2.937089992329844357e-01
8.042973824946532124e-01
-5.727772708558460657e-01
-5.639931733389389468e-01
9.161529032816759788e-01
3.558114021183685916e-01
1.219937375723124384e-01
2.114873865566892497e-01
-2.099494621451694631e-01
2.625583940889768542e-01
-2.442835423057415356e-01
1.000000000000000000e+00
2.671075336685714285e-01
-8.023105784543830277e-01
-5.860474265051687226e-01
-6.832542646658372743e-01
-4.975959672822811708e-01
6.113745321697384716e-01
3.124915530754188708e-01
3.245583447512032649e-01
5.308740225524644085e-01
-8.769974484885391108e-01
-1.000000000000000000e+00
-4.675832760221838580e-01
-8.658459422128930161e-01
9.524307767351893883e-01
-1.974657971452838112e-01
-7.072596756587674616e-01
-8.512853813040077711e-01
6.573827746816405249e-01
2.244140707103987609e-01
-1.000000000000000000e+00
-2.612300331441849144e-01
1.000000000000000000e+00
4.687652973017313318e-01
-6.795923500392083705e-01
-7.164865449062297609e-01
2.379152707342102602e-02
-2.200824667470208384e-01
8.992333495633996199e-01
-2.938984812891524134e-01
2.858006967372163643e-01
1.420778365656930886e-01
2.338750812753736252e-01
-2.038852973469666985e-01
-1.756896885804092034e-01
3.867880265253258454e-01
1.893360816177356853e-01
8.279040297471214060e-01
-2.385560604057934686e-02
1.000000000000000000e+00
-1.409436798675547109e-01
-3.752379278021664710e-01
-3.403108031448610626e-01
4.320556402431616760e-01
8.996079857696723803e-01
-6.770611774986927678e-01
-1.000000000000000000e+00
6.102147677864667302e-02
-7.087146368325176748e-01
-1.385093114748458254e-01
6.935257987614683595e-01
9.326265447471114856e-01
1.880813983617654617e-01
-2.857698446828287886e-01
-1.000000000000000000e+00
-4.972033142309753573e-01
-9.417434069371308780e-01
9.621304286279042106e-02
-1.000000000000000000e+00
1.000000000000000000e+00
1.000000000000000000e+00
-1.000000000000000000e+00
-6.351888926585778083e-01
4.050507340267295309e-01
-4.817343620732582599e-01
-1.456744388312984639e-01
-1.978580152061049369e-01
3.178721689817974316e-01
7.350546081508861906e-01
-1.877907479887664377e-01
-3.674900979705378323e-01
1.000000000000000000e+00
-3.628797673743696661e-01
7.122323163387896117e-02
-6.944829301523367526e-01
-2.492203250847694618e-01
-5.686899600812624911e-01
1.000000000000000000e+00
-4.824522793598149395e-01
5.503806082614952633e-01
9.758433578962781851e-01
-1.000000000000000000e+00
-9.303190899023378035e-02
-5.796203543822302517e-01
8.956358179909825745e-01
2.918878601669865347e-01
-1.000000000000000000e+00
9.395770273193533306e-01
-3.934949014898238562e-01
-2.630420955782479808e-01
1.822112890688936671e-01
8.450744855834327884e-01
2.174808568795049135e-01
5.181884965897903816e-01
2.277096501342077972e-01
-1.775885847316926169e-01
5.358205783569689462e-01
-4.974254054584957840e-01
8.410124591581589204e-01
-5.323437778101830498e-02
-4.511743615267608254e-01
-5.795500390469002783e-01
1.000000000000000000e+00
-2.498560999178518760e-01
3.592374093853637484e-01
-2.521060362434413005e-02
-7.141419918757361263e-01
-6.287365084026471651e-01
4.481093782212290377e-01
9.595347308922580476e-01
-8.261450313015913371e-01
9.125529640971156153e-01
2.011999194917507838e-01
2.819934146444614265e-01
-1.790148594474877397e-01
4.726188993131084093e-01
-5.074347070416238559e-01
-7.780642785270729389e-01
1.000000000000000000e+00
7.724925751299338561e-01
