-7.144979709609786123e-02
2.371095581072314440e-01
-2.345488095148618168e-01
-1.699509693407624811e-02
-4.548122221302093315e-01
6.336580640025352151e-02
3.721437705625714465e-02
2.120349487724768334e-01
3.074948609349214546e-01
9.538188422167725999e-02
3.820669350333926184e-01
-8.193673381320041305e-01
-3.895275872863164235e-01
8.953156355899779539e-01
-1.000000000000000000e+00
-1.000000000000000000e+00
2.995965716788295818e-01
-7.058219429421559443e-01
-1.000000000000000000e+00
7.910145609921181986e-01
6.114356943935148614e-01
-2.348926541476376306e-01
-3.518068814096863006e-01
7.302005522647639912e-01
4.298184617694901788e-01
-1.902820047925428693e-01
4.256304738713102553e-01
-2.213425327386715213e-01
8.806974074207854497e-02
-4.916879135602453266e-01
7.297578867952922987e-01
-2.533158811930516507e-01
-3.067302429689552218e-02
-5.158846545398775296e-01
-1.000000000000000000e+00
-5.461006451944085960e-01
-2.046982862236493284e-01
2.288674924271738020e-01
8.178439308381898476e-01
-5.546940105550013378e-01
4.609699153820879802e-01
4.817579834549645668e-02
4.227912064469487863e-01
2.045238582241921954e-01
-2.231380945502437763e-01
3.462418673926459523e-01
6.062236837780823340e-01
-6.298021813256993173e-01
4.344739078396265830e-01
-1.238316228895878224e-01
2.858510750966525849e-01
-8.732255276157396828e-01
9.176821009086120196e-01
1.579794119639872998e-02
6.811280736322877782e-01
-1.164387547955976071e-01
8.802188444593977978e-01
-5.638288084153636470e-01
1.107793473093872799e-01
-4.621520841883088870e-01
6.547988494234512347e-01
-1.909802404053838887e-01
7.355456327153557794e-01
1.139318130598132583e-02
6.487570575126601069e-01
-3.895584088429290825e-01
3.863442188771947228e-01
-7.822423570538221682e-01
-2.966645707167598345e-01
2.900227772705865625e-01
8.977244248739603139e-01
9.381326619425157665e-01
8.500558072845978419e-01
-7.235022174735795675e-01
4.141848851292798117e-01
1.000000000000000000e+00
-7.986409874082215365e-01
-6.513244807890761212e-01
-3.675532304183656285e-01
-9.025247213991818285e-01
-5.304227228066480393e-01
-5.228397794755967887e-01
-7.964053302470869289e-02
-3.737148889404612317e-02
6.479980785122813058e-02
9.976095448747117622e-01
-4.247446713797011220e-01
6.115002696442819463e-01
4.339205405938622029e-01
-2.685142082804540808e-01
9.555179759837511000e-01
6.654486816141852445e-01
6.325570667996147645e-01
1.000000000000000000e+00
-1.496137511661198294e-01
3.974249462268585331e-01
4.537198461956736262e-01
4.053412345034389935e-02
9.169010102007369573e-03
-7.945072484301363147e-01
7.647618232767697810e-01
-2.471451813434434319e-01
-1.000000000000000000e+00
-5.627944092640051188e-02
-3.686681011719716849e-02
-1.159244449232006008e-03
2.484369268551474275e-01
-1.000000000000000000e+00
9.412596254599692180e-01
5.996355380079785302e-01
-6.577087168316278487e-02
1.000000000000000000e+00
-1.000000000000000000e+00
1.366247912894520689e-01
1.000000000000000000e+00
3.311781527863653929e-02
1.671195976196254707e-02
-5.171508589442331827e-01
-8.835002573996459940e-01
1.000000000000000000e+00
-1.000000000000000000e+00
5.763251884384823498e-01
3.135549028291175766e-01
8.606604257977126804e-02
2.435011311332492823e-01
1.156274211211497094e-01
-4.599948133386424498e-01
-9.943618074773048487e-01
4.106674797866992355e-02
9.612112834280827078e-01
-6.363116694598909273e-01
6.620845749946132619e-01
6.982616905267722274e-01
-2.014720532223074068e-01
4.701120589058531696e-01
4.925313570453014878e-01
5.324531108680847780e-01
3.478066774214312318e-01
-3.678655947203477439e-01
-1.137029971798865086e-01
6.180853426636753190e-01
5.812319293508952933e-01
1.000000000000000000e+00
-6.685337413018936914e-01
9.256578776428633359e-01
4.152164254705657809e-02
8.551551277362493542e-01
-1.644667489403454363e-01
-8.436598797451790033e-02
-3.400998197311559390e-01
-4.111950889346750460e-01
-1.000000000000000000e+00
-9.490994821076722543e-01
-3.023190157497646635e-01
1.067032155811456218e-01
5.431869301401783812e-01
8.005069593342363510e-02
-5.332816386671526132e-01
-6.940708942906880230e-01
6.095528259096200108e-02
1.000000000000000000e+00
-8.661602995549931572e-03
8.202790101268959688e-01
3.768030874496006155e-01
5.285280357782241589e-01
1.643170042574823020e-01
-1.902801435132956687e-01
1.964702624274927700e-02
8.203061883247227959e-01
5.959127365673843046e-01
2.711669842839366518e-01
-2.033354782666703664e-01
-5.311419014012492834e-01
1.566371009143883442e-01
-6.646351463429203688e-02
-2.264989723443325276e-01
-6.357814341142602188e-02
3.562577510351412347e-01
-2.737011459819242432e-01
1.602724932986457906e-01
1.000000000000000000e+00
-3.250215721152814596e-02
-3.979053062542134422e-01
2.457383369566774334e-01
-9.996825338725613408e-01
-3.333658796049363549e-01
-7.607487910859175306e-01
8.897935747754173175e-01
-4.987801298004161388e-01
-4.867423380145940448e-01
-7.328137906062901497e-01
7.409199514715506529e-01
5.975250306770869546e-01
2.766178403211786430e-01
5.305243265247880924e-01
-7.067896105699940090e-01
-3.044448434459987030e-01
-2.463502156867424242e-01
-5.683662129838489285e-01
3.075408802217610149e-01
-7.385539592933947073e-02
6.751831316953000872e-01
-1.985751370330550714e-01
-3.087616996383283352e-01
1.238942532586259637e-01
2.799924074716318989e-01
-4.643612579242955563e-01
-5.936211548010827954e-01
-4.741186766900391536e-01
1.117011135623861839e-01
-4.607559346875543804e-01
1.620695540615334773e-01
3.905807291688924709e-01
2.526670402924637293e-01
5.275452299685631230e-01
-5.112632511410731828e-01
7.750059670169308079e-01
7.896673311450361776e-01
-8.494490051309899759e-02
-4.789281576442358523e-03
1.851475935042098953e-02
-3.687874746749538746e-01
-4.169774110885969554e-02
-1.000000000000000000e+00
-1.548656002813771360e-01
-2.513625878483053966e-01
-6.373020391672313822e-01
1.979227020293734540e-01
7.166748668135144440e-01
7.716610306288007592e-01
-4.150239685050813865e-01
-8.103552978482960745e-01
6.637245152658924896e-01
5.972247041540752477e-01
9.160052256633737233e-01
-4.512075650325335641e-01
-9.369045667058274462e-01
-2.858391352454779932e-01
9.523293903937578575e-01
5.522743276085230468e-02
8.950524489162681174e-02
-9.777149200829046150e-01
2.316894024606056535e-01
-8.206040415262932930e-01
3.654528452877975897e-01
-3.523881991181165296e-01
8.934467477314829154e-01
4.341675873637133032e-01
7.493142772372870519e-01
4.367586317404164586e-01
-5.294096689190025407e-02
-6.202567498704358862e-01
-3.267111938980290509e-01
-3.938767901993245890e-01
2.178165367345220871e-02
-1.480106351234134476e-01
1.000000000000000000e+00
3.313599913480568815e-01
7.478111509004299329e-01
9.254471392835351695e-01
-7.681367679093175083e-01
8.308123693259181763e-01
3.589727817086921791e-01
8.551538050308898908e-01
6.603082931395714006e-01
