0.000000000000000000e+00
0.000000000000000000e+00
-4.001209775179157546e-01
0.000000000000000000e+00
1.000000000000000000e+00
0.000000000000000000e+00
-3.434545018071653022e-01
0.000000000000000000e+00
0.000000000000000000e+00
2.702178582400485141e-01
0.000000000000000000e+00
-9.063214832141170962e-01
0.000000000000000000e+00
0.000000000000000000e+00
1.000000000000000000e+00
-5.303200233059985891e-01
0.000000000000000000e+00
7.835993874162188177e-01
0.000000000000000000e+00
1.000000000000000000e+00
0.000000000000000000e+00
1.000000000000000000e+00
0.000000000000000000e+00
6.124679600182216799e-01
0.000000000000000000e+00
0.000000000000000000e+00
3.427522373764408936e-01
1.000000000000000000e+00
1.681608340612965602e-01
0.000000000000000000e+00
-2.969150239695694804e-01
0.000000000000000000e+00
0.000000000000000000e+00
7.803548091114842489e-01
0.000000000000000000e+00
0.000000000000000000e+00
0.000000000000000000e+00
0.000000000000000000e+00
1.000000000000000000e+00
-1.043990431539529862e-01
0.000000000000000000e+00
0.000000000000000000e+00
-8.302094978379657153e-01
0.000000000000000000e+00
0.000000000000000000e+00
1.557368320709922038e-01
0.000000000000000000e+00
0.000000000000000000e+00
-2.313795959664854962e-01
5.208593123134996894e-01
0.000000000000000000e+00
0.000000000000000000e+00
1.000000000000000000e+00
6.990227932264176935e-01
0.000000000000000000e+00
9.014123192733745071e-01
0.000000000000000000e+00
7.593763862059217384e-01
0.000000000000000000e+00
7.670331057581887269e-01
-9.050970242387728071e-01
0.000000000000000000e+00
-3.339443205154910554e-01
3.116543767638615403e-01
9.552275112379318145e-01
0.000000000000000000e+00
0.000000000000000000e+00
-1.893815038860122701e-01
-4.415638149298950488e-02
1.000000000000000000e+00
1.483011124585695839e-01
0.000000000000000000e+00
8.051371766548667264e-01
1.000000000000000000e+00
-8.433828550958362147e-01
0.000000000000000000e+00
9.666240522011324554e-01
0.000000000000000000e+00
0.000000000000000000e+00
1.000000000000000000e+00
-6.644318772123793959e-01
5.563756030741517922e-01
0.000000000000000000e+00
-8.300314406589595073e-01
-9.088782912175952244e-01
4.533027033514045456e-01
0.000000000000000000e+00
8.895926186103011446e-01
0.000000000000000000e+00
0.000000000000000000e+00
0.000000000000000000e+00
-7.533040420370020751e-01
2.692152023888871870e-01
-3.006417171573960712e-01
0.000000000000000000e+00
-1.143148873660027043e-01
8.791756317333589976e-01
-7.082767233284836816e-01
0.000000000000000000e+00
0.000000000000000000e+00
0.000000000000000000e+00
1.000000000000000000e+00
2.411074288888011008e-01
0.000000000000000000e+00
8.114680259639261983e-01
0.000000000000000000e+00
0.000000000000000000e+00
0.000000000000000000e+00
0.000000000000000000e+00
7.073302026285039901e-01
-4.662848139345807663e-01
1.364217309992208360e-01
4.709197472409720753e-01
1.896629488098262595e-01
-4.259031301292790506e-01
-9.306405310305279066e-01
-1.282144277089860562e-01
-7.200656720589981852e-01
-3.096813060235443782e-01
6.623921248431816622e-01
-7.590429151334998625e-01
0.000000000000000000e+00
0.000000000000000000e+00
5.567695725396031303e-01
0.000000000000000000e+00
6.414130751712301404e-01
0.000000000000000000e+00
0.000000000000000000e+00
-8.500737478357522914e-01
-9.054450729599459180e-01
-1.933451455212300552e-01
9.285428460985121202e-01
-5.433238075403088452e-01
-3.827673487320968349e-01
-9.830272632548542333e-01
7.482268528096045479e-01
0.000000000000000000e+00
4.961103503064578923e-02
0.000000000000000000e+00
-9.260070018414319204e-01
-2.803547725035162586e-01
-4.736391537484634373e-01
5.971036994785878793e-01
0.000000000000000000e+00
2.312782772368284778e-01
-7.617289330515994994e-01
-3.084049651618014920e-03
-5.779394272937081745e-01
1.181017988055297341e-01
-4.557593385983260692e-01
9.556907624580763816e-01
9.128227475856049988e-01
-6.125244430904486226e-01
-5.071225183563803363e-01
-6.073774669165794560e-01
4.984260529907835746e-01
-9.582775461724608590e-01
-9.709368943061333912e-01
8.639909090302559935e-01
-2.962686173880437757e-01
3.744969500472907775e-01
5.852177720352373935e-01
5.195308861086123109e-02
6.668594327527497256e-01
5.829991977152477745e-01
-1.629900112448765537e-01
4.298697082112319379e-01
8.997794224300941224e-01
0.000000000000000000e+00
-7.180206215989448637e-01
4.698102656726412807e-01
0.000000000000000000e+00
1.000000000000000000e+00
0.000000000000000000e+00
0.000000000000000000e+00
1.000000000000000000e+00
0.000000000000000000e+00
-9.386906635143641431e-01
-8.721124597305784931e-02
1.000000000000000000e+00
2.237369225137866291e-01
0.000000000000000000e+00
0.000000000000000000e+00
0.000000000000000000e+00
-5.821870901429193612e-01
0.000000000000000000e+00
1.000000000000000000e+00
-1.354637686093733695e-01
2.415357520003498237e-01
1.000000000000000000e+00
9.876242044586929225e-01
1.000000000000000000e+00
0.000000000000000000e+00
-9.588386016334564665e-01
5.479654396667563709e-01
6.760781567431017880e-01
7.110773389749371898e-01
0.000000000000000000e+00
7.745681735234355436e-01
0.000000000000000000e+00
0.000000000000000000e+00
8.499105585111077499e-01
0.000000000000000000e+00
1.000000000000000000e+00
7.621169703678432050e-01
5.094327530848010710e-01
0.000000000000000000e+00
-3.865996195231569121e-01
8.302946625466500752e-01
-2.035235249115796563e-01
1.000000000000000000e+00
0.000000000000000000e+00
-7.616440184053794304e-01
0.000000000000000000e+00
-9.037705675613632028e-01
-5.296830981140310257e-01
0.000000000000000000e+00
1.073985181197405492e-01
-4.112717109698900142e-01
0.000000000000000000e+00
-8.968382388474913647e-01
0.000000000000000000e+00
1.000000000000000000e+00
-5.609902007987588313e-02
0.000000000000000000e+00
0.000000000000000000e+00
2.913773607815230982e-01
1.000000000000000000e+00
1.000000000000000000e+00
-1.654702167993102879e-01
0.000000000000000000e+00
6.878466070672721866e-01
1.000000000000000000e+00
1.000000000000000000e+00
-2.419764168286226980e-01
0.000000000000000000e+00
0.000000000000000000e+00
1.000000000000000000e+00
0.000000000000000000e+00
-7.278129195476781277e-01
1.186381279319219662e-01
0.000000000000000000e+00
3.061492236431846425e-01
0.000000000000000000e+00
-7.326541139852675855e-01
0.000000000000000000e+00
7.686952753412144013e-01
0.000000000000000000e+00
0.000000000000000000e+00
0.000000000000000000e+00
0.000000000000000000e+00
-6.284711471104720282e-02
-2.215051716843972063e-01
-2.521935580032670376e-01
-6.463519417523939659e-01
-2.401588919041655057e-01
1.000000000000000000e+00
0.000000000000000000e+00
0.000000000000000000e+00
-3.333543349907341913e-02
0.000000000000000000e+00
0.000000000000000000e+00
-3.664917212009108916e-01
0.000000000000000000e+00
7.119274537269908443e-01
