-7.809941211919462223e-01
8.641366029615034083e-01
-4.473070100078810896e-01
6.376206231457923757e-01
0.000000000000000000e+00
-1.157517202700582004e-01
0.000000000000000000e+00
-5.535680835633449703e-02
3.220484956416711508e-01
0.000000000000000000e+00
-5.516686854034611454e-01
0.000000000000000000e+00
-5.670715985055754249e-01
0.000000000000000000e+00
0.000000000000000000e+00
0.000000000000000000e+00
-2.314837493142756220e-01
0.000000000000000000e+00
0.000000000000000000e+00
8.504689866471111248e-01
3.641682853088368255e-01
-2.277435100802460699e-01
0.000000000000000000e+00
-8.485619498371321789e-02
0.000000000000000000e+00
-9.016617258153729608e-01
0.000000000000000000e+00
0.000000000000000000e+00
-6.624590827270508964e-01
-3.069145971844990939e-01
-9.897970496957937403e-01
1.374079737840079307e-01
5.518602323030563639e-01
4.454157401376792613e-01
-5.647020086636300729e-01
-2.799058848666375887e-01
4.407010588452646704e-01
-2.644846711120447669e-01
-1.095506964487524826e-01
-8.922730610151730080e-01
8.734909880920604941e-01
-8.100830295556018523e-01
-1.748883333962720776e-01
-2.903790678643682899e-01
-5.221541622049978848e-01
1.949376112299396890e-01
0.000000000000000000e+00
4.894685304222168298e-01
0.000000000000000000e+00
4.709862456802629271e-01
9.203754575609792710e-01
3.588850571060495653e-01
-9.110126074539937058e-02
4.241438714350584949e-01
0.000000000000000000e+00
1.094654533580632361e-01
3.158712587447876086e-01
5.750842018196355987e-02
-9.113648035643919787e-01
1.216886925194147206e-01
1.864218901189209632e-01
-3.302929102895668656e-01
3.523415070696953588e-01
0.000000000000000000e+00
9.155046347910062998e-01
-2.209213542416552656e-01
-5.733605424513354976e-02
-8.018787823833828377e-02
-5.474135750592938887e-01
0.000000000000000000e+00
3.109237566170222067e-01
2.743188151212245796e-01
2.754709906854526658e-01
1.000000000000000000e+00
0.000000000000000000e+00
0.000000000000000000e+00
0.000000000000000000e+00
-4.934760571891083636e-02
-5.222471123913230429e-02
1.000000000000000000e+00
6.722089595172286991e-02
-9.316738185233144343e-01
0.000000000000000000e+00
-2.874915443297778594e-01
-5.136779202761427854e-01
7.504576000118046153e-02
8.810227333682179029e-01
9.762342450897598667e-02
0.000000000000000000e+00
5.103494538422439497e-01
0.000000000000000000e+00
5.029629238231381194e-01
-5.345608948870150812e-01
2.823796496578629966e-01
0.000000000000000000e+00
6.535271469037926551e-01
-4.453138715469420195e-01
-8.625270761667371833e-01
-9.186545718809064898e-01
0.000000000000000000e+00
8.010709789539465220e-01
5.134505879908970449e-01
-4.606172779402668560e-01
-4.839285024680324288e-01
1.980417755638299582e-01
-9.315820397556753285e-01
8.469614510432781351e-01
0.000000000000000000e+00
-3.564875225884476251e-01
1.716592539475074730e-01
6.367466237578063293e-01
0.000000000000000000e+00
-9.640729088488935172e-01
-6.133710444142961293e-01
5.036175880436344343e-01
0.000000000000000000e+00
8.394029424495375036e-01
-9.323609730159005959e-01
3.315623678660870599e-01
1.000000000000000000e+00
2.597506014860211376e-01
0.000000000000000000e+00
0.000000000000000000e+00
0.000000000000000000e+00
-2.199247438573550539e-01
0.000000000000000000e+00
0.000000000000000000e+00
6.964012656459677153e-01
7.319858517613060389e-01
3.947329981876375182e-01
-3.685063163395523311e-01
-1.053988050308807267e-02
-5.227216611574414529e-02
5.761089606556610843e-01
1.068587934404845452e-01
3.941084932879606040e-01
0.000000000000000000e+00
2.617034868233854006e-01
-7.874024724172281609e-01
0.000000000000000000e+00
1.500293156459635568e-01
-3.604473408822066460e-01
0.000000000000000000e+00
2.244648280828855924e-01
0.000000000000000000e+00
1.058903412028446844e-01
6.637280657997850497e-01
6.395467330979041076e-01
0.000000000000000000e+00
0.000000000000000000e+00
5.421155677343021395e-01
0.000000000000000000e+00
1.901440328265668889e-01
-5.768989838735403275e-01
1.000000000000000000e+00
0.000000000000000000e+00
5.675310788963445763e-01
4.527163600465424764e-01
6.343292559393933772e-01
-1.935624867263099347e-01
-2.714023510828522667e-02
0.000000000000000000e+00
-6.690967059325880761e-02
-3.652943794404013289e-01
-5.754770850118759995e-01
0.000000000000000000e+00
2.077250398022871813e-01
4.323880160114768056e-01
-7.660373679133332114e-01
2.291777571103088551e-01
1.000000000000000000e+00
-3.887159872956336137e-02
3.763380286376032391e-01
-9.905539515383725568e-01
7.682096914368108376e-01
7.603322888934571644e-01
-9.374627341160650662e-01
1.000000000000000000e+00
6.466934771346599664e-01
7.543675611272302461e-01
8.262949122983513917e-01
3.414791314467280348e-01
4.356453057108093940e-01
8.209616373283024071e-01
0.000000000000000000e+00
-1.226478099170515978e-01
0.000000000000000000e+00
-9.391060212592510226e-01
0.000000000000000000e+00
-8.312669670119388066e-02
2.884773206131097112e-01
6.065039718307443373e-01
0.000000000000000000e+00
5.105459412654491658e-01
-1.170227506105907533e-01
0.000000000000000000e+00
-1.311783114998541500e-01
-7.342271976725607274e-01
-7.926576611556346297e-01
0.000000000000000000e+00
1.689322265142176871e-01
0.000000000000000000e+00
9.123550668028861388e-01
0.000000000000000000e+00
6.385317357613993217e-01
4.367759607010306411e-01
-1.342342358977641759e-01
-1.554536469624050454e-01
-9.870600098707875691e-01
2.016443965627148227e-01
-6.066642794885883649e-01
8.397525391458242616e-01
0.000000000000000000e+00
0.000000000000000000e+00
-7.390905434580068434e-01
0.000000000000000000e+00
0.000000000000000000e+00
5.786575090719510150e-01
-5.387563820757161892e-01
0.000000000000000000e+00
-2.512447938559039251e-01
-6.791585199029468445e-01
0.000000000000000000e+00
-2.946362646184041978e-01
-8.605779448165200574e-01
-7.228696991285084028e-01
-8.682313253812419251e-01
1.000000000000000000e+00
-3.825994770567457959e-01
2.484158217218643827e-01
-8.233842703417184605e-01
-9.662236044771319587e-01
0.000000000000000000e+00
0.000000000000000000e+00
-6.997865593482979207e-01
0.000000000000000000e+00
0.000000000000000000e+00
-1.192439584628433025e-01
6.941323197329074546e-01
0.000000000000000000e+00
5.508608073978349395e-02
1.825110352816408099e-01
6.217707144376922734e-01
9.210086258828940053e-01
-2.071874418197141576e-01
7.228752732645469248e-01
0.000000000000000000e+00
-1.750660594618276278e-01
6.654571001298865696e-01
1.724112475570471759e-03
-8.863337299998821361e-01
-8.437450503708798788e-01
6.670821968264679658e-01
0.000000000000000000e+00
-2.963383489873898657e-01
-1.042578297964964484e-01
0.000000000000000000e+00
6.981448251613673328e-01
-9.757039884688776255e-01
5.161655646277578668e-01
-1.289246400638397461e-01
2.211951349075478301e-01
3.558373342041203369e-01
-6.866394305906564632e-01
3.125217930657313570e-01
