-1.353545483976565933e-01
8.467512307101809910e-02
1.125467998407070347e-01
-5.687777383445711266e-01
0.000000000000000000e+00
6.260496195583249435e-01
1.938009951484762627e-01
7.923621278100223542e-01
0.000000000000000000e+00
8.261134539122116927e-01
4.697626973250781379e-01
-1.330002146526232387e-01
7.526239690771123758e-01
-3.686485148033191717e-01
-4.028292783909372954e-01
0.000000000000000000e+00
-1.235980085824697206e-01
1.030153494055174868e-02
-5.212103584042382387e-02
-8.782227948190748368e-01
0.000000000000000000e+00
0.000000000000000000e+00
5.256979562292181107e-01
5.375897018533493110e-02
-6.651848404969584738e-01
9.072339627402701279e-01
6.584884035791742640e-01
1.899910855791924202e-01
3.524875497431210203e-01
8.402252656462889657e-01
-4.066805831424322726e-01
5.294718612346172026e-01
7.169589131302291918e-01
-4.197354315407975101e-02
-1.758320796195333990e-02
1.832495679019090495e-01
1.491354931221655633e-03
-4.308481010913769449e-01
9.070700205463366750e-02
-9.234909685489731679e-01
3.265074767548559187e-01
4.133709856444229835e-01
1.513799897864851474e-01
-2.361754149104762224e-01
-7.811000238635192883e-01
-7.611317533998531726e-01
4.629998990131851677e-01
4.565132546341761355e-01
-6.836152478720232128e-01
2.391496760203548622e-01
-5.749022801084733292e-01
9.866170545025296779e-01
-6.287734020757838049e-01
-2.731552766158271695e-01
-4.700069817598584443e-02
9.151375361364177952e-01
-4.660256462676743983e-01
2.633199071082015230e-02
8.535157122084773285e-01
9.262115288882737385e-01
8.918268341978734526e-01
-9.054211857344016678e-01
4.661269050534615488e-01
4.467322994034084171e-01
9.673789722201624475e-01
1.290123482937834964e-01
-9.068037583106802746e-01
-2.402422802406383173e-01
4.346919234926991393e-01
1.541195034062221580e-01
-8.749892814667878937e-01
-9.481453336850476088e-01
2.958435521462061679e-01
1.054217865865993975e-01
8.919556822963485843e-01
-4.239045348617962450e-01
9.454879355998513368e-02
-1.397537053561335174e-01
-3.458586706969508651e-01
-1.941511175050896210e-01
-8.720214375381381000e-01
-2.424263887063942136e-01
1.324978665644611642e-01
6.794668079244603476e-02
8.659697487887125789e-01
-2.686576141546177521e-01
-5.472739799609585010e-01
4.191525758488774400e-01
7.618982224108372669e-02
5.051915420643222632e-01
6.450514172598795781e-01
-7.762489139914239278e-01
8.775372988263430152e-01
7.060762352038603140e-01
-3.532535048672116318e-01
-2.972450677371825112e-01
7.030003614034585624e-01
2.588586919358186744e-01
7.201866065768116609e-01
9.959532808804587578e-01
-7.626621334838050714e-01
1.026952094647921587e-01
-4.677349406734763182e-01
-3.209140477333920494e-01
-7.036807648598080167e-01
6.474311475595024845e-01
-6.227899638225287138e-01
6.874972057501136380e-01
4.017747020188717766e-01
-8.248982331345806607e-01
-4.953589094077663901e-01
4.719012050973716565e-01
5.290640015281478092e-02
-1.691987956913074687e-01
5.249621085354554406e-01
-8.879297767628819837e-01
5.808613865543750254e-01
9.604592143770238621e-01
-9.603741333918547340e-02
-7.261592088491957142e-01
-4.080890487390436139e-01
5.034303129237998053e-01
4.130881285152510074e-02
3.360657334252139528e-01
-8.383183490508714364e-01
4.212298369045210933e-01
-3.423593669645397242e-02
-8.538908956634405634e-01
4.504948600112474999e-01
-1.839526529711590364e-01
-7.973157932503878165e-01
-9.824467797816063275e-01
1.838116826227096379e-01
4.959274885355680063e-02
-5.689172902566257406e-01
7.709333855584885598e-01
5.426035997828346780e-01
5.882258126533845832e-02
-5.995902188778137187e-01
-8.763381726533792104e-01
1.440883114771354112e-01
-5.177496835419552745e-01
-6.064125903019395025e-01
-4.256242356519244208e-01
-9.910935857060469978e-01
-9.773811838387234108e-01
6.288502599619956168e-01
-6.353301851455761540e-01
7.786172401372462026e-01
-7.476888723677486137e-01
-3.227243977056069024e-01
7.838841519619585974e-01
-9.856771319667421150e-01
2.426863776000423023e-01
4.601747129673225967e-01
-5.662501247112150526e-01
6.886115835672315111e-01
-3.378018762885048876e-01
4.516983222565329470e-02
8.118011233674757854e-01
-2.483900799907756696e-01
-9.842411130743440317e-01
-4.611844652673102729e-01
8.017848332917876242e-02
-9.068368593967364166e-01
-6.860628773066594910e-01
4.184937400414838748e-01
2.356751430209940157e-01
6.238124249049001868e-01
8.313487863588402416e-01
-7.979718374646511680e-01
6.482748575812913305e-01
-4.492412916248245125e-04
4.306957813145066982e-01
-3.303284603680982645e-01
-4.767139459602809382e-02
-2.628820051265634561e-02
-7.839151703354756417e-01
6.153594343019006541e-01
-4.073337709796738260e-01
-7.194606839700168344e-02
9.400271638084538584e-01
1.110008834682612022e-01
-7.004781571976059773e-02
3.411767228366897609e-01
9.805253128811104446e-01
-7.540784352185996298e-01
-9.515834253485806471e-01
-4.533240888647132039e-01
-2.216719981699855069e-02
6.804055769332828518e-02
6.340955962766487986e-01
6.289218739786057721e-01
2.784140011536260229e-01
8.849154868075903568e-01
6.296752211290697065e-01
-5.270669037772712784e-01
-6.160766153505936593e-01
-2.030719620183067953e-01
-8.555342028992753978e-01
-7.115547794612739896e-01
-8.200151360655927313e-01
7.800302482917200741e-01
5.286663053967655124e-01
4.790816393968593268e-01
2.567794124265043720e-02
4.908295575549899148e-01
4.708155295603393409e-01
-8.075993508388159547e-01
-9.177659221397149736e-02
-1.479614804166484721e-01
-4.591657550314072189e-01
-3.400729773397428435e-01
-8.476896650640519670e-01
-5.144955475958494784e-01
-2.800710446712624258e-01
9.479424212036007269e-01
-6.435462068802610958e-01
-2.584474613685854294e-01
-8.864655802606189461e-01
-3.609674798188127198e-01
4.914880936103831477e-01
9.827486256919586438e-01
8.153426493514821516e-01
-6.131271382189737995e-01
1.838098395225338244e-01
-9.104625243851396377e-01
7.792002736851837419e-01
4.975871304810368656e-01
4.071626723721726293e-01
7.771889009425092532e-01
7.623910340223283288e-01
-6.405483599247829840e-01
3.453655237299817493e-01
8.434098958987201744e-01
-7.598793832688064409e-01
-3.896734674563897549e-01
5.354936023166345649e-02
2.601741235891510406e-01
6.146357726942304200e-01
-6.541945902401737900e-01
6.965552353046151612e-01
3.693824002822996277e-01
-3.059649395462571420e-01
5.488589859965786744e-02
-7.475152723395501742e-01
5.943674813992023687e-01
9.479768273736841611e-01
1.199758560030035337e-01
-3.514321033091953872e-01
-7.433914079873762404e-01
-6.368599706215150036e-01
-9.190952057592758351e-01
4.366323955691226999e-01
7.032781054177825730e-01
-7.352386554325907042e-03
-1.710859520633796205e-01
0.000000000000000000e+00
2.985009616945457633e-01
3.353690680000454005e-01
-9.003115209254413109e-01
-6.683053786434089982e-01
-1.422699026952711776e-01
0.000000000000000000e+00
-7.666992864789816675e-01
