-8.611615096593301377e-01
1.799019060654079016e-01
-6.742240146955698066e-01
5.367602783701030944e-01
-5.175987533987418399e-01
-4.034083414773277365e-01
8.412506958508341182e-01
1.103045352194054196e-02
-9.016434106465318621e-01
-2.948257371156091100e-01
2.018539375038335137e-01
-1.381899341152179606e-01
-8.032683958896869036e-02
-4.814331763393862040e-01
-4.993161491017377163e-01
4.869902822479099669e-02
-7.284762373804154478e-03
-6.384640351407238068e-01
-1.449626030498447626e-01
2.314677453768361204e-01
-4.857984728685815767e-02
-6.478189574419395136e-01
-8.094380153745135420e-01
6.892540599099470366e-01
8.989342915495490693e-01
-1.924324840552293914e-01
9.700638193823720723e-01
-8.860728307695011630e-01
-2.479974828964490730e-01
-1.407085137863186564e-01
2.581525933685124841e-02
3.110477652343774935e-01
-8.907325078857650791e-01
-1.339541687394183445e-01
-5.726173840501025403e-02
-7.085755424095518951e-01
-5.458240372725642331e-01
-3.115055284081780229e-01
1.102177663477299507e-01
-7.822811314985864684e-01
7.338678981667008383e-01
-3.125004821602497262e-01
-5.413986154478667157e-01
-9.319537131623283344e-01
4.998559841084744271e-01
6.500358982009739606e-01
-7.334677364503932040e-01
-3.542496126786003341e-01
1.025279197942470244e-01
6.795954965337287490e-01
-9.793067426629613603e-01
-1.859060743167673113e-01
7.806009828936379957e-01
9.951234714402181769e-01
-3.321363808893385006e-02
-6.736975790875536774e-01
-5.954129061899189335e-01
-4.520347685870633736e-01
2.908715448827470240e-01
7.315536274801299754e-01
-6.359013749488815481e-01
-2.250831872996410521e-01
8.143105230612859291e-01
-1.407489234122476507e-01
5.292652306461167466e-01
-9.133249760814248219e-01
3.771304519946960809e-01
-5.190887835215898249e-01
-1.514812601535133751e-01
2.079676660808709165e-01
-9.993314447342787066e-01
4.242068835393555393e-01
2.496909475622763885e-01
6.567095837339076425e-01
9.554597634197796729e-01
-4.916621430443437468e-01
4.813938064669862626e-01
1.779302125161046355e-01
6.356469366174053448e-01
-7.265948128894899050e-01
6.509688315656612101e-01
3.526017865899593318e-01
-9.101009710607228520e-01
8.144706908780892096e-01
-9.124372748064639715e-01
-9.071225990010014506e-01
5.385563083278170904e-01
-3.108351136372795587e-01
7.682352408118853226e-02
6.738231198041846337e-01
6.347146606732601004e-01
4.523640484970812281e-01
1.950154588235120112e-01
-8.083909712267489667e-01
-4.983299107889627155e-01
4.594613752100680237e-01
5.847476962379329901e-01
-2.231019916842382766e-01
3.771518488121146095e-01
-2.129813289791966380e-01
4.330392360273194186e-01
8.042239916531235266e-01
-6.616358857931206039e-01
-9.979657743019407778e-01
-8.353696492336899482e-01
-9.689790097880890407e-01
3.521949604003375978e-01
-6.308280017683047802e-01
-8.547931241685504666e-01
1.795853281660833023e-01
3.918673406006827342e-01
-8.578511885551183269e-01
8.718625070211225569e-01
2.464901530032883592e-01
-9.044007147420756176e-01
-3.987987827462344814e-01
-1.480973518668149413e-01
3.969584974013906642e-01
-1.500208089191008565e-01
4.584730657616320482e-01
2.989997922584348711e-01
-6.140169596596654067e-01
-1.646196491657725414e-01
6.521456680110360171e-01
1.170846602548851756e-01
7.509514184631871370e-01
4.978660250255018127e-02
-3.074338429000154083e-01
-4.256787581503971296e-01
4.293368949349456454e-01
-6.384713164783653028e-01
8.405181957693426131e-01
1.718853418268511124e-01
-4.962816388027406767e-01
4.028324050603286910e-01
3.956892092502459768e-01
9.215149314991011309e-02
1.229563373270752269e-01
-4.530039736825792751e-01
-2.752133616978358344e-01
8.512680270699852780e-01
1.621466851560635636e-01
-3.700289023620930706e-01
4.294911258582239100e-01
-2.177425618315567135e-01
6.618444423520171149e-01
-7.582724998958734197e-02
7.026114878612672587e-01
9.691439106473391796e-01
9.311602701660459669e-01
8.691159902720351216e-01
2.363029366719509028e-01
8.822906428568351167e-01
3.517561162569369237e-01
-3.878385421734378280e-01
9.711730973578509563e-01
-1.061166613947079895e-01
-3.321062878174334543e-01
6.982156816196194438e-01
5.106828529843847608e-01
5.754555087386736822e-01
-3.899151730263215043e-01
6.487403049136006850e-01
-5.172900983935633246e-01
-3.578164519753153083e-01
6.650582092744399265e-01
9.588518887297476923e-01
-6.896463194967250576e-01
7.789174351180956357e-01
6.776962657999714423e-01
4.052807786193786121e-01
3.778632280243476860e-01
3.325087346523774023e-01
8.900656446516241882e-01
6.940364012636839330e-01
7.815412407834443353e-01
6.742555884202241501e-01
-9.958182682002059138e-01
-8.473850919956242844e-01
-4.008488446886493417e-01
3.199629944397437420e-01
-9.996827588474797022e-01
5.677624600502726437e-01
7.787051115081311536e-01
6.930106903483745917e-02
-3.794873927801645230e-02
-3.752924278617177922e-01
-3.585491272232304016e-01
2.175357402063728962e-01
-4.042492381593818518e-01
2.026994499095109425e-01
-9.576871771036263858e-01
-4.983814972433742163e-02
-6.557116881197888603e-01
-6.181673645418994667e-02
6.964710693109021911e-01
-1.883756283709536739e-01
-9.881324820444128409e-01
8.514847351078740356e-01
-4.577560933266231480e-01
-1.700693802669512866e-01
-1.477635560655792268e-01
1.376357539479582393e-01
-8.016131467144622658e-01
-5.022417178254687808e-01
1.914315262494621361e-01
-7.178563086309024399e-01
-5.966615022107391031e-01
9.605252502314447494e-01
1.082357569022629473e-01
-3.706174797011971833e-01
1.148400918026661888e-01
-8.391326675835821813e-01
9.003302222751980999e-01
5.777503219970803183e-01
2.688059025835924931e-01
2.321114927574092768e-01
7.571763093110872589e-02
5.133593424179929698e-01
4.036975822158586080e-01
-5.518042739111361783e-01
-5.021836112148487796e-01
4.742166940406478126e-02
6.182499847210181088e-01
-1.301160587858256612e-01
-8.512768359192566248e-01
3.544918790658664332e-01
5.617421903445813935e-01
6.015872757349369770e-01
-5.775385923177163150e-01
5.346731052744690960e-01
8.056325154290260304e-01
1.129643125233630307e-01
7.130498354886458667e-01
3.722574266691893730e-01
-7.563744571535022665e-01
5.707014241655006259e-02
7.959470608663312685e-01
-8.737922182049153719e-01
-6.791741728489268937e-01
-7.711304192810097824e-02
-1.462792146468749888e-01
-8.122944161746927794e-01
-9.343386536693245592e-01
7.929002383827894462e-01
1.877196489458354822e-01
-4.308719792774819979e-01
-7.177368909646597572e-01
2.267209023574774385e-01
8.602674674513943742e-01
-2.692077126000325116e-01
-5.882140242800326657e-01
-2.276447070357932034e-01
7.686075253441289057e-01
9.270201105903730365e-01
-2.082068491717585790e-01
-1.246936011353327878e-02
1.637149242383209025e-01
-5.328010677577119658e-01
-3.483501543917664200e-01
-1.797159292507914952e-01
-7.398801771839980113e-02
7.772582204917442006e-01
-2.753283065398568485e-01
-7.978166866583344952e-01
