9.320624679904931931e-01
4.830930183303012160e-01
1.240425587475653540e-01
-4.206417006855406870e-01
6.122437143765221412e-01
-1.564752592482736016e-01
-4.857409861646950211e-01
-2.010053193416214412e-01
-2.294805230084921155e-01
3.126882931480009509e-01
-9.483415876961350799e-01
-7.252279067873543816e-01
-2.216914704428943339e-01
5.953571773028571990e-01
1.000000000000000000e+00
-6.994325033927647484e-01
-5.316380627097544442e-01
-4.592041730043530667e-01
-7.404434472993939309e-01
6.702285838194717016e-01
8.894878755314500340e-02
-6.950970394436770672e-01
9.947689763588150047e-01
3.751609160115538799e-01
7.494664793011177606e-01
-5.734085979043382908e-01
-8.880521855510843388e-01
-1.982700784695980156e-01
6.754271766362742735e-01
-6.930192582703728066e-01
-9.256650312028195104e-01
1.000000000000000000e+00
-8.313069520124489742e-01
-5.526601696968775901e-01
4.883210554591191910e-01
1.000000000000000000e+00
-1.465896503183384270e-01
-8.788333412459237159e-02
-1.063605379220254610e-01
2.989955671275061344e-01
3.400978817074283844e-01
8.190957987303134624e-01
-4.321002971604461784e-01
-1.000000000000000000e+00
5.567738706492441070e-01
-6.406396369574295369e-01
3.158120257925810526e-01
6.802670206924145146e-01
3.092796503724954404e-01
-7.914035994357659920e-01
5.787685860649174341e-01
-3.692068035490398414e-01
6.493753997269832157e-01
-5.612408256282118701e-01
-6.079075054142009105e-01
1.985685459996538171e-01
9.694998416013400622e-01
4.109465702691273425e-01
-1.508417906307788214e-01
-5.765393864882288888e-01
-7.333102630036830716e-01
-1.637902284182502222e-01
1.000000000000000000e+00
-5.289721331222629885e-01
2.283650138570345045e-01
1.000000000000000000e+00
1.000000000000000000e+00
-1.739193974615662330e-01
-1.000000000000000000e+00
8.140172535270734366e-02
7.893873682636206590e-01
9.377077822742577728e-01
8.837710476288718198e-01
-3.678352375929034301e-01
-4.499868461903828720e-01
4.747541743819228555e-01
7.842988215298616339e-01
7.148309249554564149e-01
3.030510134295101299e-01
2.050963175669704985e-01
1.402113488649694428e-01
-6.848362614440104412e-01
-3.841333854593415031e-01
-5.650676055157947131e-01
3.204400432121471409e-01
-1.000000000000000000e+00
-6.237212109490919421e-01
3.380024914633122934e-01
-4.807981152125611612e-01
-8.829260220826984362e-01
-2.857050864836377380e-01
-1.000000000000000000e+00
5.420535598093767504e-01
2.153451440609983891e-01
-1.000000000000000000e+00
-2.741365991427990867e-01
4.595097674648032093e-01
-5.727767569850915619e-01
3.904499309804304041e-01
-1.035275788228127436e-01
3.188653309925581492e-01
7.988199778318149091e-01
-1.000000000000000000e+00
-6.801178889613243017e-01
1.000000000000000000e+00
-7.853884528478385918e-02
-4.552249210199714458e-02
6.716577223164443833e-01
1.000000000000000000e+00
6.840030278488347104e-01
-3.586721803962992783e-01
9.041166836666816309e-01
-1.638362906797445340e-01
-1.763342949098820056e-02
-2.283355273635009342e-01
2.063080362975986959e-01
9.558129851087405759e-01
-1.000000000000000000e+00
-1.000000000000000000e+00
-1.000000000000000000e+00
3.571991881361479271e-01
-1.727385146485639622e-01
3.234054047737971449e-01
-5.783711051204754039e-01
-4.277536123969761239e-01
6.823761484501777996e-01
8.568208171933663353e-01
4.544546674884960002e-01
-1.000000000000000000e+00
8.935491576547742731e-01
5.039871556118220575e-01
-5.480630089341484990e-01
8.943965975992633766e-01
-2.978716246418484648e-01
-8.396550654957304349e-01
7.727635163841095611e-01
2.650633476520526388e-01
-2.681997828165816333e-01
-1.000000000000000000e+00
-1.000000000000000000e+00
2.196444318086027692e-01
8.940642956299348354e-01
1.448131690291235563e-01
2.701456364963723544e-01
-4.052656689083376784e-02
-7.155969102157704320e-01
9.176850365617937599e-02
4.704328168417462042e-01
-2.244469367073470556e-01
-7.826148653478455508e-02
-2.860965129973259136e-01
-1.000000000000000000e+00
-1.036093197994591569e-01
2.336517912905917288e-02
-5.167327964150019159e-01
-1.000000000000000000e+00
8.827590370977178580e-01
-7.064827409254059720e-01
-1.230877497660274877e-01
-1.116218286634498569e-01
3.183106658462718785e-01
1.000000000000000000e+00
5.206898556939729694e-01
-9.429678045488847360e-01
6.162610455551156274e-01
-8.769115096992458058e-01
8.232747520236003425e-01
-4.716353497386139848e-01
1.313301984959100444e-02
1.781755962822610395e-01
2.584299570128772983e-01
-5.317804791927691621e-01
6.367123134068451984e-01
1.000000000000000000e+00
9.165068964782908667e-01
-9.791966753980390070e-01
1.000000000000000000e+00
9.297840004061264096e-01
1.352718960714605900e-01
-1.000000000000000000e+00
-9.874390154107001716e-02
8.701826098635290219e-03
6.847779384035126427e-01
-9.436382514226260287e-01
-3.115070211631968192e-03
-2.704067190242732677e-01
5.757371701516063034e-01
9.093186661164343043e-01
-1.000000000000000000e+00
5.359258756570280946e-01
2.870636960618118128e-01
-3.663250523797039748e-01
1.764318165795181886e-02
-7.550366499317228142e-01
1.125357448523452986e-01
-6.174732649849650201e-01
9.165762145669347216e-01
-5.936669333368950197e-01
-5.086263292242878403e-02
-2.869422050567781435e-01
-5.552856387516080794e-01
-9.331921988932447010e-02
-9.694072910852350455e-01
-8.065879331523614360e-01
4.918388102330952805e-01
-8.037407782946406343e-01
-1.000000000000000000e+00
-2.157151476138642610e-01
3.852422740105566068e-01
1.666625382717022430e-01
-3.615169409377085308e-01
-2.277963907440180291e-01
2.395174952168359905e-01
6.699165203929321466e-01
5.916124910665547798e-01
5.036158531143384298e-01
-9.685762212400358395e-01
8.109492157624509368e-01
5.505190018123847784e-01
-3.313661200890376524e-01
-1.000000000000000000e+00
9.649237315577741114e-01
-5.146975072432847798e-01
-3.316985560124556809e-01
9.932759001021636003e-01
-2.481977844694971125e-01
3.937396617829019840e-02
-6.324280699709965425e-01
-7.290555722761350443e-01
7.019964673373458863e-01
5.058073658312773890e-01
2.547251420093645802e-01
-1.000000000000000000e+00
-4.161887745557993346e-01
1.000000000000000000e+00
-9.962161829184581485e-01
6.627139193588225119e-01
6.716755969434178297e-01
-3.118125125863776548e-01
-1.000000000000000000e+00
4.770868912555259467e-01
-1.000000000000000000e+00
1.402738109322101967e-02
6.092836049957569555e-01
-1.042871760581012830e-01
-6.856626109292649485e-01
-6.435464375618631383e-01
-1.382789546835788697e-01
1.000000000000000000e+00
4.825828960700452308e-01
-3.882548657393236624e-03
-1.535826635405163620e-01
8.006861777137342928e-01
4.404931573139622136e-01
4.976722853634508170e-01
-4.362034107015206885e-01
8.331025359758045257e-01
-1.678329200976548807e-01
8.015982336180391132e-02
1.000000000000000000e+00
1.407682302747012559e-01
1.886300744398736184e-01
-4.822581656207743789e-02
9.156222124744343160e-01
-1.000000000000000000e+00
