5.661941828732588444e-01
-1.000000000000000000e+00
-4.291458569623500807e-01
1.738756041013366782e-01
5.805451478045502434e-01
-3.529376565697501800e-01
6.932720239892484759e-01
-4.186514281771039903e-01
-7.362511301696549326e-01
8.951530991246062774e-01
1.555486471543904570e-01
-8.557764424514222590e-01
2.496788400063442159e-01
-9.997423750463272363e-01
-5.170213275016611876e-01
-2.884905550678396394e-02
-5.136400111962954318e-01
-9.656934946990461954e-01
1.447764528191697597e-01
9.471924798410249480e-01
-1.000000000000000000e+00
-2.289016503225295429e-01
-6.202558297491038708e-01
-1.045857899971290722e-01
2.446367929331417709e-02
-6.033358307497773687e-01
-9.860789779130774146e-01
-1.891938905848638552e-01
-3.961317800384330234e-01
3.708273598577591090e-01
2.195016038898892630e-01
-1.997426260728629444e-01
-1.962436114014496913e-01
1.403914678035620422e-01
8.176236709685838489e-02
-3.990628222289575866e-02
-1.444705669134349613e-02
9.503874768184767952e-01
-1.125384157787185646e-01
1.000000000000000000e+00
1.482637201804162252e-01
9.955821019021683371e-01
-1.067631799326609898e-01
-2.324115581060209879e-01
6.830915695741699434e-01
-8.889490652018802175e-01
-7.461806142095878114e-03
3.672990867219373956e-01
6.355644853959255269e-02
1.355472457126048746e-01
-4.503043789407056852e-01
8.954390683489749092e-02
2.491019787429219617e-02
-6.994627366311876315e-01
-1.521888445602040570e-02
-5.528852513703891303e-01
1.000000000000000000e+00
-6.761553398044073404e-02
-2.996602133908941590e-01
9.927647818606684105e-01
5.440213352710248085e-01
-6.914941681054060929e-01
-6.275768217669908111e-01
1.000000000000000000e+00
-4.150666184937745751e-01
1.783208505362769702e-01
1.906992325004790434e-01
-8.157067623290815694e-01
-6.616675853227651505e-01
-2.431952962653431694e-02
-1.000000000000000000e+00
-7.441884943551481391e-02
-6.590351206205011803e-01
-9.464479835320436241e-01
3.564899554776198576e-01
5.018982843415265016e-01
3.308796504612997458e-01
-7.384615375026094830e-02
-7.339536437716487338e-01
-4.436027449370408271e-01
4.440460196370832335e-01
3.676521239909142508e-02
-7.048538257761588488e-01
1.000000000000000000e+00
1.426742477885807048e-01
-1.000000000000000000e+00
3.398297729230426167e-01
-6.554635178843477572e-01
-9.473589818329277712e-01
3.896751000021712041e-01
-8.896303102203092505e-01
1.082386697080507804e-01
3.598808728676504698e-01
-1.186945665156932672e-01
-5.724811675779927223e-01
-2.738538128331579058e-01
-1.505822030830623603e-01
2.004366111849250898e-01
2.262212595285985894e-01
-2.124702594854165905e-01
2.219276929895056538e-01
-6.063163431257332370e-01
-3.743063819113660040e-01
8.856801897037004379e-01
4.385495162986766116e-01
-1.557885574194680517e-02
-9.090119257812921960e-01
9.077692860706016997e-01
-6.557727119616930667e-01
-8.175783387295553206e-01
-3.788188115525346900e-02
1.084636148685420992e-01
6.549977248385189244e-01
7.273760665463981923e-01
2.493435128890190977e-01
-3.460238624636385874e-01
-9.535207930011629918e-01
-2.016436258948766866e-02
5.900890586033591401e-01
-8.817852498172185083e-02
-4.412084196315354534e-01
-8.264524507346615589e-01
6.421876781819160773e-02
-7.472307357380926218e-01
-2.595123413206150143e-01
5.130245127502239821e-01
3.266126717387103362e-01
2.153207075272585702e-01
-3.672435528062070187e-01
-5.732777843167369269e-01
-6.469614325736607052e-02
-4.090118576656184279e-01
-1.603983531125401374e-01
3.455723360945130856e-02
-6.056592973866147256e-01
5.618766200886795431e-02
1.552695788809635435e-01
9.471806537246085789e-01
3.219872675786280558e-01
4.559424462681082035e-01
5.064596634781733941e-01
2.664165725485706515e-01
-1.000000000000000000e+00
1.000000000000000000e+00
-3.625519358255034630e-02
-9.602897089305718614e-01
-1.000000000000000000e+00
-1.144461347439625770e-02
5.070831438947723258e-02
4.356637726262153620e-01
5.898560423211234305e-01
-7.509964723695352617e-01
-1.000000000000000000e+00
1.000000000000000000e+00
-1.000000000000000000e+00
-6.875880810361450698e-04
1.960812665340791461e-01
6.405964427837774755e-01
3.381059821373263441e-01
-1.330740855561558800e-01
1.447614772862186941e-02
-2.341733642967429030e-01
2.118884733008069843e-01
-7.811565650722356313e-01
-3.598764425777876141e-01
9.472438923570825065e-02
2.848264870537956517e-01
6.743386923315608517e-01
-5.360623741141239407e-01
-1.740982282690352323e-01
1.869383844582555854e-01
4.211073685361552688e-01
6.974129734326519614e-01
-3.125804291061018980e-01
7.106203254751670695e-01
-1.715701637079549424e-01
-3.324454979052173659e-03
3.192216408802750482e-01
6.316291290596752761e-01
3.599704276118644297e-01
2.921864880798886229e-03
-1.000000000000000000e+00
1.000000000000000000e+00
1.000000000000000000e+00
-1.000000000000000000e+00
6.748038204686286345e-01
2.774817192156091017e-01
2.610731437355377493e-01
-5.504597873189325252e-01
-1.000000000000000000e+00
1.578311689906120863e-01
5.818780628157562695e-01
1.000000000000000000e+00
4.760673739808558569e-01
2.198899880180794353e-01
1.000000000000000000e+00
1.475085867773607076e-02
-4.307024351785491804e-03
2.167427999455179555e-01
4.556458694622096406e-01
6.449783940872787502e-01
-1.000000000000000000e+00
2.864728200958143942e-02
2.723394486983245488e-01
-9.595748785789717239e-01
-1.000000000000000000e+00
1.000000000000000000e+00
-2.815566569610413739e-01
-1.955698720079354636e-01
-5.999764893092802698e-01
-8.559069165626664866e-01
9.270392981135029409e-01
9.512761096101221003e-01
9.760898953198726691e-01
8.363022350466539079e-01
-4.268302195208438232e-01
6.625679185981526720e-01
-5.993481607032087322e-01
7.411127394428417281e-01
9.923562198290936109e-01
-9.964246320052566608e-01
-6.378741286886506767e-01
7.847064168494832792e-01
-1.024946199356666643e-01
8.732541976955101592e-01
-4.857194782905096542e-01
-9.363768450372900176e-01
-2.188272895507477611e-01
8.180840364376555929e-01
-2.236803916599465758e-01
-9.928716481422705797e-01
-2.322778596712468668e-01
4.816295216204467822e-02
6.976442207248316763e-01
6.359291451439943454e-01
-4.198633423531873410e-01
-1.720297561378447138e-01
-2.266101342904320859e-01
-1.100994143804580883e-01
2.461342073266783448e-01
-7.991959555017899564e-02
-1.374826365533462769e-01
4.860153757774043903e-01
1.934882492717244357e-02
3.065156536211681160e-01
-3.354458514664449553e-01
-1.000000000000000000e+00
8.872775118804271388e-01
-2.551445240695993100e-01
1.000000000000000000e+00
-2.373436167187030488e-01
-2.739007899975719473e-01
6.672657856509258689e-01
-2.956053326003266202e-01
3.583753265946326705e-01
5.712936799905008467e-01
3.900044544440418592e-01
-3.401502837417874625e-02
-7.306390587102186418e-02
-7.789724998751206275e-01
3.072878388317878406e-01
-3.863955227505543322e-01
3.777578112948731109e-02
-2.686305812335758325e-02
1.524107362199919047e-01
