5.421996585128403545e-01
-1.000000000000000000e+00
-4.179259566078624144e-01
2.070241567117281078e-01
1.000000000000000000e+00
-2.993970165720211130e-01
6.149380881945621935e-01
-4.016263262720234928e-01
-7.359403698850224274e-01
1.000000000000000000e+00
2.308417005621565543e-01
-8.556023724233092764e-01
2.471546817936791096e-01
-1.000000000000000000e+00
-4.780967065563277441e-01
-3.064077942540317789e-02
-5.258937366206761777e-01
-9.707502337423261629e-01
1.470107121380704318e-01
1.000000000000000000e+00
-1.000000000000000000e+00
-2.261571171997774909e-01
-6.421537268117970543e-01
-1.107871462300181048e-01
8.479612545900595821e-02
-5.987381573239271004e-01
-9.771577450543698085e-01
-1.438899307633745295e-01
-3.921928610730852638e-01
3.739955765468133131e-01
1.713274983282748742e-01
-1.839966409033453043e-01
-9.794472628218778287e-02
2.781864778132974725e-01
4.747188764557652707e-02
-1.637012719703498931e-01
2.569774764825717706e-02
9.492756043709735803e-01
-1.197344005755637819e-01
1.000000000000000000e+00
1.551385698717077932e-01
1.000000000000000000e+00
-1.217409319896565617e-01
-2.576937353394850860e-01
9.716394148887080862e-01
-1.000000000000000000e+00
-6.076933194782720843e-03
3.290179797581177512e-01
7.418635870336004468e-02
1.016774695194283956e-01
-4.756679629777669782e-01
1.271873026328257938e-01
4.753323994833460325e-02
-7.041567365432779280e-01
4.327869462541684975e-02
-5.432225703713600140e-01
1.000000000000000000e+00
-4.189151611950969051e-02
-2.326766364315802083e-01
1.000000000000000000e+00
5.440301944621273034e-01
-7.011403007462962966e-01
-6.195307978509875246e-01
1.000000000000000000e+00
-1.217020907384227801e-01
1.006436467869357421e-01
-1.142469721748219924e-01
-8.161086599550064768e-01
-6.753230369341239880e-01
-5.881181228106695247e-02
-1.000000000000000000e+00
-7.174997057388572685e-02
-2.797880296532273547e-01
-7.296462518489222893e-01
5.638020622302060136e-01
5.252138627656453007e-01
3.391960846369270755e-01
-5.851247530261885488e-02
-7.454668707461408195e-01
-4.041453551573663816e-01
3.618500232680836315e-01
3.091139450615190132e-01
-8.631455304137641837e-02
1.000000000000000000e+00
1.536103876543697955e-01
-1.000000000000000000e+00
7.267967259814353542e-02
-6.619065621773712049e-01
-8.918085441879126662e-01
3.876943899659315296e-01
-8.863850054071428231e-01
1.022035080501911553e-01
5.504116398479421690e-01
-3.075381485810348425e-01
-6.551597682594788585e-01
-4.163541111744222256e-01
-1.492831867540529434e-01
2.805117426454838969e-01
2.657485228300639490e-01
-1.000000000000000000e+00
1.865339232011337667e-01
-6.021364396958323040e-01
-5.878557624181238728e-01
9.148338693311406367e-01
3.676008142885187624e-01
-1.010938114817430677e-02
-3.159062301721840549e-01
8.648157471212948311e-01
-6.627480916107495457e-01
-8.161178438443097427e-01
-2.547417791092375650e-01
1.076536195518634359e-01
6.553981311502028451e-01
7.351581496685626327e-01
2.507904783731410014e-01
-3.400966407906486633e-01
-1.000000000000000000e+00
-1.528984895776978881e-02
6.260829580696490870e-01
-7.094856666527827871e-01
-4.403462147667950854e-01
-8.154732903092904994e-01
-1.139690033910501915e-01
-5.358223457862087979e-01
-1.299927537099824781e-01
4.998549828375126181e-01
3.236543270123023452e-01
1.439772760293803744e-01
-3.816401830461663147e-01
-5.549776295839075058e-01
-7.349359074014505389e-02
-1.387954601431446444e-01
-4.627673857608568392e-02
1.621006908828789492e-03
-5.403266359931905294e-01
5.586178511854392875e-02
1.796871361266368927e-01
9.628442317492998948e-01
3.191204381492164788e-01
4.552856455562521165e-01
5.411540676493920010e-01
2.778447715333444701e-01
-1.000000000000000000e+00
1.000000000000000000e+00
1.082627579421018352e-02
-9.642224401560383074e-01
-1.000000000000000000e+00
8.394141263216488291e-02
4.628982854960195237e-02
4.005422449589337575e-01
5.793143876686328575e-01
-7.375324563819984913e-01
-1.000000000000000000e+00
1.000000000000000000e+00
-1.000000000000000000e+00
2.255930703342907961e-03
2.064256842406141657e-01
4.942664828260805998e-01
5.184353473452179006e-01
6.730406835950436539e-02
1.497927593305692015e-02
-2.013357538016168902e-01
2.255071989877451832e-01
-7.834993391808545704e-01
-3.284614618912668482e-01
1.236583152170346034e-01
2.609534657119395029e-01
6.649463535318783647e-01
-5.610258064761969310e-01
-1.899885210216664400e-01
4.074988287756602101e-02
4.189503184448903350e-01
7.397795365400061662e-01
-3.106753830482211765e-01
5.292147631055010848e-01
-1.942888137699167739e-01
4.600481402717186696e-02
2.840027192040066595e-01
6.361577219206067113e-01
3.452238324067495867e-01
1.194818777848076150e-02
-1.000000000000000000e+00
-1.998541172340244643e-01
1.000000000000000000e+00
-1.000000000000000000e+00
6.068034291061281671e-01
1.698476455961699383e-01
1.594133568897235786e-01
-5.902286026347084436e-01
-1.000000000000000000e+00
1.658187083652880311e-01
5.831721790724310184e-01
1.000000000000000000e+00
3.505124875851785005e-01
1.056510324872192430e-01
1.000000000000000000e+00
1.303503695495637944e-02
-4.215893266895531788e-03
2.160905359005082238e-01
4.538340551426341407e-01
5.694816801944664331e-01
-1.000000000000000000e+00
3.017628673565678210e-02
2.790572009330871683e-01
-1.000000000000000000e+00
-1.000000000000000000e+00
1.000000000000000000e+00
-2.742091728274524409e-01
-2.057920135725702926e-01
-5.811770024849525207e-01
-9.579972997982227900e-01
7.554031151498392660e-01
9.480699496288439443e-01
9.768741956510108571e-01
8.073655974499538424e-01
-4.244452486253988965e-01
1.000000000000000000e+00
-7.283568123757853119e-01
4.352302354566174869e-01
1.000000000000000000e+00
-9.879560755944590822e-01
-6.453788693022910472e-01
1.000000000000000000e+00
-2.888442495251651865e-01
8.645482446751806549e-01
-5.024614968420395567e-01
-9.115006722063148104e-01
-1.462007412439824683e-01
8.191699133412059242e-01
-3.882771511470631265e-02
-1.000000000000000000e+00
-2.307789569940205676e-01
-5.155312445413715583e-01
6.823091794818907374e-01
5.927236726846745185e-01
-4.331453649150676100e-01
-1.819848661095452291e-01
1.176745494989863833e-01
1.314083010175655375e-02
3.697249761007721791e-02
-5.792279035707956214e-02
-1.501586912399929252e-01
5.143196759204837765e-01
-9.022845157796474669e-02
9.391116550415307129e-01
-3.390456205878006890e-01
-1.000000000000000000e+00
8.858714410251345983e-01
-2.001582082079191305e-01
9.846675463690840457e-01
-2.387876984052988427e-01
-2.654402529372514308e-01
6.848188138005008030e-01
-3.174628855321491860e-01
3.562864673975724705e-01
5.846219745808757251e-01
1.761527991026576589e-01
-3.242287772650184752e-02
-1.269973040729981406e-01
-7.428913930302893931e-01
3.140745573245182776e-01
-4.055813997589037545e-02
1.090380702053735384e-01
7.333620701469067971e-02
1.934641748196804234e-01
