0.000000000000000000e+00
-4.487343376569845610e-01
0.000000000000000000e+00
0.000000000000000000e+00
0.000000000000000000e+00
-5.648003109181121140e-01
-5.374448871754240464e-01
4.801501542122446065e-01
-3.126650613420700608e-02
-5.818969416106867243e-02
2.653036239507491345e-01
6.631610295794125864e-01
4.172245915582810660e-01
0.000000000000000000e+00
8.538598687867713366e-01
0.000000000000000000e+00
-4.025674035690747221e-01
9.924046614690196222e-01
-9.431586583412165936e-01
1.725015227821782293e-01
-7.494574829771836200e-01
4.754501364915471040e-01
2.336619407582074537e-02
0.000000000000000000e+00
-8.112204829030655873e-02
-3.193743709149470256e-01
7.980135004523822850e-01
7.992296852089644243e-01
7.627879285114926855e-01
-5.493947840735284860e-01
-4.791463210095463499e-01
1.122697869652549141e-01
5.790167872420111106e-01
0.000000000000000000e+00
8.858451646255343093e-01
7.590654066389987964e-01
0.000000000000000000e+00
0.000000000000000000e+00
4.047232393045163690e-04
3.553885568937051875e-01
0.000000000000000000e+00
-3.489588833679102553e-01
5.586592605475226847e-02
6.417136421826428183e-01
-4.151725802116514874e-01
0.000000000000000000e+00
-3.114030978922546211e-01
8.421861765585763049e-01
0.000000000000000000e+00
5.829292606573601709e-01
7.370651760623725401e-01
-3.203411710165591231e-01
7.031856755787884161e-01
4.053708980356236502e-01
3.394339704718738471e-01
7.012617745353211252e-01
6.982681918197488624e-01
6.862088154084695635e-01
-4.597687796420195649e-01
5.886243484381465940e-01
7.194398580930931875e-01
-8.017647452585570100e-01
5.473323772812939136e-01
2.194873811740587488e-01
-6.083955590200567087e-01
-3.011025108402325401e-01
-7.498370053106540034e-02
-2.219804898084598577e-02
-7.930624235422227830e-01
-1.595410610723970724e-01
2.204809708062593909e-01
3.899368890449068648e-01
-9.280357927635742854e-01
-6.521509392936319927e-02
3.642809661413979327e-01
0.000000000000000000e+00
0.000000000000000000e+00
0.000000000000000000e+00
8.189577936275413972e-01
-6.804232948736634867e-01
-1.366851976015752701e-01
7.410926709577820848e-01
7.339559080134243629e-01
7.287348409345593137e-01
0.000000000000000000e+00
-4.956900118660063637e-01
2.706058784686682372e-02
7.445350791587745931e-01
5.926862740747957936e-01
2.736094098115278150e-01
-6.236698927572716933e-01
8.637822021934724592e-01
-1.094563210940566744e-01
1.383310971665623335e-01
0.000000000000000000e+00
8.625304354665714879e-01
0.000000000000000000e+00
7.732323882876088739e-01
1.901096054502953159e-01
-8.037735612829055576e-02
-9.067680313384574031e-01
4.427230972339035731e-01
3.757212222787302824e-01
-1.798355766530712607e-02
3.601465719467114024e-01
2.992528361390804914e-01
5.398517095170185520e-02
2.951301114703572814e-01
-2.472136099312733926e-01
6.589498448133344066e-01
5.663344287234950425e-01
0.000000000000000000e+00
1.641791567602099988e-01
-4.192002931871561255e-01
9.349792391559592630e-01
1.605971584318097722e-01
-7.546375507762821400e-01
0.000000000000000000e+00
-5.475269643121845053e-01
2.634540187413714207e-03
-1.040242078844813012e-01
8.788886881921298411e-02
4.919162798227318945e-01
1.143628993833598617e-01
8.179435784897246542e-01
9.382355650335747477e-01
-4.664163190606305243e-01
8.089674283334591376e-01
4.075271394156418925e-01
-7.136115205020332475e-02
-2.738195379256729289e-01
8.610218258835458105e-01
-6.390591755611318980e-02
-2.066439092302616576e-01
-1.606022491640528571e-01
-3.044068627569012087e-01
-9.180747552775248010e-01
-6.128122253856520540e-01
5.674775250290535755e-01
-1.405464691589008996e-01
-9.424302018669767911e-01
4.623285865049187038e-02
7.562020356012151279e-01
1.764559587979614985e-01
-3.197666243405297148e-01
4.418139491709025535e-01
3.428357805593140739e-01
4.625871145142652630e-01
8.045101980762885407e-01
-1.399029631160031428e-01
-6.073720321274602707e-01
-4.043774208848260887e-01
2.130417952948344684e-01
-2.543281150979430638e-01
5.238550992127626316e-01
-8.935899854527116215e-01
-1.940531799107374500e-01
8.023506321982776246e-01
-1.630850337200604461e-01
6.550486461463895793e-01
1.827212538028253341e-01
8.990393503766209715e-01
2.946873933999489825e-01
-5.483122356071585823e-01
-1.860893903494249546e-01
7.487583365934025181e-03
-3.477906421951315608e-01
-5.341046972083896005e-01
0.000000000000000000e+00
3.165858264984526826e-01
-1.231962035763558561e-01
-5.908476755913723011e-01
8.305856912804965297e-02
5.580523332747218124e-01
5.562730521727714539e-01
4.302403102712490934e-01
0.000000000000000000e+00
-4.434371306117521616e-01
0.000000000000000000e+00
4.910287656706553427e-01
0.000000000000000000e+00
-4.321473804029472010e-01
9.311754116918098401e-01
1.904368788191805884e-01
-9.052547196133733376e-01
0.000000000000000000e+00
8.497171309927473715e-01
0.000000000000000000e+00
-4.074031025013749030e-01
6.098018382253507230e-01
5.773555003963117827e-01
4.616014010249713806e-02
-4.256884355714445345e-01
-8.250138320039925866e-01
9.940157388096086954e-01
0.000000000000000000e+00
7.339979060893073726e-01
-7.217615635751999381e-01
4.244075415790693473e-01
0.000000000000000000e+00
-2.930511548222130003e-01
0.000000000000000000e+00
2.730109990809634901e-01
-3.854442955220593880e-01
9.139854452253426409e-02
0.000000000000000000e+00
1.030578018865169199e-02
5.292730879161964275e-01
8.605515008570974178e-01
7.015529362403698510e-01
-8.773290377739328960e-03
2.999288955623442554e-01
-4.132630172264770696e-01
7.328516217947496081e-01
-8.272731060233657896e-01
9.225833510821157546e-02
-5.399754411098574014e-01
-2.008364461678193713e-01
0.000000000000000000e+00
0.000000000000000000e+00
0.000000000000000000e+00
2.912446092223046623e-01
9.189914379075236894e-04
7.821480585042086542e-01
0.000000000000000000e+00
-6.890836739238066500e-01
5.925975412024606648e-01
1.842713584969875029e-01
2.764819781530349907e-01
5.625470674036847640e-01
5.843867935480395737e-02
6.480973216496130895e-01
6.702841326759525487e-01
-7.321828051062186926e-01
3.044252940282623499e-01
5.162501883784691437e-01
-5.351543546376138494e-01
-1.800845699403528233e-01
-2.896961150507295635e-01
2.440369872223262515e-01
-3.410743486535599001e-01
1.464352252474907523e-01
-4.146180968786870036e-01
-6.407483986862416714e-01
7.376938919706621522e-01
0.000000000000000000e+00
5.953992132596055420e-01
-3.058926539789850185e-01
6.066231704345557141e-01
0.000000000000000000e+00
8.463217257275368333e-01
0.000000000000000000e+00
-4.352315743571140150e-01
6.578057518840187967e-01
2.576947150593349445e-01
-4.772496998705211269e-01
0.000000000000000000e+00
3.589165739274082778e-01
1.652456977305074570e-01
-2.056729092372584500e-01
-4.065786035784986208e-01
-3.042684221777749443e-01
0.000000000000000000e+00
-3.328882483894817224e-01
7.481612118068208250e-01
