0.000000000000000000e+00
-2.072107151822892845e-01
7.952952485073312427e-01
6.257395033764958647e-01
-5.959739089251800959e-01
4.493737334874783329e-01
-1.669618614922516731e-01
9.286095269266019248e-01
1.292489134464172018e-01
-7.485214680489764572e-01
7.006514658019959985e-01
-1.391460920799361123e-01
-5.434511608272536431e-01
-9.478928989310952957e-02
8.758375562611926402e-01
3.293397845577141769e-01
0.000000000000000000e+00
-7.061468872875371616e-01
-5.231282818173708105e-01
-1.799621662018635604e-01
-8.597695078595113394e-01
0.000000000000000000e+00
0.000000000000000000e+00
-1.495770103522329197e-01
0.000000000000000000e+00
1.910243940169749077e-01
0.000000000000000000e+00
0.000000000000000000e+00
-6.847972341384500616e-01
6.977968797488653951e-01
5.746253944249315460e-01
-3.129784531319859120e-01
0.000000000000000000e+00
-7.780860959297992707e-01
1.092578352327524538e-01
4.973791809755157001e-01
-6.083377977990316321e-01
4.967825427802530225e-01
0.000000000000000000e+00
-5.663067433785622384e-01
-7.339334971834756693e-01
9.170615134410147196e-01
7.387933163055548924e-01
1.309782690249077231e-01
0.000000000000000000e+00
0.000000000000000000e+00
9.383044649269085546e-01
-6.032614578352146761e-01
3.153509997663304087e-01
4.522682245519593636e-01
4.718729080445160928e-01
2.856371634362657730e-01
-7.635893090293104368e-01
7.293813682191079284e-01
6.614928865564204674e-01
-9.033611185895431550e-01
-1.457047690446202637e-01
9.520514379138311778e-01
-3.939986469055378748e-02
-2.134652783624739758e-01
3.839015686171154407e-01
4.872347774690179989e-01
4.856423779912275585e-01
8.251434690989272180e-01
-9.617831372741976192e-01
0.000000000000000000e+00
9.636857583543270156e-01
4.622066520671521683e-01
8.324099726110145703e-02
0.000000000000000000e+00
-9.801298558842297393e-01
-9.352564345847820260e-01
4.663661960902025783e-01
-5.619306972456592497e-01
-9.090918192371422180e-02
3.491981873772853628e-01
9.130791412117935657e-01
0.000000000000000000e+00
-9.446428987628563423e-01
2.122864645080209112e-01
0.000000000000000000e+00
0.000000000000000000e+00
6.406277095247026043e-01
0.000000000000000000e+00
4.873145529453462022e-01
8.382841701629515363e-01
4.460786448388016634e-01
0.000000000000000000e+00
4.353444118625438009e-01
7.909184632868768716e-01
6.058104921684550614e-01
-9.310852667805806782e-01
5.197943042203716502e-01
-2.622740537239054426e-01
3.810726531114760895e-01
-1.365626049229544670e-01
7.376579923804933436e-01
0.000000000000000000e+00
0.000000000000000000e+00
-9.445500961755151081e-01
0.000000000000000000e+00
0.000000000000000000e+00
4.284678964363726195e-01
-4.819453903290134011e-01
5.592257446825894540e-01
0.000000000000000000e+00
0.000000000000000000e+00
9.873233329658348545e-01
-4.521747010062031613e-01
6.064713490391995254e-01
6.568798085983593715e-01
0.000000000000000000e+00
3.349592020215594879e-01
-4.632511874147988706e-01
-8.423912941682498712e-01
2.330288549182604196e-01
5.774275760482749931e-02
3.248544088583096290e-01
-9.209394645932584833e-01
9.080657030611365421e-01
1.448114384309242553e-01
-1.319583876170049574e-01
-4.244908453389761860e-02
-7.141431356530330010e-01
3.083421496369602721e-01
-1.188771697143473638e-01
-8.444497252433864620e-01
-9.470731099810463238e-01
1.281336367135668119e-01
0.000000000000000000e+00
3.721504725279474179e-01
1.996167486049489348e-01
-2.264048023635045759e-01
-5.697246950472447669e-01
-1.019521749853793402e-01
0.000000000000000000e+00
0.000000000000000000e+00
-2.341870369096197280e-01
8.591088192764826381e-01
2.712856749691938685e-01
-1.051113633201390396e-01
4.759871268172213288e-01
2.613867200985517947e-01
-6.435753973308242504e-01
0.000000000000000000e+00
2.181236373795569783e-01
0.000000000000000000e+00
2.824400481539888208e-01
6.225017582767431445e-01
3.379712275534019206e-01
-6.292685976568952455e-01
2.916758151324894133e-01
-5.355735039452023116e-01
6.596964999237497906e-02
-9.417723569445377585e-01
1.081881460696201280e-01
-3.195659920448346014e-02
0.000000000000000000e+00
-7.914126024840246743e-01
9.214789870506252534e-01
0.000000000000000000e+00
0.000000000000000000e+00
-4.092846875904778692e-01
9.007919579125027720e-01
-9.152862729160506916e-01
-6.155586692039034524e-01
-4.767840864162256054e-01
1.651104864219985480e-01
9.538044596931480879e-01
-2.321722000414538911e-02
5.341198949177017319e-02
-8.010257840430257126e-02
-7.694507353935065019e-01
4.656910070167457061e-01
2.183731791811172052e-01
4.709950547260555176e-02
-3.335020876959131630e-01
-7.415749673154430344e-01
9.805009638892003832e-01
-9.168180259310396707e-01
8.139504019691341519e-01
-8.915476400799153822e-01
-9.850748440999645972e-02
2.464682315966120196e-01
-4.734742078564753154e-01
-3.269386546501065194e-01
1.177973257460038781e-01
-4.612726959189592524e-01
5.861751227617153504e-01
-2.678144748496358307e-01
-1.784682609179719659e-01
-9.012269159153765141e-01
-5.944693240179725890e-01
1.084656203110103689e-01
6.286129031330598416e-01
-9.855889232449999149e-02
-7.783880909715183982e-01
6.009205407655753284e-01
3.617737931868976187e-01
6.022816379810711496e-01
-4.403473286706940382e-01
-8.146179955164714048e-01
3.219593444495889578e-01
2.886854470664865779e-01
-5.530730647755799367e-02
-3.918161887041011759e-01
2.574413450789634350e-01
6.898745090728148899e-01
-4.694600427262702880e-01
3.922405491503448971e-01
-8.494644350610822681e-01
-4.736196520127866627e-01
-5.519124318352841563e-02
2.722210498808270707e-01
6.607940388112298891e-01
9.262526907574757384e-01
-3.372897866335706762e-01
4.081079245640599762e-01
-4.654638154855639254e-01
-1.570924174692864828e-01
-1.752442865943926176e-01
-4.795126068259778496e-01
4.698982616966815851e-01
-6.840154559120161792e-01
1.829421489124336553e-01
5.349694624920551256e-01
0.000000000000000000e+00
2.478394626225493003e-01
9.173655483467468841e-01
-2.653895833410380156e-02
0.000000000000000000e+00
8.606801685374931843e-02
-7.705512454776373144e-01
-9.722191178888472951e-01
5.606283292205780366e-01
-6.456781530246824552e-02
2.790220538209746692e-01
3.614367131162647961e-01
0.000000000000000000e+00
-6.017633383006915082e-02
2.934541728748010225e-01
0.000000000000000000e+00
-8.369301751034794457e-01
-1.261623514673595459e-01
-2.930745817968267719e-01
-7.340270062073259716e-01
1.090035901614996305e-01
-9.556881622056023762e-01
8.509895536192710885e-01
0.000000000000000000e+00
-1.149224486427651293e-01
1.933928307322334561e-01
-8.383239842258825014e-01
9.067947507265465834e-01
-7.915950349316569490e-01
3.723913390707311866e-01
8.339354757221626446e-01
0.000000000000000000e+00
-8.818617476562811142e-01
-9.111823795226001721e-01
-1.115417439811376976e-01
1.605441527613711283e-01
7.402181651288410880e-01
0.000000000000000000e+00
-7.718887515594090587e-01
